23.61651 23.61651 23.61651 23.61651 23.61651
23.61651 23.61651 23.61651 23.61651 23.61651
23.61651 23.61651 23.61651 23.61651 23.61651
23.61651 23.61651 23.61651 23.61651 23.61651
23.61651 23.61651 23.61651 23.61651 23.61651
23.61651 23.61651 23.61651 23.61651 23.61651
23.61651 23.61651 23.61651 23.61651 23.61651
23.61651 23.61651 23.61651 23.61651 23.61651
23.61651 23.61651 23.61651 23.61651 23.61651
23.61651 23.61651 23.61651 23.61651 23.61651
23.61651 23.61651 23.61651 23.61651 23.61651
23.61651 23.61651 23.61651 23.61651 23.61651
23.61651 23.61651 23.61651 23.61651 23.61651
23.61651 23.61651 23.61651 23.61651 23.61651
23.61651 23.61651 23.61651 23.61651 23.61651
23.61651 23.61651 23.61651 23.61651 23.61651
23.61651 23.61651 23.61651 23.61651 23.61651
23.61651 23.61651 23.61651 23.61651 23.61651
23.61651 23.61651 23.61651 23.61651 23.61651
23.61651 23.61651 23.61651 23.61651 23.61651
23.55438 23.55438 23.55438 23.55438 23.55438
23.55438 23.55438 23.55438 23.55438 23.55438
23.55438 23.55438 23.55438 23.55438 23.55438
23.55438 23.55438 23.55438 23.55438 23.55438
23.55438 23.55438 23.55438 23.55438 23.55438
23.55438 23.55438 23.55438 23.55438 23.55438
23.55438 23.55438 23.55438 23.55438 23.55438
23.55438 23.55438 23.55438 23.55438 23.55438
23.55438 23.55438 23.55438 23.55438 23.55438
23.55438 23.55438 23.55438 23.55438 23.55438
23.55438 23.55438 23.55438 23.55438 23.55438
23.55438 23.55438 23.55438 23.55438 23.55438
23.55438 23.55438 23.55438 23.55438 23.55438
23.55438 23.55438 23.55438 23.55438 23.55438
23.55438 23.55438 23.55438 23.55438 23.55438
23.55438 23.55438 23.55438 23.55438 23.55438
23.55438 23.55438 23.55438 23.55438 23.55438
23.55438 23.55438 23.55438 23.55438 23.55438
23.55438 23.55438 23.55438 23.55438 23.55438
23.55438 23.55438 23.55438 23.55438 23.55438
23.49224 23.49224 23.49224 23.49224 23.49224
23.49224 23.49224 23.49224 23.49224 23.49224
23.49224 23.49224 23.49224 23.49224 23.49224
23.49224 23.49224 23.49224 23.49224 23.49224
23.49224 23.49224 23.49224 23.49224 23.49224
23.49224 23.49224 23.49224 23.49224 23.49224
23.49224 23.49224 23.49224 23.49224 23.49224
23.49224 23.49224 23.49224 23.49224 23.49224
23.49224 23.49224 23.49224 23.49224 23.49224
23.49224 23.49224 23.49224 23.49224 23.49224
23.49224 23.49224 23.49224 23.49224 23.49224
23.49224 23.49224 23.49224 23.49224 23.49224
23.49224 23.49224 23.49224 23.49224 23.49224
23.49224 23.49224 23.49224 23.49224 23.49224
23.49224 23.49224 23.49224 23.49224 23.49224
23.49224 23.49224 23.49224 23.49224 23.49224
23.49224 23.49224 23.49224 23.49224 23.49224
23.49224 23.49224 23.49224 23.49224 23.49224
23.49224 23.49224 23.49224 23.49224 23.49224
23.49224 23.49224 23.49224 23.49224 23.49224
23.4301 23.4301 23.4301 23.4301 23.4301
23.4301 23.4301 23.4301 23.4301 23.4301
23.4301 23.4301 23.4301 23.4301 23.4301
23.4301 23.4301 23.4301 23.4301 23.4301
23.4301 23.4301 23.4301 23.4301 23.4301
23.4301 23.4301 23.4301 23.4301 23.4301
23.4301 23.4301 23.4301 23.4301 23.4301
23.4301 23.4301 23.4301 23.4301 23.4301
23.4301 23.4301 23.4301 23.4301 23.4301
23.4301 23.4301 23.4301 23.4301 23.4301
23.4301 23.4301 23.4301 23.4301 23.4301
23.4301 23.4301 23.4301 23.4301 23.4301
23.4301 23.4301 23.4301 23.4301 23.4301
23.4301 23.4301 23.4301 23.4301 23.4301
23.4301 23.4301 23.4301 23.4301 23.4301
23.4301 23.4301 23.4301 23.4301 23.4301
23.4301 23.4301 23.4301 23.4301 23.4301
23.4301 23.4301 23.4301 23.4301 23.4301
23.4301 23.4301 23.4301 23.4301 23.4301
23.4301 23.4301 23.4301 23.4301 23.4301
23.36796 23.36796 23.36796 23.36796 23.36796
23.36796 23.36796 23.36796 23.36796 23.36796
23.36796 23.36796 23.36796 23.36796 23.36796
23.36796 23.36796 23.36796 23.36796 23.36796
23.36796 23.36796 23.36796 23.36796 23.36796
23.36796 23.36796 23.36796 23.36796 23.36796
23.36796 23.36796 23.36796 23.36796 23.36796
23.36796 23.36796 23.36796 23.36796 23.36796
23.36796 23.36796 23.36796 23.36796 23.36796
23.36796 23.36796 23.36796 23.36796 23.36796
23.36796 23.36796 23.36796 23.36796 23.36796
23.36796 23.36796 23.36796 23.36796 23.36796
23.36796 23.36796 23.36796 23.36796 23.36796
23.36796 23.36796 23.36796 23.36796 23.36796
23.36796 23.36796 23.36796 23.36796 23.36796
23.36796 23.36796 23.36796 23.36796 23.36796
23.36796 23.36796 23.36796 23.36796 23.36796
23.36796 23.36796 23.36796 23.36796 23.36796
23.36796 23.36796 23.36796 23.36796 23.36796
23.36796 23.36796 23.36796 23.36796 23.36796
23.30583 23.30583 23.30583 23.30583 23.30583
23.30583 23.30583 23.30583 23.30583 23.30583
23.30583 23.30583 23.30583 23.30583 23.30583
23.30583 23.30583 23.30583 23.30583 23.30583
23.30583 23.30583 23.30583 23.30583 23.30583
23.30583 23.30583 23.30583 23.30583 23.30583
23.30583 23.30583 23.30583 23.30583 23.30583
23.30583 23.30583 23.30583 23.30583 23.30583
23.30583 23.30583 23.30583 23.30583 23.30583
23.30583 23.30583 23.30583 23.30583 23.30583
23.30583 23.30583 23.30583 23.30583 23.30583
23.30583 23.30583 23.30583 23.30583 23.30583
23.30583 23.30583 23.30583 23.30583 23.30583
23.30583 23.30583 23.30583 23.30583 23.30583
23.30583 23.30583 23.30583 23.30583 23.30583
23.30583 23.30583 23.30583 23.30583 23.30583
23.30583 23.30583 23.30583 23.30583 23.30583
23.30583 23.30583 23.30583 23.30583 23.30583
23.30583 23.30583 23.30583 23.30583 23.30583
23.30583 23.30583 23.30583 23.30583 23.30583
23.24369 23.24369 23.24369 23.24369 23.24369
23.24369 23.24369 23.24369 23.24369 23.24369
23.24369 23.24369 23.24369 23.24369 23.24369
23.24369 23.24369 23.24369 23.24369 23.24369
23.24369 23.24369 23.24369 23.24369 23.24369
23.24369 23.24369 23.24369 23.24369 23.24369
23.24369 23.24369 23.24369 23.24369 23.24369
23.24369 23.24369 23.24369 23.24369 23.24369
23.24369 23.24369 23.24369 23.24369 23.24369
23.24369 23.24369 23.24369 23.24369 23.24369
23.24369 23.24369 23.24369 23.24369 23.24369
23.24369 23.24369 23.24369 23.24369 23.24369
23.24369 23.24369 23.24369 23.24369 23.24369
23.24369 23.24369 23.24369 23.24369 23.24369
23.24369 23.24369 23.24369 23.24369 23.24369
23.24369 23.24369 23.24369 23.24369 23.24369
23.24369 23.24369 23.24369 23.24369 23.24369
23.24369 23.24369 23.24369 23.24369 23.24369
23.24369 23.24369 23.24369 23.24369 23.24369
23.24369 23.24369 23.24369 23.24369 23.24369
23.18155 23.18155 23.18155 23.18155 23.18155
23.18155 23.18155 23.18155 23.18155 23.18155
23.18155 23.18155 23.18155 23.18155 23.18155
23.18155 23.18155 23.18155 23.18155 23.18155
23.18155 23.18155 23.18155 23.18155 23.18155
23.18155 23.18155 23.18155 23.18155 23.18155
23.18155 23.18155 23.18155 23.18155 23.18155
23.18155 23.18155 23.18155 23.18155 23.18155
23.18155 23.18155 23.18155 23.18155 23.18155
23.18155 23.18155 23.18155 23.18155 23.18155
23.18155 23.18155 23.18155 23.18155 23.18155
23.18155 23.18155 23.18155 23.18155 23.18155
23.18155 23.18155 23.18155 23.18155 23.18155
23.18155 23.18155 23.18155 23.18155 23.18155
23.18155 23.18155 23.18155 23.18155 23.18155
23.18155 23.18155 23.18155 23.18155 23.18155
23.18155 23.18155 23.18155 23.18155 23.18155
23.18155 23.18155 23.18155 23.18155 23.18155
23.18155 23.18155 23.18155 23.18155 23.18155
23.18155 23.18155 23.18155 23.18155 23.18155
23.11941 23.11941 23.11941 23.11941 23.11941
23.11941 23.11941 23.11941 23.11941 23.11941
23.11941 23.11941 23.11941 23.11941 23.11941
23.11941 23.11941 23.11941 23.11941 23.11941
23.11941 23.11941 23.11941 23.11941 23.11941
23.11941 23.11941 23.11941 23.11941 23.11941
23.11941 23.11941 23.11941 23.11941 23.11941
23.11941 23.11941 23.11941 23.11941 23.11941
23.11941 23.11941 23.11941 23.11941 23.11941
23.11941 23.11941 23.11941 23.11941 23.11941
23.11941 23.11941 23.11941 23.11941 23.11941
23.11941 23.11941 23.11941 23.11941 23.11941
23.11941 23.11941 23.11941 23.11941 23.11941
23.11941 23.11941 23.11941 23.11941 23.11941
23.11941 23.11941 23.11941 23.11941 23.11941
23.11941 23.11941 23.11941 23.11941 23.11941
23.11941 23.11941 23.11941 23.11941 23.11941
23.11941 23.11941 23.11941 23.11941 23.11941
23.11941 23.11941 23.11941 23.11941 23.11941
23.11941 23.11941 23.11941 23.11941 23.11941
23.05728 23.05728 23.05728 23.05728 23.05728
23.05728 23.05728 23.05728 23.05728 23.05728
23.05728 23.05728 23.05728 23.05728 23.05728
23.05728 23.05728 23.05728 23.05728 23.05728
23.05728 23.05728 23.05728 23.05728 23.05728
23.05728 23.05728 23.05728 23.05728 23.05728
23.05728 23.05728 23.05728 23.05728 23.05728
23.05728 23.05728 23.05728 23.05728 23.05728
23.05728 23.05728 23.05728 23.05728 23.05728
23.05728 23.05728 23.05728 23.05728 23.05728
23.05728 23.05728 23.05728 23.05728 23.05728
23.05728 23.05728 23.05728 23.05728 23.05728
23.05728 23.05728 23.05728 23.05728 23.05728
23.05728 23.05728 23.05728 23.05728 23.05728
23.05728 23.05728 23.05728 23.05728 23.05728
23.05728 23.05728 23.05728 23.05728 23.05728
23.05728 23.05728 23.05728 23.05728 23.05728
23.05728 23.05728 23.05728 23.05728 23.05728
23.05728 23.05728 23.05728 23.05728 23.05728
23.05728 23.05728 23.05728 23.05728 23.05728
22.99514 22.99514 22.99514 22.99514 22.99514
22.99514 22.99514 22.99514 22.99514 22.99514
22.99514 22.99514 22.99514 22.99514 22.99514
22.99514 22.99514 22.99514 22.99514 22.99514
22.99514 22.99514 22.99514 22.99514 22.99514
22.99514 22.99514 22.99514 22.99514 22.99514
22.99514 22.99514 22.99514 22.99514 22.99514
22.99514 22.99514 22.99514 22.99514 22.99514
22.99514 22.99514 22.99514 22.99514 22.99514
22.99514 22.99514 22.99514 22.99514 22.99514
22.99514 22.99514 22.99514 22.99514 22.99514
22.99514 22.99514 22.99514 22.99514 22.99514
22.99514 22.99514 22.99514 22.99514 22.99514
22.99514 22.99514 22.99514 22.99514 22.99514
22.99514 22.99514 22.99514 22.99514 22.99514
22.99514 22.99514 22.99514 22.99514 22.99514
22.99514 22.99514 22.99514 22.99514 22.99514
22.99514 22.99514 22.99514 22.99514 22.99514
22.99514 22.99514 22.99514 22.99514 22.99514
22.99514 22.99514 22.99514 22.99514 22.99514
22.933 22.933 22.933 22.933 22.933
22.933 22.933 22.933 22.933 22.933
22.933 22.933 22.933 22.933 22.933
22.933 22.933 22.933 22.933 22.933
22.933 22.933 22.933 22.933 22.933
22.933 22.933 22.933 22.933 22.933
22.933 22.933 22.933 22.933 22.933
22.933 22.933 22.933 22.933 22.933
22.933 22.933 22.933 22.933 22.933
22.933 22.933 22.933 22.933 22.933
22.933 22.933 22.933 22.933 22.933
22.933 22.933 22.933 22.933 22.933
22.933 22.933 22.933 22.933 22.933
22.933 22.933 22.933 22.933 22.933
22.933 22.933 22.933 22.933 22.933
22.933 22.933 22.933 22.933 22.933
22.933 22.933 22.933 22.933 22.933
22.933 22.933 22.933 22.933 22.933
22.933 22.933 22.933 22.933 22.933
22.933 22.933 22.933 22.933 22.933
22.87086 22.87086 22.87086 22.87086 22.87086
22.87086 22.87086 22.87086 22.87086 22.87086
22.87086 22.87086 22.87086 22.87086 22.87086
22.87086 22.87086 22.87086 22.87086 22.87086
22.87086 22.87086 22.87086 22.87086 22.87086
22.87086 22.87086 22.87086 22.87086 22.87086
22.87086 22.87086 22.87086 22.87086 22.87086
22.87086 22.87086 22.87086 22.87086 22.87086
22.87086 22.87086 22.87086 22.87086 22.87086
22.87086 22.87086 22.87086 22.87086 22.87086
22.87086 22.87086 22.87086 22.87086 22.87086
22.87086 22.87086 22.87086 22.87086 22.87086
22.87086 22.87086 22.87086 22.87086 22.87086
22.87086 22.87086 22.87086 22.87086 22.87086
22.87086 22.87086 22.87086 22.87086 22.87086
22.87086 22.87086 22.87086 22.87086 22.87086
22.87086 22.87086 22.87086 22.87086 22.87086
22.87086 22.87086 22.87086 22.87086 22.87086
22.87086 22.87086 22.87086 22.87086 22.87086
22.87086 22.87086 22.87086 22.87086 22.87086
22.80873 22.80873 22.80873 22.80873 22.80873
22.80873 22.80873 22.80873 22.80873 22.80873
22.80873 22.80873 22.80873 22.80873 22.80873
22.80873 22.80873 22.80873 22.80873 22.80873
22.80873 22.80873 22.80873 22.80873 22.80873
22.80873 22.80873 22.80873 22.80873 22.80873
22.80873 22.80873 22.80873 22.80873 22.80873
22.80873 22.80873 22.80873 22.80873 22.80873
22.80873 22.80873 22.80873 22.80873 22.80873
22.80873 22.80873 22.80873 22.80873 22.80873
22.80873 22.80873 22.80873 22.80873 22.80873
22.80873 22.80873 22.80873 22.80873 22.80873
22.80873 22.80873 22.80873 22.80873 22.80873
22.80873 22.80873 22.80873 22.80873 22.80873
22.80873 22.80873 22.80873 22.80873 22.80873
22.80873 22.80873 22.80873 22.80873 22.80873
22.80873 22.80873 22.80873 22.80873 22.80873
22.80873 22.80873 22.80873 22.80873 22.80873
22.80873 22.80873 22.80873 22.80873 22.80873
22.80873 22.80873 22.80873 22.80873 22.80873
22.74659 22.74659 22.74659 22.74659 22.74659
22.74659 22.74659 22.74659 22.74659 22.74659
22.74659 22.74659 22.74659 22.74659 22.74659
22.74659 22.74659 22.74659 22.74659 22.74659
22.74659 22.74659 22.74659 22.74659 22.74659
22.74659 22.74659 22.74659 22.74659 22.74659
22.74659 22.74659 22.74659 22.74659 22.74659
22.74659 22.74659 22.74659 22.74659 22.74659
22.74659 22.74659 22.74659 22.74659 22.74659
22.74659 22.74659 22.74659 22.74659 22.74659
22.74659 22.74659 22.74659 22.74659 22.74659
22.74659 22.74659 22.74659 22.74659 22.74659
22.74659 22.74659 22.74659 22.74659 22.74659
22.74659 22.74659 22.74659 22.74659 22.74659
22.74659 22.74659 22.74659 22.74659 22.74659
22.74659 22.74659 22.74659 22.74659 22.74659
22.74659 22.74659 22.74659 22.74659 22.74659
22.74659 22.74659 22.74659 22.74659 22.74659
22.74659 22.74659 22.74659 22.74659 22.74659
22.74659 22.74659 22.74659 22.74659 22.74659
22.72892 22.72892 22.72892 22.72892 22.72892
22.72892 22.72892 22.72892 22.72892 22.72892
22.72892 22.72892 22.72892 22.72892 22.72892
22.72892 22.72892 22.72892 22.72892 22.72892
22.72892 22.72892 22.72892 22.72892 22.72892
22.72892 22.72892 22.72892 22.72892 22.72892
22.72892 22.72892 22.72892 22.72892 22.72892
22.72892 22.72892 22.72892 22.72892 22.72892
22.72892 22.72892 22.72892 22.72892 22.72892
22.72892 22.72892 22.72892 22.72892 22.72892
22.72892 22.72892 22.72892 22.72892 22.72892
22.72892 22.72892 22.72892 22.72892 22.72892
22.72892 22.72892 22.72892 22.72892 22.72892
22.72892 22.72892 22.72892 22.72892 22.72892
22.72892 22.72892 22.72892 22.72892 22.72892
22.72892 22.72892 22.72892 22.72892 22.72892
22.72892 22.72892 22.72892 22.72892 22.72892
22.72892 22.72892 22.72892 22.72892 22.72892
22.72892 22.72892 22.72892 22.72892 22.72892
22.72892 22.72892 22.72892 22.72892 22.72892
22.7124 22.7124 22.7124 22.7124 22.7124
22.7124 22.7124 22.7124 22.7124 22.7124
22.7124 22.7124 22.7124 22.7124 22.7124
22.7124 22.7124 22.7124 22.7124 22.7124
22.7124 22.7124 22.7124 22.7124 22.7124
22.7124 22.7124 22.7124 22.7124 22.7124
22.7124 22.7124 22.7124 22.7124 22.7124
22.7124 22.7124 22.7124 22.7124 22.7124
22.7124 22.7124 22.7124 22.7124 22.7124
22.7124 22.7124 22.7124 22.7124 22.7124
22.7124 22.7124 22.7124 22.7124 22.7124
22.7124 22.7124 22.7124 22.7124 22.7124
22.7124 22.7124 22.7124 22.7124 22.7124
22.7124 22.7124 22.7124 22.7124 22.7124
22.7124 22.7124 22.7124 22.7124 22.7124
22.7124 22.7124 22.7124 22.7124 22.7124
22.7124 22.7124 22.7124 22.7124 22.7124
22.7124 22.7124 22.7124 22.7124 22.7124
22.7124 22.7124 22.7124 22.7124 22.7124
22.7124 22.7124 22.7124 22.7124 22.7124
22.69587 22.69587 22.69587 22.69587 22.69587
22.69587 22.69587 22.69587 22.69587 22.69587
22.69587 22.69587 22.69587 22.69587 22.69587
22.69587 22.69587 22.69587 22.69587 22.69587
22.69587 22.69587 22.69587 22.69587 22.69587
22.69587 22.69587 22.69587 22.69587 22.69587
22.69587 22.69587 22.69587 22.69587 22.69587
22.69587 22.69587 22.69587 22.69587 22.69587
22.69587 22.69587 22.69587 22.69587 22.69587
22.69587 22.69587 22.69587 22.69587 22.69587
22.69587 22.69587 22.69587 22.69587 22.69587
22.69587 22.69587 22.69587 22.69587 22.69587
22.69587 22.69587 22.69587 22.69587 22.69587
22.69587 22.69587 22.69587 22.69587 22.69587
22.69587 22.69587 22.69587 22.69587 22.69587
22.69587 22.69587 22.69587 22.69587 22.69587
22.69587 22.69587 22.69587 22.69587 22.69587
22.69587 22.69587 22.69587 22.69587 22.69587
22.69587 22.69587 22.69587 22.69587 22.69587
22.69587 22.69587 22.69587 22.69587 22.69587
22.67935 22.67935 22.67935 22.67935 22.67935
22.67935 22.67935 22.67935 22.67935 22.67935
22.67935 22.67935 22.67935 22.67935 22.67935
22.67935 22.67935 22.67935 22.67935 22.67935
22.67935 22.67935 22.67935 22.67935 22.67935
22.67935 22.67935 22.67935 22.67935 22.67935
22.67935 22.67935 22.67935 22.67935 22.67935
22.67935 22.67935 22.67935 22.67935 22.67935
22.67935 22.67935 22.67935 22.67935 22.67935
22.67935 22.67935 22.67935 22.67935 22.67935
22.67935 22.67935 22.67935 22.67935 22.67935
22.67935 22.67935 22.67935 22.67935 22.67935
22.67935 22.67935 22.67935 22.67935 22.67935
22.67935 22.67935 22.67935 22.67935 22.67935
22.67935 22.67935 22.67935 22.67935 22.67935
22.67935 22.67935 22.67935 22.67935 22.67935
22.67935 22.67935 22.67935 22.67935 22.67935
22.67935 22.67935 22.67935 22.67935 22.67935
22.67935 22.67935 22.67935 22.67935 22.67935
22.67935 22.67935 22.67935 22.67935 22.67935
22.66282 22.66282 22.66282 22.66282 22.66282
22.66282 22.66282 22.66282 22.66282 22.66282
22.66282 22.66282 22.66282 22.66282 22.66282
22.66282 22.66282 22.66282 22.66282 22.66282
22.66282 22.66282 22.66282 22.66282 22.66282
22.66282 22.66282 22.66282 22.66282 22.66282
22.66282 22.66282 22.66282 22.66282 22.66282
22.66282 22.66282 22.66282 22.66282 22.66282
22.66282 22.66282 22.66282 22.66282 22.66282
22.66282 22.66282 22.66282 22.66282 22.66282
22.66282 22.66282 22.66282 22.66282 22.66282
22.66282 22.66282 22.66282 22.66282 22.66282
22.66282 22.66282 22.66282 22.66282 22.66282
22.66282 22.66282 22.66282 22.66282 22.66282
22.66282 22.66282 22.66282 22.66282 22.66282
22.66282 22.66282 22.66282 22.66282 22.66282
22.66282 22.66282 22.66282 22.66282 22.66282
22.66282 22.66282 22.66282 22.66282 22.66282
22.66282 22.66282 22.66282 22.66282 22.66282
22.66282 22.66282 22.66282 22.66282 22.66282
22.6463 22.6463 22.6463 22.6463 22.6463
22.6463 22.6463 22.6463 22.6463 22.6463
22.6463 22.6463 22.6463 22.6463 22.6463
22.6463 22.6463 22.6463 22.6463 22.6463
22.6463 22.6463 22.6463 22.6463 22.6463
22.6463 22.6463 22.6463 22.6463 22.6463
22.6463 22.6463 22.6463 22.6463 22.6463
22.6463 22.6463 22.6463 22.6463 22.6463
22.6463 22.6463 22.6463 22.6463 22.6463
22.6463 22.6463 22.6463 22.6463 22.6463
22.6463 22.6463 22.6463 22.6463 22.6463
22.6463 22.6463 22.6463 22.6463 22.6463
22.6463 22.6463 22.6463 22.6463 22.6463
22.6463 22.6463 22.6463 22.6463 22.6463
22.6463 22.6463 22.6463 22.6463 22.6463
22.6463 22.6463 22.6463 22.6463 22.6463
22.6463 22.6463 22.6463 22.6463 22.6463
22.6463 22.6463 22.6463 22.6463 22.6463
22.6463 22.6463 22.6463 22.6463 22.6463
22.6463 22.6463 22.6463 22.6463 22.6463
22.62977 22.62977 22.62977 22.62977 22.62977
22.62977 22.62977 22.62977 22.62977 22.62977
22.62977 22.62977 22.62977 22.62977 22.62977
22.62977 22.62977 22.62977 22.62977 22.62977
22.62977 22.62977 22.62977 22.62977 22.62977
22.62977 22.62977 22.62977 22.62977 22.62977
22.62977 22.62977 22.62977 22.62977 22.62977
22.62977 22.62977 22.62977 22.62977 22.62977
22.62977 22.62977 22.62977 22.62977 22.62977
22.62977 22.62977 22.62977 22.62977 22.62977
22.62977 22.62977 22.62977 22.62977 22.62977
22.62977 22.62977 22.62977 22.62977 22.62977
22.62977 22.62977 22.62977 22.62977 22.62977
22.62977 22.62977 22.62977 22.62977 22.62977
22.62977 22.62977 22.62977 22.62977 22.62977
22.62977 22.62977 22.62977 22.62977 22.62977
22.62977 22.62977 22.62977 22.62977 22.62977
22.62977 22.62977 22.62977 22.62977 22.62977
22.62977 22.62977 22.62977 22.62977 22.62977
22.62977 22.62977 22.62977 22.62977 22.62977
22.61325 22.61325 22.61325 22.61325 22.61325
22.61325 22.61325 22.61325 22.61325 22.61325
22.61325 22.61325 22.61325 22.61325 22.61325
22.61325 22.61325 22.61325 22.61325 22.61325
22.61325 22.61325 22.61325 22.61325 22.61325
22.61325 22.61325 22.61325 22.61325 22.61325
22.61325 22.61325 22.61325 22.61325 22.61325
22.61325 22.61325 22.61325 22.61325 22.61325
22.61325 22.61325 22.61325 22.61325 22.61325
22.61325 22.61325 22.61325 22.61325 22.61325
22.61325 22.61325 22.61325 22.61325 22.61325
22.61325 22.61325 22.61325 22.61325 22.61325
22.61325 22.61325 22.61325 22.61325 22.61325
22.61325 22.61325 22.61325 22.61325 22.61325
22.61325 22.61325 22.61325 22.61325 22.61325
22.61325 22.61325 22.61325 22.61325 22.61325
22.61325 22.61325 22.61325 22.61325 22.61325
22.61325 22.61325 22.61325 22.61325 22.61325
22.61325 22.61325 22.61325 22.61325 22.61325
22.61325 22.61325 22.61325 22.61325 22.61325
22.59672 22.59672 22.59672 22.59672 22.59672
22.59672 22.59672 22.59672 22.59672 22.59672
22.59672 22.59672 22.59672 22.59672 22.59672
22.59672 22.59672 22.59672 22.59672 22.59672
22.59672 22.59672 22.59672 22.59672 22.59672
22.59672 22.59672 22.59672 22.59672 22.59672
22.59672 22.59672 22.59672 22.59672 22.59672
22.59672 22.59672 22.59672 22.59672 22.59672
22.59672 22.59672 22.59672 22.59672 22.59672
22.59672 22.59672 22.59672 22.59672 22.59672
22.59672 22.59672 22.59672 22.59672 22.59672
22.59672 22.59672 22.59672 22.59672 22.59672
22.59672 22.59672 22.59672 22.59672 22.59672
22.59672 22.59672 22.59672 22.59672 22.59672
22.59672 22.59672 22.59672 22.59672 22.59672
22.59672 22.59672 22.59672 22.59672 22.59672
22.59672 22.59672 22.59672 22.59672 22.59672
22.59672 22.59672 22.59672 22.59672 22.59672
22.59672 22.59672 22.59672 22.59672 22.59672
22.59672 22.59672 22.59672 22.59672 22.59672
22.5802 22.5802 22.5802 22.5802 22.5802
22.5802 22.5802 22.5802 22.5802 22.5802
22.5802 22.5802 22.5802 22.5802 22.5802
22.5802 22.5802 22.5802 22.5802 22.5802
22.5802 22.5802 22.5802 22.5802 22.5802
22.5802 22.5802 22.5802 22.5802 22.5802
22.5802 22.5802 22.5802 22.5802 22.5802
22.5802 22.5802 22.5802 22.5802 22.5802
22.5802 22.5802 22.5802 22.5802 22.5802
22.5802 22.5802 22.5802 22.5802 22.5802
22.5802 22.5802 22.5802 22.5802 22.5802
22.5802 22.5802 22.5802 22.5802 22.5802
22.5802 22.5802 22.5802 22.5802 22.5802
22.5802 22.5802 22.5802 22.5802 22.5802
22.5802 22.5802 22.5802 22.5802 22.5802
22.5802 22.5802 22.5802 22.5802 22.5802
22.5802 22.5802 22.5802 22.5802 22.5802
22.5802 22.5802 22.5802 22.5802 22.5802
22.5802 22.5802 22.5802 22.5802 22.5802
22.5802 22.5802 22.5802 22.5802 22.5802
22.56367 22.56367 22.56367 22.56367 22.56367
22.56367 22.56367 22.56367 22.56367 22.56367
22.56367 22.56367 22.56367 22.56367 22.56367
22.56367 22.56367 22.56367 22.56367 22.56367
22.56367 22.56367 22.56367 22.56367 22.56367
22.56367 22.56367 22.56367 22.56367 22.56367
22.56367 22.56367 22.56367 22.56367 22.56367
22.56367 22.56367 22.56367 22.56367 22.56367
22.56367 22.56367 22.56367 22.56367 22.56367
22.56367 22.56367 22.56367 22.56367 22.56367
22.56367 22.56367 22.56367 22.56367 22.56367
22.56367 22.56367 22.56367 22.56367 22.56367
22.56367 22.56367 22.56367 22.56367 22.56367
22.56367 22.56367 22.56367 22.56367 22.56367
22.56367 22.56367 22.56367 22.56367 22.56367
22.56367 22.56367 22.56367 22.56367 22.56367
22.56367 22.56367 22.56367 22.56367 22.56367
22.56367 22.56367 22.56367 22.56367 22.56367
22.56367 22.56367 22.56367 22.56367 22.56367
22.56367 22.56367 22.56367 22.56367 22.56367
22.54715 22.54715 22.54715 22.54715 22.54715
22.54715 22.54715 22.54715 22.54715 22.54715
22.54715 22.54715 22.54715 22.54715 22.54715
22.54715 22.54715 22.54715 22.54715 22.54715
22.54715 22.54715 22.54715 22.54715 22.54715
22.54715 22.54715 22.54715 22.54715 22.54715
22.54715 22.54715 22.54715 22.54715 22.54715
22.54715 22.54715 22.54715 22.54715 22.54715
22.54715 22.54715 22.54715 22.54715 22.54715
22.54715 22.54715 22.54715 22.54715 22.54715
22.54715 22.54715 22.54715 22.54715 22.54715
22.54715 22.54715 22.54715 22.54715 22.54715
22.54715 22.54715 22.54715 22.54715 22.54715
22.54715 22.54715 22.54715 22.54715 22.54715
22.54715 22.54715 22.54715 22.54715 22.54715
22.54715 22.54715 22.54715 22.54715 22.54715
22.54715 22.54715 22.54715 22.54715 22.54715
22.54715 22.54715 22.54715 22.54715 22.54715
22.54715 22.54715 22.54715 22.54715 22.54715
22.54715 22.54715 22.54715 22.54715 22.54715
22.53062 22.53062 22.53062 22.53062 22.53062
22.53062 22.53062 22.53062 22.53062 22.53062
22.53062 22.53062 22.53062 22.53062 22.53062
22.53062 22.53062 22.53062 22.53062 22.53062
22.53062 22.53062 22.53062 22.53062 22.53062
22.53062 22.53062 22.53062 22.53062 22.53062
22.53062 22.53062 22.53062 22.53062 22.53062
22.53062 22.53062 22.53062 22.53062 22.53062
22.53062 22.53062 22.53062 22.53062 22.53062
22.53062 22.53062 22.53062 22.53062 22.53062
22.53062 22.53062 22.53062 22.53062 22.53062
22.53062 22.53062 22.53062 22.53062 22.53062
22.53062 22.53062 22.53062 22.53062 22.53062
22.53062 22.53062 22.53062 22.53062 22.53062
22.53062 22.53062 22.53062 22.53062 22.53062
22.53062 22.53062 22.53062 22.53062 22.53062
22.53062 22.53062 22.53062 22.53062 22.53062
22.53062 22.53062 22.53062 22.53062 22.53062
22.53062 22.53062 22.53062 22.53062 22.53062
22.53062 22.53062 22.53062 22.53062 22.53062
22.5141 22.5141 22.5141 22.5141 22.5141
22.5141 22.5141 22.5141 22.5141 22.5141
22.5141 22.5141 22.5141 22.5141 22.5141
22.5141 22.5141 22.5141 22.5141 22.5141
22.5141 22.5141 22.5141 22.5141 22.5141
22.5141 22.5141 22.5141 22.5141 22.5141
22.5141 22.5141 22.5141 22.5141 22.5141
22.5141 22.5141 22.5141 22.5141 22.5141
22.5141 22.5141 22.5141 22.5141 22.5141
22.5141 22.5141 22.5141 22.5141 22.5141
22.5141 22.5141 22.5141 22.5141 22.5141
22.5141 22.5141 22.5141 22.5141 22.5141
22.5141 22.5141 22.5141 22.5141 22.5141
22.5141 22.5141 22.5141 22.5141 22.5141
22.5141 22.5141 22.5141 22.5141 22.5141
22.5141 22.5141 22.5141 22.5141 22.5141
22.5141 22.5141 22.5141 22.5141 22.5141
22.5141 22.5141 22.5141 22.5141 22.5141
22.5141 22.5141 22.5141 22.5141 22.5141
22.5141 22.5141 22.5141 22.5141 22.5141
22.49757 22.49757 22.49757 22.49757 22.49757
22.49757 22.49757 22.49757 22.49757 22.49757
22.49757 22.49757 22.49757 22.49757 22.49757
22.49757 22.49757 22.49757 22.49757 22.49757
22.49757 22.49757 22.49757 22.49757 22.49757
22.49757 22.49757 22.49757 22.49757 22.49757
22.49757 22.49757 22.49757 22.49757 22.49757
22.49757 22.49757 22.49757 22.49757 22.49757
22.49757 22.49757 22.49757 22.49757 22.49757
22.49757 22.49757 22.49757 22.49757 22.49757
22.49757 22.49757 22.49757 22.49757 22.49757
22.49757 22.49757 22.49757 22.49757 22.49757
22.49757 22.49757 22.49757 22.49757 22.49757
22.49757 22.49757 22.49757 22.49757 22.49757
22.49757 22.49757 22.49757 22.49757 22.49757
22.49757 22.49757 22.49757 22.49757 22.49757
22.49757 22.49757 22.49757 22.49757 22.49757
22.49757 22.49757 22.49757 22.49757 22.49757
22.49757 22.49757 22.49757 22.49757 22.49757
22.49757 22.49757 22.49757 22.49757 22.49757
22.48105 22.48105 22.48105 22.48105 22.48105
22.48105 22.48105 22.48105 22.48105 22.48105
22.48105 22.48105 22.48105 22.48105 22.48105
22.48105 22.48105 22.48105 22.48105 22.48105
22.48105 22.48105 22.48105 22.48105 22.48105
22.48105 22.48105 22.48105 22.48105 22.48105
22.48105 22.48105 22.48105 22.48105 22.48105
22.48105 22.48105 22.48105 22.48105 22.48105
22.48105 22.48105 22.48105 22.48105 22.48105
22.48105 22.48105 22.48105 22.48105 22.48105
22.48105 22.48105 22.48105 22.48105 22.48105
22.48105 22.48105 22.48105 22.48105 22.48105
22.48105 22.48105 22.48105 22.48105 22.48105
22.48105 22.48105 22.48105 22.48105 22.48105
22.48105 22.48105 22.48105 22.48105 22.48105
22.48105 22.48105 22.48105 22.48105 22.48105
22.48105 22.48105 22.48105 22.48105 22.48105
22.48105 22.48105 22.48105 22.48105 22.48105
22.48105 22.48105 22.48105 22.48105 22.48105
22.48105 22.48105 22.48105 22.48105 22.48105
22.46452 22.46452 22.46452 22.46452 22.46452
22.46452 22.46452 22.46452 22.46452 22.46452
22.46452 22.46452 22.46452 22.46452 22.46452
22.46452 22.46452 22.46452 22.46452 22.46452
22.46452 22.46452 22.46452 22.46452 22.46452
22.46452 22.46452 22.46452 22.46452 22.46452
22.46452 22.46452 22.46452 22.46452 22.46452
22.46452 22.46452 22.46452 22.46452 22.46452
22.46452 22.46452 22.46452 22.46452 22.46452
22.46452 22.46452 22.46452 22.46452 22.46452
22.46452 22.46452 22.46452 22.46452 22.46452
22.46452 22.46452 22.46452 22.46452 22.46452
22.46452 22.46452 22.46452 22.46452 22.46452
22.46452 22.46452 22.46452 22.46452 22.46452
22.46452 22.46452 22.46452 22.46452 22.46452
22.46452 22.46452 22.46452 22.46452 22.46452
22.46452 22.46452 22.46452 22.46452 22.46452
22.46452 22.46452 22.46452 22.46452 22.46452
22.46452 22.46452 22.46452 22.46452 22.46452
22.46452 22.46452 22.46452 22.46452 22.46452
22.448 22.448 22.448 22.448 22.448
22.448 22.448 22.448 22.448 22.448
22.448 22.448 22.448 22.448 22.448
22.448 22.448 22.448 22.448 22.448
22.448 22.448 22.448 22.448 22.448
22.448 22.448 22.448 22.448 22.448
22.448 22.448 22.448 22.448 22.448
22.448 22.448 22.448 22.448 22.448
22.448 22.448 22.448 22.448 22.448
22.448 22.448 22.448 22.448 22.448
22.448 22.448 22.448 22.448 22.448
22.448 22.448 22.448 22.448 22.448
22.448 22.448 22.448 22.448 22.448
22.448 22.448 22.448 22.448 22.448
22.448 22.448 22.448 22.448 22.448
22.448 22.448 22.448 22.448 22.448
22.448 22.448 22.448 22.448 22.448
22.448 22.448 22.448 22.448 22.448
22.448 22.448 22.448 22.448 22.448
22.448 22.448 22.448 22.448 22.448
22.43147 22.43147 22.43147 22.43147 22.43147
22.43147 22.43147 22.43147 22.43147 22.43147
22.43147 22.43147 22.43147 22.43147 22.43147
22.43147 22.43147 22.43147 22.43147 22.43147
22.43147 22.43147 22.43147 22.43147 22.43147
22.43147 22.43147 22.43147 22.43147 22.43147
22.43147 22.43147 22.43147 22.43147 22.43147
22.43147 22.43147 22.43147 22.43147 22.43147
22.43147 22.43147 22.43147 22.43147 22.43147
22.43147 22.43147 22.43147 22.43147 22.43147
22.43147 22.43147 22.43147 22.43147 22.43147
22.43147 22.43147 22.43147 22.43147 22.43147
22.43147 22.43147 22.43147 22.43147 22.43147
22.43147 22.43147 22.43147 22.43147 22.43147
22.43147 22.43147 22.43147 22.43147 22.43147
22.43147 22.43147 22.43147 22.43147 22.43147
22.43147 22.43147 22.43147 22.43147 22.43147
22.43147 22.43147 22.43147 22.43147 22.43147
22.43147 22.43147 22.43147 22.43147 22.43147
22.43147 22.43147 22.43147 22.43147 22.43147
22.41495 22.41495 22.41495 22.41495 22.41495
22.41495 22.41495 22.41495 22.41495 22.41495
22.41495 22.41495 22.41495 22.41495 22.41495
22.41495 22.41495 22.41495 22.41495 22.41495
22.41495 22.41495 22.41495 22.41495 22.41495
22.41495 22.41495 22.41495 22.41495 22.41495
22.41495 22.41495 22.41495 22.41495 22.41495
22.41495 22.41495 22.41495 22.41495 22.41495
22.41495 22.41495 22.41495 22.41495 22.41495
22.41495 22.41495 22.41495 22.41495 22.41495
22.41495 22.41495 22.41495 22.41495 22.41495
22.41495 22.41495 22.41495 22.41495 22.41495
22.41495 22.41495 22.41495 22.41495 22.41495
22.41495 22.41495 22.41495 22.41495 22.41495
22.41495 22.41495 22.41495 22.41495 22.41495
22.41495 22.41495 22.41495 22.41495 22.41495
22.41495 22.41495 22.41495 22.41495 22.41495
22.41495 22.41495 22.41495 22.41495 22.41495
22.41495 22.41495 22.41495 22.41495 22.41495
22.41495 22.41495 22.41495 22.41495 22.41495
22.39842 22.39842 22.39842 22.39842 22.39842
22.39842 22.39842 22.39842 22.39842 22.39842
22.39842 22.39842 22.39842 22.39842 22.39842
22.39842 22.39842 22.39842 22.39842 22.39842
22.39842 22.39842 22.39842 22.39842 22.39842
22.39842 22.39842 22.39842 22.39842 22.39842
22.39842 22.39842 22.39842 22.39842 22.39842
22.39842 22.39842 22.39842 22.39842 22.39842
22.39842 22.39842 22.39842 22.39842 22.39842
22.39842 22.39842 22.39842 22.39842 22.39842
22.39842 22.39842 22.39842 22.39842 22.39842
22.39842 22.39842 22.39842 22.39842 22.39842
22.39842 22.39842 22.39842 22.39842 22.39842
22.39842 22.39842 22.39842 22.39842 22.39842
22.39842 22.39842 22.39842 22.39842 22.39842
22.39842 22.39842 22.39842 22.39842 22.39842
22.39842 22.39842 22.39842 22.39842 22.39842
22.39842 22.39842 22.39842 22.39842 22.39842
22.39842 22.39842 22.39842 22.39842 22.39842
22.39842 22.39842 22.39842 22.39842 22.39842
22.38189 22.38189 22.38189 22.38189 22.38189
22.38189 22.38189 22.38189 22.38189 22.38189
22.38189 22.38189 22.38189 22.38189 22.38189
22.38189 22.38189 22.38189 22.38189 22.38189
22.38189 22.38189 22.38189 22.38189 22.38189
22.38189 22.38189 22.38189 22.38189 22.38189
22.38189 22.38189 22.38189 22.38189 22.38189
22.38189 22.38189 22.38189 22.38189 22.38189
22.38189 22.38189 22.38189 22.38189 22.38189
22.38189 22.38189 22.38189 22.38189 22.38189
22.38189 22.38189 22.38189 22.38189 22.38189
22.38189 22.38189 22.38189 22.38189 22.38189
22.38189 22.38189 22.38189 22.38189 22.38189
22.38189 22.38189 22.38189 22.38189 22.38189
22.38189 22.38189 22.38189 22.38189 22.38189
22.38189 22.38189 22.38189 22.38189 22.38189
22.38189 22.38189 22.38189 22.38189 22.38189
22.38189 22.38189 22.38189 22.38189 22.38189
22.38189 22.38189 22.38189 22.38189 22.38189
22.38189 22.38189 22.38189 22.38189 22.38189
22.36537 22.36537 22.36537 22.36537 22.36537
22.36537 22.36537 22.36537 22.36537 22.36537
22.36537 22.36537 22.36537 22.36537 22.36537
22.36537 22.36537 22.36537 22.36537 22.36537
22.36537 22.36537 22.36537 22.36537 22.36537
22.36537 22.36537 22.36537 22.36537 22.36537
22.36537 22.36537 22.36537 22.36537 22.36537
22.36537 22.36537 22.36537 22.36537 22.36537
22.36537 22.36537 22.36537 22.36537 22.36537
22.36537 22.36537 22.36537 22.36537 22.36537
22.36537 22.36537 22.36537 22.36537 22.36537
22.36537 22.36537 22.36537 22.36537 22.36537
22.36537 22.36537 22.36537 22.36537 22.36537
22.36537 22.36537 22.36537 22.36537 22.36537
22.36537 22.36537 22.36537 22.36537 22.36537
22.36537 22.36537 22.36537 22.36537 22.36537
22.36537 22.36537 22.36537 22.36537 22.36537
22.36537 22.36537 22.36537 22.36537 22.36537
22.36537 22.36537 22.36537 22.36537 22.36537
22.36537 22.36537 22.36537 22.36537 22.36537
22.34884 22.34884 22.34884 22.34884 22.34884
22.34884 22.34884 22.34884 22.34884 22.34884
22.34884 22.34884 22.34884 22.34884 22.34884
22.34884 22.34884 22.34884 22.34884 22.34884
22.34884 22.34884 22.34884 22.34884 22.34884
22.34884 22.34884 22.34884 22.34884 22.34884
22.34884 22.34884 22.34884 22.34884 22.34884
22.34884 22.34884 22.34884 22.34884 22.34884
22.34884 22.34884 22.34884 22.34884 22.34884
22.34884 22.34884 22.34884 22.34884 22.34884
22.34884 22.34884 22.34884 22.34884 22.34884
22.34884 22.34884 22.34884 22.34884 22.34884
22.34884 22.34884 22.34884 22.34884 22.34884
22.34884 22.34884 22.34884 22.34884 22.34884
22.34884 22.34884 22.34884 22.34884 22.34884
22.34884 22.34884 22.34884 22.34884 22.34884
22.34884 22.34884 22.34884 22.34884 22.34884
22.34884 22.34884 22.34884 22.34884 22.34884
22.34884 22.34884 22.34884 22.34884 22.34884
22.34884 22.34884 22.34884 22.34884 22.34884
22.33232 22.33232 22.33232 22.33232 22.33232
22.33232 22.33232 22.33232 22.33232 22.33232
22.33232 22.33232 22.33232 22.33232 22.33232
22.33232 22.33232 22.33232 22.33232 22.33232
22.33232 22.33232 22.33232 22.33232 22.33232
22.33232 22.33232 22.33232 22.33232 22.33232
22.33232 22.33232 22.33232 22.33232 22.33232
22.33232 22.33232 22.33232 22.33232 22.33232
22.33232 22.33232 22.33232 22.33232 22.33232
22.33232 22.33232 22.33232 22.33232 22.33232
22.33232 22.33232 22.33232 22.33232 22.33232
22.33232 22.33232 22.33232 22.33232 22.33232
22.33232 22.33232 22.33232 22.33232 22.33232
22.33232 22.33232 22.33232 22.33232 22.33232
22.33232 22.33232 22.33232 22.33232 22.33232
22.33232 22.33232 22.33232 22.33232 22.33232
22.33232 22.33232 22.33232 22.33232 22.33232
22.33232 22.33232 22.33232 22.33232 22.33232
22.33232 22.33232 22.33232 22.33232 22.33232
22.33232 22.33232 22.33232 22.33232 22.33232
22.31579 22.31579 22.31579 22.31579 22.31579
22.31579 22.31579 22.31579 22.31579 22.31579
22.31579 22.31579 22.31579 22.31579 22.31579
22.31579 22.31579 22.31579 22.31579 22.31579
22.31579 22.31579 22.31579 22.31579 22.31579
22.31579 22.31579 22.31579 22.31579 22.31579
22.31579 22.31579 22.31579 22.31579 22.31579
22.31579 22.31579 22.31579 22.31579 22.31579
22.31579 22.31579 22.31579 22.31579 22.31579
22.31579 22.31579 22.31579 22.31579 22.31579
22.31579 22.31579 22.31579 22.31579 22.31579
22.31579 22.31579 22.31579 22.31579 22.31579
22.31579 22.31579 22.31579 22.31579 22.31579
22.31579 22.31579 22.31579 22.31579 22.31579
22.31579 22.31579 22.31579 22.31579 22.31579
22.31579 22.31579 22.31579 22.31579 22.31579
22.31579 22.31579 22.31579 22.31579 22.31579
22.31579 22.31579 22.31579 22.31579 22.31579
22.31579 22.31579 22.31579 22.31579 22.31579
22.31579 22.31579 22.31579 22.31579 22.31579
22.29927 22.29927 22.29927 22.29927 22.29927
22.29927 22.29927 22.29927 22.29927 22.29927
22.29927 22.29927 22.29927 22.29927 22.29927
22.29927 22.29927 22.29927 22.29927 22.29927
22.29927 22.29927 22.29927 22.29927 22.29927
22.29927 22.29927 22.29927 22.29927 22.29927
22.29927 22.29927 22.29927 22.29927 22.29927
22.29927 22.29927 22.29927 22.29927 22.29927
22.29927 22.29927 22.29927 22.29927 22.29927
22.29927 22.29927 22.29927 22.29927 22.29927
22.29927 22.29927 22.29927 22.29927 22.29927
22.29927 22.29927 22.29927 22.29927 22.29927
22.29927 22.29927 22.29927 22.29927 22.29927
22.29927 22.29927 22.29927 22.29927 22.29927
22.29927 22.29927 22.29927 22.29927 22.29927
22.29927 22.29927 22.29927 22.29927 22.29927
22.29927 22.29927 22.29927 22.29927 22.29927
22.29927 22.29927 22.29927 22.29927 22.29927
22.29927 22.29927 22.29927 22.29927 22.29927
22.29927 22.29927 22.29927 22.29927 22.29927
22.28274 22.28274 22.28274 22.28274 22.28274
22.28274 22.28274 22.28274 22.28274 22.28274
22.28274 22.28274 22.28274 22.28274 22.28274
22.28274 22.28274 22.28274 22.28274 22.28274
22.28274 22.28274 22.28274 22.28274 22.28274
22.28274 22.28274 22.28274 22.28274 22.28274
22.28274 22.28274 22.28274 22.28274 22.28274
22.28274 22.28274 22.28274 22.28274 22.28274
22.28274 22.28274 22.28274 22.28274 22.28274
22.28274 22.28274 22.28274 22.28274 22.28274
22.28274 22.28274 22.28274 22.28274 22.28274
22.28274 22.28274 22.28274 22.28274 22.28274
22.28274 22.28274 22.28274 22.28274 22.28274
22.28274 22.28274 22.28274 22.28274 22.28274
22.28274 22.28274 22.28274 22.28274 22.28274
22.28274 22.28274 22.28274 22.28274 22.28274
22.28274 22.28274 22.28274 22.28274 22.28274
22.28274 22.28274 22.28274 22.28274 22.28274
22.28274 22.28274 22.28274 22.28274 22.28274
22.28274 22.28274 22.28274 22.28274 22.28274
22.25016 22.25016 22.25016 22.25016 22.25016
22.25016 22.25016 22.25016 22.25016 22.25016
22.25016 22.25016 22.25016 22.25016 22.25016
22.25016 22.25016 22.25016 22.25016 22.25016
22.25016 22.25016 22.25016 22.25016 22.25016
22.25016 22.25016 22.25016 22.25016 22.25016
22.25016 22.25016 22.25016 22.25016 22.25016
22.25016 22.25016 22.25016 22.25016 22.25016
22.25016 22.25016 22.25016 22.25016 22.25016
22.25016 22.25016 22.25016 22.25016 22.25016
22.25016 22.25016 22.25016 22.25016 22.25016
22.25016 22.25016 22.25016 22.25016 22.25016
22.25016 22.25016 22.25016 22.25016 22.25016
22.25016 22.25016 22.25016 22.25016 22.25016
22.25016 22.25016 22.25016 22.25016 22.25016
22.25016 22.25016 22.25016 22.25016 22.25016
22.25016 22.25016 22.25016 22.25016 22.25016
22.25016 22.25016 22.25016 22.25016 22.25016
22.25016 22.25016 22.25016 22.25016 22.25016
22.25016 22.25016 22.25016 22.25016 22.25016
22.21627 22.21627 22.21627 22.21627 22.21627
22.21627 22.21627 22.21627 22.21627 22.21627
22.21627 22.21627 22.21627 22.21627 22.21627
22.21627 22.21627 22.21627 22.21627 22.21627
22.21627 22.21627 22.21627 22.21627 22.21627
22.21627 22.21627 22.21627 22.21627 22.21627
22.21627 22.21627 22.21627 22.21627 22.21627
22.21627 22.21627 22.21627 22.21627 22.21627
22.21627 22.21627 22.21627 22.21627 22.21627
22.21627 22.21627 22.21627 22.21627 22.21627
22.21627 22.21627 22.21627 22.21627 22.21627
22.21627 22.21627 22.21627 22.21627 22.21627
22.21627 22.21627 22.21627 22.21627 22.21627
22.21627 22.21627 22.21627 22.21627 22.21627
22.21627 22.21627 22.21627 22.21627 22.21627
22.21627 22.21627 22.21627 22.21627 22.21627
22.21627 22.21627 22.21627 22.21627 22.21627
22.21627 22.21627 22.21627 22.21627 22.21627
22.21627 22.21627 22.21627 22.21627 22.21627
22.21627 22.21627 22.21627 22.21627 22.21627
22.18238 22.18238 22.18238 22.18238 22.18238
22.18238 22.18238 22.18238 22.18238 22.18238
22.18238 22.18238 22.18238 22.18238 22.18238
22.18238 22.18238 22.18238 22.18238 22.18238
22.18238 22.18238 22.18238 22.18238 22.18238
22.18238 22.18238 22.18238 22.18238 22.18238
22.18238 22.18238 22.18238 22.18238 22.18238
22.18238 22.18238 22.18238 22.18238 22.18238
22.18238 22.18238 22.18238 22.18238 22.18238
22.18238 22.18238 22.18238 22.18238 22.18238
22.18238 22.18238 22.18238 22.18238 22.18238
22.18238 22.18238 22.18238 22.18238 22.18238
22.18238 22.18238 22.18238 22.18238 22.18238
22.18238 22.18238 22.18238 22.18238 22.18238
22.18238 22.18238 22.18238 22.18238 22.18238
22.18238 22.18238 22.18238 22.18238 22.18238
22.18238 22.18238 22.18238 22.18238 22.18238
22.18238 22.18238 22.18238 22.18238 22.18238
22.18238 22.18238 22.18238 22.18238 22.18238
22.18238 22.18238 22.18238 22.18238 22.18238
22.14849 22.14849 22.14849 22.14849 22.14849
22.14849 22.14849 22.14849 22.14849 22.14849
22.14849 22.14849 22.14849 22.14849 22.14849
22.14849 22.14849 22.14849 22.14849 22.14849
22.14849 22.14849 22.14849 22.14849 22.14849
22.14849 22.14849 22.14849 22.14849 22.14849
22.14849 22.14849 22.14849 22.14849 22.14849
22.14849 22.14849 22.14849 22.14849 22.14849
22.14849 22.14849 22.14849 22.14849 22.14849
22.14849 22.14849 22.14849 22.14849 22.14849
22.14849 22.14849 22.14849 22.14849 22.14849
22.14849 22.14849 22.14849 22.14849 22.14849
22.14849 22.14849 22.14849 22.14849 22.14849
22.14849 22.14849 22.14849 22.14849 22.14849
22.14849 22.14849 22.14849 22.14849 22.14849
22.14849 22.14849 22.14849 22.14849 22.14849
22.14849 22.14849 22.14849 22.14849 22.14849
22.14849 22.14849 22.14849 22.14849 22.14849
22.14849 22.14849 22.14849 22.14849 22.14849
22.14849 22.14849 22.14849 22.14849 22.14849
22.1146 22.1146 22.1146 22.1146 22.1146
22.1146 22.1146 22.1146 22.1146 22.1146
22.1146 22.1146 22.1146 22.1146 22.1146
22.1146 22.1146 22.1146 22.1146 22.1146
22.1146 22.1146 22.1146 22.1146 22.1146
22.1146 22.1146 22.1146 22.1146 22.1146
22.1146 22.1146 22.1146 22.1146 22.1146
22.1146 22.1146 22.1146 22.1146 22.1146
22.1146 22.1146 22.1146 22.1146 22.1146
22.1146 22.1146 22.1146 22.1146 22.1146
22.1146 22.1146 22.1146 22.1146 22.1146
22.1146 22.1146 22.1146 22.1146 22.1146
22.1146 22.1146 22.1146 22.1146 22.1146
22.1146 22.1146 22.1146 22.1146 22.1146
22.1146 22.1146 22.1146 22.1146 22.1146
22.1146 22.1146 22.1146 22.1146 22.1146
22.1146 22.1146 22.1146 22.1146 22.1146
22.1146 22.1146 22.1146 22.1146 22.1146
22.1146 22.1146 22.1146 22.1146 22.1146
22.1146 22.1146 22.1146 22.1146 22.1146
22.08072 22.08072 22.08072 22.08072 22.08072
22.08072 22.08072 22.08072 22.08072 22.08072
22.08072 22.08072 22.08072 22.08072 22.08072
22.08072 22.08072 22.08072 22.08072 22.08072
22.08072 22.08072 22.08072 22.08072 22.08072
22.08072 22.08072 22.08072 22.08072 22.08072
22.08072 22.08072 22.08072 22.08072 22.08072
22.08072 22.08072 22.08072 22.08072 22.08072
22.08072 22.08072 22.08072 22.08072 22.08072
22.08072 22.08072 22.08072 22.08072 22.08072
22.08072 22.08072 22.08072 22.08072 22.08072
22.08072 22.08072 22.08072 22.08072 22.08072
22.08072 22.08072 22.08072 22.08072 22.08072
22.08072 22.08072 22.08072 22.08072 22.08072
22.08072 22.08072 22.08072 22.08072 22.08072
22.08072 22.08072 22.08072 22.08072 22.08072
22.08072 22.08072 22.08072 22.08072 22.08072
22.08072 22.08072 22.08072 22.08072 22.08072
22.08072 22.08072 22.08072 22.08072 22.08072
22.08072 22.08072 22.08072 22.08072 22.08072
22.04683 22.04683 22.04683 22.04683 22.04683
22.04683 22.04683 22.04683 22.04683 22.04683
22.04683 22.04683 22.04683 22.04683 22.04683
22.04683 22.04683 22.04683 22.04683 22.04683
22.04683 22.04683 22.04683 22.04683 22.04683
22.04683 22.04683 22.04683 22.04683 22.04683
22.04683 22.04683 22.04683 22.04683 22.04683
22.04683 22.04683 22.04683 22.04683 22.04683
22.04683 22.04683 22.04683 22.04683 22.04683
22.04683 22.04683 22.04683 22.04683 22.04683
22.04683 22.04683 22.04683 22.04683 22.04683
22.04683 22.04683 22.04683 22.04683 22.04683
22.04683 22.04683 22.04683 22.04683 22.04683
22.04683 22.04683 22.04683 22.04683 22.04683
22.04683 22.04683 22.04683 22.04683 22.04683
22.04683 22.04683 22.04683 22.04683 22.04683
22.04683 22.04683 22.04683 22.04683 22.04683
22.04683 22.04683 22.04683 22.04683 22.04683
22.04683 22.04683 22.04683 22.04683 22.04683
22.04683 22.04683 22.04683 22.04683 22.04683
22.01294 22.01294 22.01294 22.01294 22.01294
22.01294 22.01294 22.01294 22.01294 22.01294
22.01294 22.01294 22.01294 22.01294 22.01294
22.01294 22.01294 22.01294 22.01294 22.01294
22.01294 22.01294 22.01294 22.01294 22.01294
22.01294 22.01294 22.01294 22.01294 22.01294
22.01294 22.01294 22.01294 22.01294 22.01294
22.01294 22.01294 22.01294 22.01294 22.01294
22.01294 22.01294 22.01294 22.01294 22.01294
22.01294 22.01294 22.01294 22.01294 22.01294
22.01294 22.01294 22.01294 22.01294 22.01294
22.01294 22.01294 22.01294 22.01294 22.01294
22.01294 22.01294 22.01294 22.01294 22.01294
22.01294 22.01294 22.01294 22.01294 22.01294
22.01294 22.01294 22.01294 22.01294 22.01294
22.01294 22.01294 22.01294 22.01294 22.01294
22.01294 22.01294 22.01294 22.01294 22.01294
22.01294 22.01294 22.01294 22.01294 22.01294
22.01294 22.01294 22.01294 22.01294 22.01294
22.01294 22.01294 22.01294 22.01294 22.01294
21.97905 21.97905 21.97905 21.97905 21.97905
21.97905 21.97905 21.97905 21.97905 21.97905
21.97905 21.97905 21.97905 21.97905 21.97905
21.97905 21.97905 21.97905 21.97905 21.97905
21.97905 21.97905 21.97905 21.97905 21.97905
21.97905 21.97905 21.97905 21.97905 21.97905
21.97905 21.97905 21.97905 21.97905 21.97905
21.97905 21.97905 21.97905 21.97905 21.97905
21.97905 21.97905 21.97905 21.97905 21.97905
21.97905 21.97905 21.97905 21.97905 21.97905
21.97905 21.97905 21.97905 21.97905 21.97905
21.97905 21.97905 21.97905 21.97905 21.97905
21.97905 21.97905 21.97905 21.97905 21.97905
21.97905 21.97905 21.97905 21.97905 21.97905
21.97905 21.97905 21.97905 21.97905 21.97905
21.97905 21.97905 21.97905 21.97905 21.97905
21.97905 21.97905 21.97905 21.97905 21.97905
21.97905 21.97905 21.97905 21.97905 21.97905
21.97905 21.97905 21.97905 21.97905 21.97905
21.97905 21.97905 21.97905 21.97905 21.97905
21.94516 21.94516 21.94516 21.94516 21.94516
21.94516 21.94516 21.94516 21.94516 21.94516
21.94516 21.94516 21.94516 21.94516 21.94516
21.94516 21.94516 21.94516 21.94516 21.94516
21.94516 21.94516 21.94516 21.94516 21.94516
21.94516 21.94516 21.94516 21.94516 21.94516
21.94516 21.94516 21.94516 21.94516 21.94516
21.94516 21.94516 21.94516 21.94516 21.94516
21.94516 21.94516 21.94516 21.94516 21.94516
21.94516 21.94516 21.94516 21.94516 21.94516
21.94516 21.94516 21.94516 21.94516 21.94516
21.94516 21.94516 21.94516 21.94516 21.94516
21.94516 21.94516 21.94516 21.94516 21.94516
21.94516 21.94516 21.94516 21.94516 21.94516
21.94516 21.94516 21.94516 21.94516 21.94516
21.94516 21.94516 21.94516 21.94516 21.94516
21.94516 21.94516 21.94516 21.94516 21.94516
21.94516 21.94516 21.94516 21.94516 21.94516
21.94516 21.94516 21.94516 21.94516 21.94516
21.94516 21.94516 21.94516 21.94516 21.94516
21.91127 21.91127 21.91127 21.91127 21.91127
21.91127 21.91127 21.91127 21.91127 21.91127
21.91127 21.91127 21.91127 21.91127 21.91127
21.91127 21.91127 21.91127 21.91127 21.91127
21.91127 21.91127 21.91127 21.91127 21.91127
21.91127 21.91127 21.91127 21.91127 21.91127
21.91127 21.91127 21.91127 21.91127 21.91127
21.91127 21.91127 21.91127 21.91127 21.91127
21.91127 21.91127 21.91127 21.91127 21.91127
21.91127 21.91127 21.91127 21.91127 21.91127
21.91127 21.91127 21.91127 21.91127 21.91127
21.91127 21.91127 21.91127 21.91127 21.91127
21.91127 21.91127 21.91127 21.91127 21.91127
21.91127 21.91127 21.91127 21.91127 21.91127
21.91127 21.91127 21.91127 21.91127 21.91127
21.91127 21.91127 21.91127 21.91127 21.91127
21.91127 21.91127 21.91127 21.91127 21.91127
21.91127 21.91127 21.91127 21.91127 21.91127
21.91127 21.91127 21.91127 21.91127 21.91127
21.91127 21.91127 21.91127 21.91127 21.91127
21.87739 21.87739 21.87739 21.87739 21.87739
21.87739 21.87739 21.87739 21.87739 21.87739
21.87739 21.87739 21.87739 21.87739 21.87739
21.87739 21.87739 21.87739 21.87739 21.87739
21.87739 21.87739 21.87739 21.87739 21.87739
21.87739 21.87739 21.87739 21.87739 21.87739
21.87739 21.87739 21.87739 21.87739 21.87739
21.87739 21.87739 21.87739 21.87739 21.87739
21.87739 21.87739 21.87739 21.87739 21.87739
21.87739 21.87739 21.87739 21.87739 21.87739
21.87739 21.87739 21.87739 21.87739 21.87739
21.87739 21.87739 21.87739 21.87739 21.87739
21.87739 21.87739 21.87739 21.87739 21.87739
21.87739 21.87739 21.87739 21.87739 21.87739
21.87739 21.87739 21.87739 21.87739 21.87739
21.87739 21.87739 21.87739 21.87739 21.87739
21.87739 21.87739 21.87739 21.87739 21.87739
21.87739 21.87739 21.87739 21.87739 21.87739
21.87739 21.87739 21.87739 21.87739 21.87739
21.87739 21.87739 21.87739 21.87739 21.87739
21.8435 21.8435 21.8435 21.8435 21.8435
21.8435 21.8435 21.8435 21.8435 21.8435
21.8435 21.8435 21.8435 21.8435 21.8435
21.8435 21.8435 21.8435 21.8435 21.8435
21.8435 21.8435 21.8435 21.8435 21.8435
21.8435 21.8435 21.8435 21.8435 21.8435
21.8435 21.8435 21.8435 21.8435 21.8435
21.8435 21.8435 21.8435 21.8435 21.8435
21.8435 21.8435 21.8435 21.8435 21.8435
21.8435 21.8435 21.8435 21.8435 21.8435
21.8435 21.8435 21.8435 21.8435 21.8435
21.8435 21.8435 21.8435 21.8435 21.8435
21.8435 21.8435 21.8435 21.8435 21.8435
21.8435 21.8435 21.8435 21.8435 21.8435
21.8435 21.8435 21.8435 21.8435 21.8435
21.8435 21.8435 21.8435 21.8435 21.8435
21.8435 21.8435 21.8435 21.8435 21.8435
21.8435 21.8435 21.8435 21.8435 21.8435
21.8435 21.8435 21.8435 21.8435 21.8435
21.8435 21.8435 21.8435 21.8435 21.8435
21.80961 21.80961 21.80961 21.80961 21.80961
21.80961 21.80961 21.80961 21.80961 21.80961
21.80961 21.80961 21.80961 21.80961 21.80961
21.80961 21.80961 21.80961 21.80961 21.80961
21.80961 21.80961 21.80961 21.80961 21.80961
21.80961 21.80961 21.80961 21.80961 21.80961
21.80961 21.80961 21.80961 21.80961 21.80961
21.80961 21.80961 21.80961 21.80961 21.80961
21.80961 21.80961 21.80961 21.80961 21.80961
21.80961 21.80961 21.80961 21.80961 21.80961
21.80961 21.80961 21.80961 21.80961 21.80961
21.80961 21.80961 21.80961 21.80961 21.80961
21.80961 21.80961 21.80961 21.80961 21.80961
21.80961 21.80961 21.80961 21.80961 21.80961
21.80961 21.80961 21.80961 21.80961 21.80961
21.80961 21.80961 21.80961 21.80961 21.80961
21.80961 21.80961 21.80961 21.80961 21.80961
21.80961 21.80961 21.80961 21.80961 21.80961
21.80961 21.80961 21.80961 21.80961 21.80961
21.80961 21.80961 21.80961 21.80961 21.80961
21.77572 21.77572 21.77572 21.77572 21.77572
21.77572 21.77572 21.77572 21.77572 21.77572
21.77572 21.77572 21.77572 21.77572 21.77572
21.77572 21.77572 21.77572 21.77572 21.77572
21.77572 21.77572 21.77572 21.77572 21.77572
21.77572 21.77572 21.77572 21.77572 21.77572
21.77572 21.77572 21.77572 21.77572 21.77572
21.77572 21.77572 21.77572 21.77572 21.77572
21.77572 21.77572 21.77572 21.77572 21.77572
21.77572 21.77572 21.77572 21.77572 21.77572
21.77572 21.77572 21.77572 21.77572 21.77572
21.77572 21.77572 21.77572 21.77572 21.77572
21.77572 21.77572 21.77572 21.77572 21.77572
21.77572 21.77572 21.77572 21.77572 21.77572
21.77572 21.77572 21.77572 21.77572 21.77572
21.77572 21.77572 21.77572 21.77572 21.77572
21.77572 21.77572 21.77572 21.77572 21.77572
21.77572 21.77572 21.77572 21.77572 21.77572
21.77572 21.77572 21.77572 21.77572 21.77572
21.77572 21.77572 21.77572 21.77572 21.77572
21.74183 21.74183 21.74183 21.74183 21.74183
21.74183 21.74183 21.74183 21.74183 21.74183
21.74183 21.74183 21.74183 21.74183 21.74183
21.74183 21.74183 21.74183 21.74183 21.74183
21.74183 21.74183 21.74183 21.74183 21.74183
21.74183 21.74183 21.74183 21.74183 21.74183
21.74183 21.74183 21.74183 21.74183 21.74183
21.74183 21.74183 21.74183 21.74183 21.74183
21.74183 21.74183 21.74183 21.74183 21.74183
21.74183 21.74183 21.74183 21.74183 21.74183
21.74183 21.74183 21.74183 21.74183 21.74183
21.74183 21.74183 21.74183 21.74183 21.74183
21.74183 21.74183 21.74183 21.74183 21.74183
21.74183 21.74183 21.74183 21.74183 21.74183
21.74183 21.74183 21.74183 21.74183 21.74183
21.74183 21.74183 21.74183 21.74183 21.74183
21.74183 21.74183 21.74183 21.74183 21.74183
21.74183 21.74183 21.74183 21.74183 21.74183
21.74183 21.74183 21.74183 21.74183 21.74183
21.74183 21.74183 21.74183 21.74183 21.74183
21.70794 21.70794 21.70794 21.70794 21.70794
21.70794 21.70794 21.70794 21.70794 21.70794
21.70794 21.70794 21.70794 21.70794 21.70794
21.70794 21.70794 21.70794 21.70794 21.70794
21.70794 21.70794 21.70794 21.70794 21.70794
21.70794 21.70794 21.70794 21.70794 21.70794
21.70794 21.70794 21.70794 21.70794 21.70794
21.70794 21.70794 21.70794 21.70794 21.70794
21.70794 21.70794 21.70794 21.70794 21.70794
21.70794 21.70794 21.70794 21.70794 21.70794
21.70794 21.70794 21.70794 21.70794 21.70794
21.70794 21.70794 21.70794 21.70794 21.70794
21.70794 21.70794 21.70794 21.70794 21.70794
21.70794 21.70794 21.70794 21.70794 21.70794
21.70794 21.70794 21.70794 21.70794 21.70794
21.70794 21.70794 21.70794 21.70794 21.70794
21.70794 21.70794 21.70794 21.70794 21.70794
21.70794 21.70794 21.70794 21.70794 21.70794
21.70794 21.70794 21.70794 21.70794 21.70794
21.70794 21.70794 21.70794 21.70794 21.70794
21.67405 21.67405 21.67405 21.67405 21.67405
21.67405 21.67405 21.67405 21.67405 21.67405
21.67405 21.67405 21.67405 21.67405 21.67405
21.67405 21.67405 21.67405 21.67405 21.67405
21.67405 21.67405 21.67405 21.67405 21.67405
21.67405 21.67405 21.67405 21.67405 21.67405
21.67405 21.67405 21.67405 21.67405 21.67405
21.67405 21.67405 21.67405 21.67405 21.67405
21.67405 21.67405 21.67405 21.67405 21.67405
21.67405 21.67405 21.67405 21.67405 21.67405
21.67405 21.67405 21.67405 21.67405 21.67405
21.67405 21.67405 21.67405 21.67405 21.67405
21.67405 21.67405 21.67405 21.67405 21.67405
21.67405 21.67405 21.67405 21.67405 21.67405
21.67405 21.67405 21.67405 21.67405 21.67405
21.67405 21.67405 21.67405 21.67405 21.67405
21.67405 21.67405 21.67405 21.67405 21.67405
21.67405 21.67405 21.67405 21.67405 21.67405
21.67405 21.67405 21.67405 21.67405 21.67405
21.67405 21.67405 21.67405 21.67405 21.67405
21.64017 21.64017 21.64017 21.64017 21.64017
21.64017 21.64017 21.64017 21.64017 21.64017
21.64017 21.64017 21.64017 21.64017 21.64017
21.64017 21.64017 21.64017 21.64017 21.64017
21.64017 21.64017 21.64017 21.64017 21.64017
21.64017 21.64017 21.64017 21.64017 21.64017
21.64017 21.64017 21.64017 21.64017 21.64017
21.64017 21.64017 21.64017 21.64017 21.64017
21.64017 21.64017 21.64017 21.64017 21.64017
21.64017 21.64017 21.64017 21.64017 21.64017
21.64017 21.64017 21.64017 21.64017 21.64017
21.64017 21.64017 21.64017 21.64017 21.64017
21.64017 21.64017 21.64017 21.64017 21.64017
21.64017 21.64017 21.64017 21.64017 21.64017
21.64017 21.64017 21.64017 21.64017 21.64017
21.64017 21.64017 21.64017 21.64017 21.64017
21.64017 21.64017 21.64017 21.64017 21.64017
21.64017 21.64017 21.64017 21.64017 21.64017
21.64017 21.64017 21.64017 21.64017 21.64017
21.64017 21.64017 21.64017 21.64017 21.64017
21.60628 21.60628 21.60628 21.60628 21.60628
21.60628 21.60628 21.60628 21.60628 21.60628
21.60628 21.60628 21.60628 21.60628 21.60628
21.60628 21.60628 21.60628 21.60628 21.60628
21.60628 21.60628 21.60628 21.60628 21.60628
21.60628 21.60628 21.60628 21.60628 21.60628
21.60628 21.60628 21.60628 21.60628 21.60628
21.60628 21.60628 21.60628 21.60628 21.60628
21.60628 21.60628 21.60628 21.60628 21.60628
21.60628 21.60628 21.60628 21.60628 21.60628
21.60628 21.60628 21.60628 21.60628 21.60628
21.60628 21.60628 21.60628 21.60628 21.60628
21.60628 21.60628 21.60628 21.60628 21.60628
21.60628 21.60628 21.60628 21.60628 21.60628
21.60628 21.60628 21.60628 21.60628 21.60628
21.60628 21.60628 21.60628 21.60628 21.60628
21.60628 21.60628 21.60628 21.60628 21.60628
21.60628 21.60628 21.60628 21.60628 21.60628
21.60628 21.60628 21.60628 21.60628 21.60628
21.60628 21.60628 21.60628 21.60628 21.60628
21.57239 21.57239 21.57239 21.57239 21.57239
21.57239 21.57239 21.57239 21.57239 21.57239
21.57239 21.57239 21.57239 21.57239 21.57239
21.57239 21.57239 21.57239 21.57239 21.57239
21.57239 21.57239 21.57239 21.57239 21.57239
21.57239 21.57239 21.57239 21.57239 21.57239
21.57239 21.57239 21.57239 21.57239 21.57239
21.57239 21.57239 21.57239 21.57239 21.57239
21.57239 21.57239 21.57239 21.57239 21.57239
21.57239 21.57239 21.57239 21.57239 21.57239
21.57239 21.57239 21.57239 21.57239 21.57239
21.57239 21.57239 21.57239 21.57239 21.57239
21.57239 21.57239 21.57239 21.57239 21.57239
21.57239 21.57239 21.57239 21.57239 21.57239
21.57239 21.57239 21.57239 21.57239 21.57239
21.57239 21.57239 21.57239 21.57239 21.57239
21.57239 21.57239 21.57239 21.57239 21.57239
21.57239 21.57239 21.57239 21.57239 21.57239
21.57239 21.57239 21.57239 21.57239 21.57239
21.57239 21.57239 21.57239 21.57239 21.57239
21.5385 21.5385 21.5385 21.5385 21.5385
21.5385 21.5385 21.5385 21.5385 21.5385
21.5385 21.5385 21.5385 21.5385 21.5385
21.5385 21.5385 21.5385 21.5385 21.5385
21.5385 21.5385 21.5385 21.5385 21.5385
21.5385 21.5385 21.5385 21.5385 21.5385
21.5385 21.5385 21.5385 21.5385 21.5385
21.5385 21.5385 21.5385 21.5385 21.5385
21.5385 21.5385 21.5385 21.5385 21.5385
21.5385 21.5385 21.5385 21.5385 21.5385
21.5385 21.5385 21.5385 21.5385 21.5385
21.5385 21.5385 21.5385 21.5385 21.5385
21.5385 21.5385 21.5385 21.5385 21.5385
21.5385 21.5385 21.5385 21.5385 21.5385
21.5385 21.5385 21.5385 21.5385 21.5385
21.5385 21.5385 21.5385 21.5385 21.5385
21.5385 21.5385 21.5385 21.5385 21.5385
21.5385 21.5385 21.5385 21.5385 21.5385
21.5385 21.5385 21.5385 21.5385 21.5385
21.5385 21.5385 21.5385 21.5385 21.5385
21.50461 21.50461 21.50461 21.50461 21.50461
21.50461 21.50461 21.50461 21.50461 21.50461
21.50461 21.50461 21.50461 21.50461 21.50461
21.50461 21.50461 21.50461 21.50461 21.50461
21.50461 21.50461 21.50461 21.50461 21.50461
21.50461 21.50461 21.50461 21.50461 21.50461
21.50461 21.50461 21.50461 21.50461 21.50461
21.50461 21.50461 21.50461 21.50461 21.50461
21.50461 21.50461 21.50461 21.50461 21.50461
21.50461 21.50461 21.50461 21.50461 21.50461
21.50461 21.50461 21.50461 21.50461 21.50461
21.50461 21.50461 21.50461 21.50461 21.50461
21.50461 21.50461 21.50461 21.50461 21.50461
21.50461 21.50461 21.50461 21.50461 21.50461
21.50461 21.50461 21.50461 21.50461 21.50461
21.50461 21.50461 21.50461 21.50461 21.50461
21.50461 21.50461 21.50461 21.50461 21.50461
21.50461 21.50461 21.50461 21.50461 21.50461
21.50461 21.50461 21.50461 21.50461 21.50461
21.50461 21.50461 21.50461 21.50461 21.50461
21.53015 21.53015 21.53015 21.53015 21.53015
21.53015 21.53015 21.53015 21.53015 21.53015
21.53015 21.53015 21.53015 21.53015 21.53015
21.53015 21.53015 21.53015 21.53015 21.53015
21.53015 21.53015 21.53015 21.53015 21.53015
21.53015 21.53015 21.53015 21.53015 21.53015
21.53015 21.53015 21.53015 21.53015 21.53015
21.53015 21.53015 21.53015 21.53015 21.53015
21.53015 21.53015 21.53015 21.53015 21.53015
21.53015 21.53015 21.53015 21.53015 21.53015
21.53015 21.53015 21.53015 21.53015 21.53015
21.53015 21.53015 21.53015 21.53015 21.53015
21.53015 21.53015 21.53015 21.53015 21.53015
21.53015 21.53015 21.53015 21.53015 21.53015
21.53015 21.53015 21.53015 21.53015 21.53015
21.53015 21.53015 21.53015 21.53015 21.53015
21.53015 21.53015 21.53015 21.53015 21.53015
21.53015 21.53015 21.53015 21.53015 21.53015
21.53015 21.53015 21.53015 21.53015 21.53015
21.53015 21.53015 21.53015 21.53015 21.53015
21.56829 21.56829 21.56829 21.56829 21.56829
21.56829 21.56829 21.56829 21.56829 21.56829
21.56829 21.56829 21.56829 21.56829 21.56829
21.56829 21.56829 21.56829 21.56829 21.56829
21.56829 21.56829 21.56829 21.56829 21.56829
21.56829 21.56829 21.56829 21.56829 21.56829
21.56829 21.56829 21.56829 21.56829 21.56829
21.56829 21.56829 21.56829 21.56829 21.56829
21.56829 21.56829 21.56829 21.56829 21.56829
21.56829 21.56829 21.56829 21.56829 21.56829
21.56829 21.56829 21.56829 21.56829 21.56829
21.56829 21.56829 21.56829 21.56829 21.56829
21.56829 21.56829 21.56829 21.56829 21.56829
21.56829 21.56829 21.56829 21.56829 21.56829
21.56829 21.56829 21.56829 21.56829 21.56829
21.56829 21.56829 21.56829 21.56829 21.56829
21.56829 21.56829 21.56829 21.56829 21.56829
21.56829 21.56829 21.56829 21.56829 21.56829
21.56829 21.56829 21.56829 21.56829 21.56829
21.56829 21.56829 21.56829 21.56829 21.56829
21.60644 21.60644 21.60644 21.60644 21.60644
21.60644 21.60644 21.60644 21.60644 21.60644
21.60644 21.60644 21.60644 21.60644 21.60644
21.60644 21.60644 21.60644 21.60644 21.60644
21.60644 21.60644 21.60644 21.60644 21.60644
21.60644 21.60644 21.60644 21.60644 21.60644
21.60644 21.60644 21.60644 21.60644 21.60644
21.60644 21.60644 21.60644 21.60644 21.60644
21.60644 21.60644 21.60644 21.60644 21.60644
21.60644 21.60644 21.60644 21.60644 21.60644
21.60644 21.60644 21.60644 21.60644 21.60644
21.60644 21.60644 21.60644 21.60644 21.60644
21.60644 21.60644 21.60644 21.60644 21.60644
21.60644 21.60644 21.60644 21.60644 21.60644
21.60644 21.60644 21.60644 21.60644 21.60644
21.60644 21.60644 21.60644 21.60644 21.60644
21.60644 21.60644 21.60644 21.60644 21.60644
21.60644 21.60644 21.60644 21.60644 21.60644
21.60644 21.60644 21.60644 21.60644 21.60644
21.60644 21.60644 21.60644 21.60644 21.60644
21.64458 21.64458 21.64458 21.64458 21.64458
21.64458 21.64458 21.64458 21.64458 21.64458
21.64458 21.64458 21.64458 21.64458 21.64458
21.64458 21.64458 21.64458 21.64458 21.64458
21.64458 21.64458 21.64458 21.64458 21.64458
21.64458 21.64458 21.64458 21.64458 21.64458
21.64458 21.64458 21.64458 21.64458 21.64458
21.64458 21.64458 21.64458 21.64458 21.64458
21.64458 21.64458 21.64458 21.64458 21.64458
21.64458 21.64458 21.64458 21.64458 21.64458
21.64458 21.64458 21.64458 21.64458 21.64458
21.64458 21.64458 21.64458 21.64458 21.64458
21.64458 21.64458 21.64458 21.64458 21.64458
21.64458 21.64458 21.64458 21.64458 21.64458
21.64458 21.64458 21.64458 21.64458 21.64458
21.64458 21.64458 21.64458 21.64458 21.64458
21.64458 21.64458 21.64458 21.64458 21.64458
21.64458 21.64458 21.64458 21.64458 21.64458
21.64458 21.64458 21.64458 21.64458 21.64458
21.64458 21.64458 21.64458 21.64458 21.64458
21.68273 21.68273 21.68273 21.68273 21.68273
21.68273 21.68273 21.68273 21.68273 21.68273
21.68273 21.68273 21.68273 21.68273 21.68273
21.68273 21.68273 21.68273 21.68273 21.68273
21.68273 21.68273 21.68273 21.68273 21.68273
21.68273 21.68273 21.68273 21.68273 21.68273
21.68273 21.68273 21.68273 21.68273 21.68273
21.68273 21.68273 21.68273 21.68273 21.68273
21.68273 21.68273 21.68273 21.68273 21.68273
21.68273 21.68273 21.68273 21.68273 21.68273
21.68273 21.68273 21.68273 21.68273 21.68273
21.68273 21.68273 21.68273 21.68273 21.68273
21.68273 21.68273 21.68273 21.68273 21.68273
21.68273 21.68273 21.68273 21.68273 21.68273
21.68273 21.68273 21.68273 21.68273 21.68273
21.68273 21.68273 21.68273 21.68273 21.68273
21.68273 21.68273 21.68273 21.68273 21.68273
21.68273 21.68273 21.68273 21.68273 21.68273
21.68273 21.68273 21.68273 21.68273 21.68273
21.68273 21.68273 21.68273 21.68273 21.68273
21.72087 21.72087 21.72087 21.72087 21.72087
21.72087 21.72087 21.72087 21.72087 21.72087
21.72087 21.72087 21.72087 21.72087 21.72087
21.72087 21.72087 21.72087 21.72087 21.72087
21.72087 21.72087 21.72087 21.72087 21.72087
21.72087 21.72087 21.72087 21.72087 21.72087
21.72087 21.72087 21.72087 21.72087 21.72087
21.72087 21.72087 21.72087 21.72087 21.72087
21.72087 21.72087 21.72087 21.72087 21.72087
21.72087 21.72087 21.72087 21.72087 21.72087
21.72087 21.72087 21.72087 21.72087 21.72087
21.72087 21.72087 21.72087 21.72087 21.72087
21.72087 21.72087 21.72087 21.72087 21.72087
21.72087 21.72087 21.72087 21.72087 21.72087
21.72087 21.72087 21.72087 21.72087 21.72087
21.72087 21.72087 21.72087 21.72087 21.72087
21.72087 21.72087 21.72087 21.72087 21.72087
21.72087 21.72087 21.72087 21.72087 21.72087
21.72087 21.72087 21.72087 21.72087 21.72087
21.72087 21.72087 21.72087 21.72087 21.72087
21.75901 21.75901 21.75901 21.75901 21.75901
21.75901 21.75901 21.75901 21.75901 21.75901
21.75901 21.75901 21.75901 21.75901 21.75901
21.75901 21.75901 21.75901 21.75901 21.75901
21.75901 21.75901 21.75901 21.75901 21.75901
21.75901 21.75901 21.75901 21.75901 21.75901
21.75901 21.75901 21.75901 21.75901 21.75901
21.75901 21.75901 21.75901 21.75901 21.75901
21.75901 21.75901 21.75901 21.75901 21.75901
21.75901 21.75901 21.75901 21.75901 21.75901
21.75901 21.75901 21.75901 21.75901 21.75901
21.75901 21.75901 21.75901 21.75901 21.75901
21.75901 21.75901 21.75901 21.75901 21.75901
21.75901 21.75901 21.75901 21.75901 21.75901
21.75901 21.75901 21.75901 21.75901 21.75901
21.75901 21.75901 21.75901 21.75901 21.75901
21.75901 21.75901 21.75901 21.75901 21.75901
21.75901 21.75901 21.75901 21.75901 21.75901
21.75901 21.75901 21.75901 21.75901 21.75901
21.75901 21.75901 21.75901 21.75901 21.75901
21.79716 21.79716 21.79716 21.79716 21.79716
21.79716 21.79716 21.79716 21.79716 21.79716
21.79716 21.79716 21.79716 21.79716 21.79716
21.79716 21.79716 21.79716 21.79716 21.79716
21.79716 21.79716 21.79716 21.79716 21.79716
21.79716 21.79716 21.79716 21.79716 21.79716
21.79716 21.79716 21.79716 21.79716 21.79716
21.79716 21.79716 21.79716 21.79716 21.79716
21.79716 21.79716 21.79716 21.79716 21.79716
21.79716 21.79716 21.79716 21.79716 21.79716
21.79716 21.79716 21.79716 21.79716 21.79716
21.79716 21.79716 21.79716 21.79716 21.79716
21.79716 21.79716 21.79716 21.79716 21.79716
21.79716 21.79716 21.79716 21.79716 21.79716
21.79716 21.79716 21.79716 21.79716 21.79716
21.79716 21.79716 21.79716 21.79716 21.79716
21.79716 21.79716 21.79716 21.79716 21.79716
21.79716 21.79716 21.79716 21.79716 21.79716
21.79716 21.79716 21.79716 21.79716 21.79716
21.79716 21.79716 21.79716 21.79716 21.79716
21.8353 21.8353 21.8353 21.8353 21.8353
21.8353 21.8353 21.8353 21.8353 21.8353
21.8353 21.8353 21.8353 21.8353 21.8353
21.8353 21.8353 21.8353 21.8353 21.8353
21.8353 21.8353 21.8353 21.8353 21.8353
21.8353 21.8353 21.8353 21.8353 21.8353
21.8353 21.8353 21.8353 21.8353 21.8353
21.8353 21.8353 21.8353 21.8353 21.8353
21.8353 21.8353 21.8353 21.8353 21.8353
21.8353 21.8353 21.8353 21.8353 21.8353
21.8353 21.8353 21.8353 21.8353 21.8353
21.8353 21.8353 21.8353 21.8353 21.8353
21.8353 21.8353 21.8353 21.8353 21.8353
21.8353 21.8353 21.8353 21.8353 21.8353
21.8353 21.8353 21.8353 21.8353 21.8353
21.8353 21.8353 21.8353 21.8353 21.8353
21.8353 21.8353 21.8353 21.8353 21.8353
21.8353 21.8353 21.8353 21.8353 21.8353
21.8353 21.8353 21.8353 21.8353 21.8353
21.8353 21.8353 21.8353 21.8353 21.8353
21.87344 21.87344 21.87344 21.87344 21.87344
21.87344 21.87344 21.87344 21.87344 21.87344
21.87344 21.87344 21.87344 21.87344 21.87344
21.87344 21.87344 21.87344 21.87344 21.87344
21.87344 21.87344 21.87344 21.87344 21.87344
21.87344 21.87344 21.87344 21.87344 21.87344
21.87344 21.87344 21.87344 21.87344 21.87344
21.87344 21.87344 21.87344 21.87344 21.87344
21.87344 21.87344 21.87344 21.87344 21.87344
21.87344 21.87344 21.87344 21.87344 21.87344
21.87344 21.87344 21.87344 21.87344 21.87344
21.87344 21.87344 21.87344 21.87344 21.87344
21.87344 21.87344 21.87344 21.87344 21.87344
21.87344 21.87344 21.87344 21.87344 21.87344
21.87344 21.87344 21.87344 21.87344 21.87344
21.87344 21.87344 21.87344 21.87344 21.87344
21.87344 21.87344 21.87344 21.87344 21.87344
21.87344 21.87344 21.87344 21.87344 21.87344
21.87344 21.87344 21.87344 21.87344 21.87344
21.87344 21.87344 21.87344 21.87344 21.87344
21.91159 21.91159 21.91159 21.91159 21.91159
21.91159 21.91159 21.91159 21.91159 21.91159
21.91159 21.91159 21.91159 21.91159 21.91159
21.91159 21.91159 21.91159 21.91159 21.91159
21.91159 21.91159 21.91159 21.91159 21.91159
21.91159 21.91159 21.91159 21.91159 21.91159
21.91159 21.91159 21.91159 21.91159 21.91159
21.91159 21.91159 21.91159 21.91159 21.91159
21.91159 21.91159 21.91159 21.91159 21.91159
21.91159 21.91159 21.91159 21.91159 21.91159
21.91159 21.91159 21.91159 21.91159 21.91159
21.91159 21.91159 21.91159 21.91159 21.91159
21.91159 21.91159 21.91159 21.91159 21.91159
21.91159 21.91159 21.91159 21.91159 21.91159
21.91159 21.91159 21.91159 21.91159 21.91159
21.91159 21.91159 21.91159 21.91159 21.91159
21.91159 21.91159 21.91159 21.91159 21.91159
21.91159 21.91159 21.91159 21.91159 21.91159
21.91159 21.91159 21.91159 21.91159 21.91159
21.91159 21.91159 21.91159 21.91159 21.91159
21.94973 21.94973 21.94973 21.94973 21.94973
21.94973 21.94973 21.94973 21.94973 21.94973
21.94973 21.94973 21.94973 21.94973 21.94973
21.94973 21.94973 21.94973 21.94973 21.94973
21.94973 21.94973 21.94973 21.94973 21.94973
21.94973 21.94973 21.94973 21.94973 21.94973
21.94973 21.94973 21.94973 21.94973 21.94973
21.94973 21.94973 21.94973 21.94973 21.94973
21.94973 21.94973 21.94973 21.94973 21.94973
21.94973 21.94973 21.94973 21.94973 21.94973
21.94973 21.94973 21.94973 21.94973 21.94973
21.94973 21.94973 21.94973 21.94973 21.94973
21.94973 21.94973 21.94973 21.94973 21.94973
21.94973 21.94973 21.94973 21.94973 21.94973
21.94973 21.94973 21.94973 21.94973 21.94973
21.94973 21.94973 21.94973 21.94973 21.94973
21.94973 21.94973 21.94973 21.94973 21.94973
21.94973 21.94973 21.94973 21.94973 21.94973
21.94973 21.94973 21.94973 21.94973 21.94973
21.94973 21.94973 21.94973 21.94973 21.94973
21.98787 21.98787 21.98787 21.98787 21.98787
21.98787 21.98787 21.98787 21.98787 21.98787
21.98787 21.98787 21.98787 21.98787 21.98787
21.98787 21.98787 21.98787 21.98787 21.98787
21.98787 21.98787 21.98787 21.98787 21.98787
21.98787 21.98787 21.98787 21.98787 21.98787
21.98787 21.98787 21.98787 21.98787 21.98787
21.98787 21.98787 21.98787 21.98787 21.98787
21.98787 21.98787 21.98787 21.98787 21.98787
21.98787 21.98787 21.98787 21.98787 21.98787
21.98787 21.98787 21.98787 21.98787 21.98787
21.98787 21.98787 21.98787 21.98787 21.98787
21.98787 21.98787 21.98787 21.98787 21.98787
21.98787 21.98787 21.98787 21.98787 21.98787
21.98787 21.98787 21.98787 21.98787 21.98787
21.98787 21.98787 21.98787 21.98787 21.98787
21.98787 21.98787 21.98787 21.98787 21.98787
21.98787 21.98787 21.98787 21.98787 21.98787
21.98787 21.98787 21.98787 21.98787 21.98787
21.98787 21.98787 21.98787 21.98787 21.98787
22.02602 22.02602 22.02602 22.02602 22.02602
22.02602 22.02602 22.02602 22.02602 22.02602
22.02602 22.02602 22.02602 22.02602 22.02602
22.02602 22.02602 22.02602 22.02602 22.02602
22.02602 22.02602 22.02602 22.02602 22.02602
22.02602 22.02602 22.02602 22.02602 22.02602
22.02602 22.02602 22.02602 22.02602 22.02602
22.02602 22.02602 22.02602 22.02602 22.02602
22.02602 22.02602 22.02602 22.02602 22.02602
22.02602 22.02602 22.02602 22.02602 22.02602
22.02602 22.02602 22.02602 22.02602 22.02602
22.02602 22.02602 22.02602 22.02602 22.02602
22.02602 22.02602 22.02602 22.02602 22.02602
22.02602 22.02602 22.02602 22.02602 22.02602
22.02602 22.02602 22.02602 22.02602 22.02602
22.02602 22.02602 22.02602 22.02602 22.02602
22.02602 22.02602 22.02602 22.02602 22.02602
22.02602 22.02602 22.02602 22.02602 22.02602
22.02602 22.02602 22.02602 22.02602 22.02602
22.02602 22.02602 22.02602 22.02602 22.02602
22.06416 22.06416 22.06416 22.06416 22.06416
22.06416 22.06416 22.06416 22.06416 22.06416
22.06416 22.06416 22.06416 22.06416 22.06416
22.06416 22.06416 22.06416 22.06416 22.06416
22.06416 22.06416 22.06416 22.06416 22.06416
22.06416 22.06416 22.06416 22.06416 22.06416
22.06416 22.06416 22.06416 22.06416 22.06416
22.06416 22.06416 22.06416 22.06416 22.06416
22.06416 22.06416 22.06416 22.06416 22.06416
22.06416 22.06416 22.06416 22.06416 22.06416
22.06416 22.06416 22.06416 22.06416 22.06416
22.06416 22.06416 22.06416 22.06416 22.06416
22.06416 22.06416 22.06416 22.06416 22.06416
22.06416 22.06416 22.06416 22.06416 22.06416
22.06416 22.06416 22.06416 22.06416 22.06416
22.06416 22.06416 22.06416 22.06416 22.06416
22.06416 22.06416 22.06416 22.06416 22.06416
22.06416 22.06416 22.06416 22.06416 22.06416
22.06416 22.06416 22.06416 22.06416 22.06416
22.06416 22.06416 22.06416 22.06416 22.06416
22.10231 22.10231 22.10231 22.10231 22.10231
22.10231 22.10231 22.10231 22.10231 22.10231
22.10231 22.10231 22.10231 22.10231 22.10231
22.10231 22.10231 22.10231 22.10231 22.10231
22.10231 22.10231 22.10231 22.10231 22.10231
22.10231 22.10231 22.10231 22.10231 22.10231
22.10231 22.10231 22.10231 22.10231 22.10231
22.10231 22.10231 22.10231 22.10231 22.10231
22.10231 22.10231 22.10231 22.10231 22.10231
22.10231 22.10231 22.10231 22.10231 22.10231
22.10231 22.10231 22.10231 22.10231 22.10231
22.10231 22.10231 22.10231 22.10231 22.10231
22.10231 22.10231 22.10231 22.10231 22.10231
22.10231 22.10231 22.10231 22.10231 22.10231
22.10231 22.10231 22.10231 22.10231 22.10231
22.10231 22.10231 22.10231 22.10231 22.10231
22.10231 22.10231 22.10231 22.10231 22.10231
22.10231 22.10231 22.10231 22.10231 22.10231
22.10231 22.10231 22.10231 22.10231 22.10231
22.10231 22.10231 22.10231 22.10231 22.10231
22.14045 22.14045 22.14045 22.14045 22.14045
22.14045 22.14045 22.14045 22.14045 22.14045
22.14045 22.14045 22.14045 22.14045 22.14045
22.14045 22.14045 22.14045 22.14045 22.14045
22.14045 22.14045 22.14045 22.14045 22.14045
22.14045 22.14045 22.14045 22.14045 22.14045
22.14045 22.14045 22.14045 22.14045 22.14045
22.14045 22.14045 22.14045 22.14045 22.14045
22.14045 22.14045 22.14045 22.14045 22.14045
22.14045 22.14045 22.14045 22.14045 22.14045
22.14045 22.14045 22.14045 22.14045 22.14045
22.14045 22.14045 22.14045 22.14045 22.14045
22.14045 22.14045 22.14045 22.14045 22.14045
22.14045 22.14045 22.14045 22.14045 22.14045
22.14045 22.14045 22.14045 22.14045 22.14045
22.14045 22.14045 22.14045 22.14045 22.14045
22.14045 22.14045 22.14045 22.14045 22.14045
22.14045 22.14045 22.14045 22.14045 22.14045
22.14045 22.14045 22.14045 22.14045 22.14045
22.14045 22.14045 22.14045 22.14045 22.14045
22.17859 22.17859 22.17859 22.17859 22.17859
22.17859 22.17859 22.17859 22.17859 22.17859
22.17859 22.17859 22.17859 22.17859 22.17859
22.17859 22.17859 22.17859 22.17859 22.17859
22.17859 22.17859 22.17859 22.17859 22.17859
22.17859 22.17859 22.17859 22.17859 22.17859
22.17859 22.17859 22.17859 22.17859 22.17859
22.17859 22.17859 22.17859 22.17859 22.17859
22.17859 22.17859 22.17859 22.17859 22.17859
22.17859 22.17859 22.17859 22.17859 22.17859
22.17859 22.17859 22.17859 22.17859 22.17859
22.17859 22.17859 22.17859 22.17859 22.17859
22.17859 22.17859 22.17859 22.17859 22.17859
22.17859 22.17859 22.17859 22.17859 22.17859
22.17859 22.17859 22.17859 22.17859 22.17859
22.17859 22.17859 22.17859 22.17859 22.17859
22.17859 22.17859 22.17859 22.17859 22.17859
22.17859 22.17859 22.17859 22.17859 22.17859
22.17859 22.17859 22.17859 22.17859 22.17859
22.17859 22.17859 22.17859 22.17859 22.17859
22.21674 22.21674 22.21674 22.21674 22.21674
22.21674 22.21674 22.21674 22.21674 22.21674
22.21674 22.21674 22.21674 22.21674 22.21674
22.21674 22.21674 22.21674 22.21674 22.21674
22.21674 22.21674 22.21674 22.21674 22.21674
22.21674 22.21674 22.21674 22.21674 22.21674
22.21674 22.21674 22.21674 22.21674 22.21674
22.21674 22.21674 22.21674 22.21674 22.21674
22.21674 22.21674 22.21674 22.21674 22.21674
22.21674 22.21674 22.21674 22.21674 22.21674
22.21674 22.21674 22.21674 22.21674 22.21674
22.21674 22.21674 22.21674 22.21674 22.21674
22.21674 22.21674 22.21674 22.21674 22.21674
22.21674 22.21674 22.21674 22.21674 22.21674
22.21674 22.21674 22.21674 22.21674 22.21674
22.21674 22.21674 22.21674 22.21674 22.21674
22.21674 22.21674 22.21674 22.21674 22.21674
22.21674 22.21674 22.21674 22.21674 22.21674
22.21674 22.21674 22.21674 22.21674 22.21674
22.21674 22.21674 22.21674 22.21674 22.21674
22.25488 22.25488 22.25488 22.25488 22.25488
22.25488 22.25488 22.25488 22.25488 22.25488
22.25488 22.25488 22.25488 22.25488 22.25488
22.25488 22.25488 22.25488 22.25488 22.25488
22.25488 22.25488 22.25488 22.25488 22.25488
22.25488 22.25488 22.25488 22.25488 22.25488
22.25488 22.25488 22.25488 22.25488 22.25488
22.25488 22.25488 22.25488 22.25488 22.25488
22.25488 22.25488 22.25488 22.25488 22.25488
22.25488 22.25488 22.25488 22.25488 22.25488
22.25488 22.25488 22.25488 22.25488 22.25488
22.25488 22.25488 22.25488 22.25488 22.25488
22.25488 22.25488 22.25488 22.25488 22.25488
22.25488 22.25488 22.25488 22.25488 22.25488
22.25488 22.25488 22.25488 22.25488 22.25488
22.25488 22.25488 22.25488 22.25488 22.25488
22.25488 22.25488 22.25488 22.25488 22.25488
22.25488 22.25488 22.25488 22.25488 22.25488
22.25488 22.25488 22.25488 22.25488 22.25488
22.25488 22.25488 22.25488 22.25488 22.25488
22.29302 22.29302 22.29302 22.29302 22.29302
22.29302 22.29302 22.29302 22.29302 22.29302
22.29302 22.29302 22.29302 22.29302 22.29302
22.29302 22.29302 22.29302 22.29302 22.29302
22.29302 22.29302 22.29302 22.29302 22.29302
22.29302 22.29302 22.29302 22.29302 22.29302
22.29302 22.29302 22.29302 22.29302 22.29302
22.29302 22.29302 22.29302 22.29302 22.29302
22.29302 22.29302 22.29302 22.29302 22.29302
22.29302 22.29302 22.29302 22.29302 22.29302
22.29302 22.29302 22.29302 22.29302 22.29302
22.29302 22.29302 22.29302 22.29302 22.29302
22.29302 22.29302 22.29302 22.29302 22.29302
22.29302 22.29302 22.29302 22.29302 22.29302
22.29302 22.29302 22.29302 22.29302 22.29302
22.29302 22.29302 22.29302 22.29302 22.29302
22.29302 22.29302 22.29302 22.29302 22.29302
22.29302 22.29302 22.29302 22.29302 22.29302
22.29302 22.29302 22.29302 22.29302 22.29302
22.29302 22.29302 22.29302 22.29302 22.29302
22.33117 22.33117 22.33117 22.33117 22.33117
22.33117 22.33117 22.33117 22.33117 22.33117
22.33117 22.33117 22.33117 22.33117 22.33117
22.33117 22.33117 22.33117 22.33117 22.33117
22.33117 22.33117 22.33117 22.33117 22.33117
22.33117 22.33117 22.33117 22.33117 22.33117
22.33117 22.33117 22.33117 22.33117 22.33117
22.33117 22.33117 22.33117 22.33117 22.33117
22.33117 22.33117 22.33117 22.33117 22.33117
22.33117 22.33117 22.33117 22.33117 22.33117
22.33117 22.33117 22.33117 22.33117 22.33117
22.33117 22.33117 22.33117 22.33117 22.33117
22.33117 22.33117 22.33117 22.33117 22.33117
22.33117 22.33117 22.33117 22.33117 22.33117
22.33117 22.33117 22.33117 22.33117 22.33117
22.33117 22.33117 22.33117 22.33117 22.33117
22.33117 22.33117 22.33117 22.33117 22.33117
22.33117 22.33117 22.33117 22.33117 22.33117
22.33117 22.33117 22.33117 22.33117 22.33117
22.33117 22.33117 22.33117 22.33117 22.33117
22.36931 22.36931 22.36931 22.36931 22.36931
22.36931 22.36931 22.36931 22.36931 22.36931
22.36931 22.36931 22.36931 22.36931 22.36931
22.36931 22.36931 22.36931 22.36931 22.36931
22.36931 22.36931 22.36931 22.36931 22.36931
22.36931 22.36931 22.36931 22.36931 22.36931
22.36931 22.36931 22.36931 22.36931 22.36931
22.36931 22.36931 22.36931 22.36931 22.36931
22.36931 22.36931 22.36931 22.36931 22.36931
22.36931 22.36931 22.36931 22.36931 22.36931
22.36931 22.36931 22.36931 22.36931 22.36931
22.36931 22.36931 22.36931 22.36931 22.36931
22.36931 22.36931 22.36931 22.36931 22.36931
22.36931 22.36931 22.36931 22.36931 22.36931
22.36931 22.36931 22.36931 22.36931 22.36931
22.36931 22.36931 22.36931 22.36931 22.36931
22.36931 22.36931 22.36931 22.36931 22.36931
22.36931 22.36931 22.36931 22.36931 22.36931
22.36931 22.36931 22.36931 22.36931 22.36931
22.36931 22.36931 22.36931 22.36931 22.36931
22.40746 22.40746 22.40746 22.40746 22.40746
22.40746 22.40746 22.40746 22.40746 22.40746
22.40746 22.40746 22.40746 22.40746 22.40746
22.40746 22.40746 22.40746 22.40746 22.40746
22.40746 22.40746 22.40746 22.40746 22.40746
22.40746 22.40746 22.40746 22.40746 22.40746
22.40746 22.40746 22.40746 22.40746 22.40746
22.40746 22.40746 22.40746 22.40746 22.40746
22.40746 22.40746 22.40746 22.40746 22.40746
22.40746 22.40746 22.40746 22.40746 22.40746
22.40746 22.40746 22.40746 22.40746 22.40746
22.40746 22.40746 22.40746 22.40746 22.40746
22.40746 22.40746 22.40746 22.40746 22.40746
22.40746 22.40746 22.40746 22.40746 22.40746
22.40746 22.40746 22.40746 22.40746 22.40746
22.40746 22.40746 22.40746 22.40746 22.40746
22.40746 22.40746 22.40746 22.40746 22.40746
22.40746 22.40746 22.40746 22.40746 22.40746
22.40746 22.40746 22.40746 22.40746 22.40746
22.40746 22.40746 22.40746 22.40746 22.40746
22.4456 22.4456 22.4456 22.4456 22.4456
22.4456 22.4456 22.4456 22.4456 22.4456
22.4456 22.4456 22.4456 22.4456 22.4456
22.4456 22.4456 22.4456 22.4456 22.4456
22.4456 22.4456 22.4456 22.4456 22.4456
22.4456 22.4456 22.4456 22.4456 22.4456
22.4456 22.4456 22.4456 22.4456 22.4456
22.4456 22.4456 22.4456 22.4456 22.4456
22.4456 22.4456 22.4456 22.4456 22.4456
22.4456 22.4456 22.4456 22.4456 22.4456
22.4456 22.4456 22.4456 22.4456 22.4456
22.4456 22.4456 22.4456 22.4456 22.4456
22.4456 22.4456 22.4456 22.4456 22.4456
22.4456 22.4456 22.4456 22.4456 22.4456
22.4456 22.4456 22.4456 22.4456 22.4456
22.4456 22.4456 22.4456 22.4456 22.4456
22.4456 22.4456 22.4456 22.4456 22.4456
22.4456 22.4456 22.4456 22.4456 22.4456
22.4456 22.4456 22.4456 22.4456 22.4456
22.4456 22.4456 22.4456 22.4456 22.4456
22.48374 22.48374 22.48374 22.48374 22.48374
22.48374 22.48374 22.48374 22.48374 22.48374
22.48374 22.48374 22.48374 22.48374 22.48374
22.48374 22.48374 22.48374 22.48374 22.48374
22.48374 22.48374 22.48374 22.48374 22.48374
22.48374 22.48374 22.48374 22.48374 22.48374
22.48374 22.48374 22.48374 22.48374 22.48374
22.48374 22.48374 22.48374 22.48374 22.48374
22.48374 22.48374 22.48374 22.48374 22.48374
22.48374 22.48374 22.48374 22.48374 22.48374
22.48374 22.48374 22.48374 22.48374 22.48374
22.48374 22.48374 22.48374 22.48374 22.48374
22.48374 22.48374 22.48374 22.48374 22.48374
22.48374 22.48374 22.48374 22.48374 22.48374
22.48374 22.48374 22.48374 22.48374 22.48374
22.48374 22.48374 22.48374 22.48374 22.48374
22.48374 22.48374 22.48374 22.48374 22.48374
22.48374 22.48374 22.48374 22.48374 22.48374
22.48374 22.48374 22.48374 22.48374 22.48374
22.48374 22.48374 22.48374 22.48374 22.48374
22.52189 22.52189 22.52189 22.52189 22.52189
22.52189 22.52189 22.52189 22.52189 22.52189
22.52189 22.52189 22.52189 22.52189 22.52189
22.52189 22.52189 22.52189 22.52189 22.52189
22.52189 22.52189 22.52189 22.52189 22.52189
22.52189 22.52189 22.52189 22.52189 22.52189
22.52189 22.52189 22.52189 22.52189 22.52189
22.52189 22.52189 22.52189 22.52189 22.52189
22.52189 22.52189 22.52189 22.52189 22.52189
22.52189 22.52189 22.52189 22.52189 22.52189
22.52189 22.52189 22.52189 22.52189 22.52189
22.52189 22.52189 22.52189 22.52189 22.52189
22.52189 22.52189 22.52189 22.52189 22.52189
22.52189 22.52189 22.52189 22.52189 22.52189
22.52189 22.52189 22.52189 22.52189 22.52189
22.52189 22.52189 22.52189 22.52189 22.52189
22.52189 22.52189 22.52189 22.52189 22.52189
22.52189 22.52189 22.52189 22.52189 22.52189
22.52189 22.52189 22.52189 22.52189 22.52189
22.52189 22.52189 22.52189 22.52189 22.52189
22.56003 22.56003 22.56003 22.56003 22.56003
22.56003 22.56003 22.56003 22.56003 22.56003
22.56003 22.56003 22.56003 22.56003 22.56003
22.56003 22.56003 22.56003 22.56003 22.56003
22.56003 22.56003 22.56003 22.56003 22.56003
22.56003 22.56003 22.56003 22.56003 22.56003
22.56003 22.56003 22.56003 22.56003 22.56003
22.56003 22.56003 22.56003 22.56003 22.56003
22.56003 22.56003 22.56003 22.56003 22.56003
22.56003 22.56003 22.56003 22.56003 22.56003
22.56003 22.56003 22.56003 22.56003 22.56003
22.56003 22.56003 22.56003 22.56003 22.56003
22.56003 22.56003 22.56003 22.56003 22.56003
22.56003 22.56003 22.56003 22.56003 22.56003
22.56003 22.56003 22.56003 22.56003 22.56003
22.56003 22.56003 22.56003 22.56003 22.56003
22.56003 22.56003 22.56003 22.56003 22.56003
22.56003 22.56003 22.56003 22.56003 22.56003
22.56003 22.56003 22.56003 22.56003 22.56003
22.56003 22.56003 22.56003 22.56003 22.56003
22.59817 22.59817 22.59817 22.59817 22.59817
22.59817 22.59817 22.59817 22.59817 22.59817
22.59817 22.59817 22.59817 22.59817 22.59817
22.59817 22.59817 22.59817 22.59817 22.59817
22.59817 22.59817 22.59817 22.59817 22.59817
22.59817 22.59817 22.59817 22.59817 22.59817
22.59817 22.59817 22.59817 22.59817 22.59817
22.59817 22.59817 22.59817 22.59817 22.59817
22.59817 22.59817 22.59817 22.59817 22.59817
22.59817 22.59817 22.59817 22.59817 22.59817
22.59817 22.59817 22.59817 22.59817 22.59817
22.59817 22.59817 22.59817 22.59817 22.59817
22.59817 22.59817 22.59817 22.59817 22.59817
22.59817 22.59817 22.59817 22.59817 22.59817
22.59817 22.59817 22.59817 22.59817 22.59817
22.59817 22.59817 22.59817 22.59817 22.59817
22.59817 22.59817 22.59817 22.59817 22.59817
22.59817 22.59817 22.59817 22.59817 22.59817
22.59817 22.59817 22.59817 22.59817 22.59817
22.59817 22.59817 22.59817 22.59817 22.59817
22.63632 22.63632 22.63632 22.63632 22.63632
22.63632 22.63632 22.63632 22.63632 22.63632
22.63632 22.63632 22.63632 22.63632 22.63632
22.63632 22.63632 22.63632 22.63632 22.63632
22.63632 22.63632 22.63632 22.63632 22.63632
22.63632 22.63632 22.63632 22.63632 22.63632
22.63632 22.63632 22.63632 22.63632 22.63632
22.63632 22.63632 22.63632 22.63632 22.63632
22.63632 22.63632 22.63632 22.63632 22.63632
22.63632 22.63632 22.63632 22.63632 22.63632
22.63632 22.63632 22.63632 22.63632 22.63632
22.63632 22.63632 22.63632 22.63632 22.63632
22.63632 22.63632 22.63632 22.63632 22.63632
22.63632 22.63632 22.63632 22.63632 22.63632
22.63632 22.63632 22.63632 22.63632 22.63632
22.63632 22.63632 22.63632 22.63632 22.63632
22.63632 22.63632 22.63632 22.63632 22.63632
22.63632 22.63632 22.63632 22.63632 22.63632
22.63632 22.63632 22.63632 22.63632 22.63632
22.63632 22.63632 22.63632 22.63632 22.63632
22.67446 22.67446 22.67446 22.67446 22.67446
22.67446 22.67446 22.67446 22.67446 22.67446
22.67446 22.67446 22.67446 22.67446 22.67446
22.67446 22.67446 22.67446 22.67446 22.67446
22.67446 22.67446 22.67446 22.67446 22.67446
22.67446 22.67446 22.67446 22.67446 22.67446
22.67446 22.67446 22.67446 22.67446 22.67446
22.67446 22.67446 22.67446 22.67446 22.67446
22.67446 22.67446 22.67446 22.67446 22.67446
22.67446 22.67446 22.67446 22.67446 22.67446
22.67446 22.67446 22.67446 22.67446 22.67446
22.67446 22.67446 22.67446 22.67446 22.67446
22.67446 22.67446 22.67446 22.67446 22.67446
22.67446 22.67446 22.67446 22.67446 22.67446
22.67446 22.67446 22.67446 22.67446 22.67446
22.67446 22.67446 22.67446 22.67446 22.67446
22.67446 22.67446 22.67446 22.67446 22.67446
22.67446 22.67446 22.67446 22.67446 22.67446
22.67446 22.67446 22.67446 22.67446 22.67446
22.67446 22.67446 22.67446 22.67446 22.67446
22.7126 22.7126 22.7126 22.7126 22.7126
22.7126 22.7126 22.7126 22.7126 22.7126
22.7126 22.7126 22.7126 22.7126 22.7126
22.7126 22.7126 22.7126 22.7126 22.7126
22.7126 22.7126 22.7126 22.7126 22.7126
22.7126 22.7126 22.7126 22.7126 22.7126
22.7126 22.7126 22.7126 22.7126 22.7126
22.7126 22.7126 22.7126 22.7126 22.7126
22.7126 22.7126 22.7126 22.7126 22.7126
22.7126 22.7126 22.7126 22.7126 22.7126
22.7126 22.7126 22.7126 22.7126 22.7126
22.7126 22.7126 22.7126 22.7126 22.7126
22.7126 22.7126 22.7126 22.7126 22.7126
22.7126 22.7126 22.7126 22.7126 22.7126
22.7126 22.7126 22.7126 22.7126 22.7126
22.7126 22.7126 22.7126 22.7126 22.7126
22.7126 22.7126 22.7126 22.7126 22.7126
22.7126 22.7126 22.7126 22.7126 22.7126
22.7126 22.7126 22.7126 22.7126 22.7126
22.7126 22.7126 22.7126 22.7126 22.7126
22.75075 22.75075 22.75075 22.75075 22.75075
22.75075 22.75075 22.75075 22.75075 22.75075
22.75075 22.75075 22.75075 22.75075 22.75075
22.75075 22.75075 22.75075 22.75075 22.75075
22.75075 22.75075 22.75075 22.75075 22.75075
22.75075 22.75075 22.75075 22.75075 22.75075
22.75075 22.75075 22.75075 22.75075 22.75075
22.75075 22.75075 22.75075 22.75075 22.75075
22.75075 22.75075 22.75075 22.75075 22.75075
22.75075 22.75075 22.75075 22.75075 22.75075
22.75075 22.75075 22.75075 22.75075 22.75075
22.75075 22.75075 22.75075 22.75075 22.75075
22.75075 22.75075 22.75075 22.75075 22.75075
22.75075 22.75075 22.75075 22.75075 22.75075
22.75075 22.75075 22.75075 22.75075 22.75075
22.75075 22.75075 22.75075 22.75075 22.75075
22.75075 22.75075 22.75075 22.75075 22.75075
22.75075 22.75075 22.75075 22.75075 22.75075
22.75075 22.75075 22.75075 22.75075 22.75075
22.75075 22.75075 22.75075 22.75075 22.75075
22.78889 22.78889 22.78889 22.78889 22.78889
22.78889 22.78889 22.78889 22.78889 22.78889
22.78889 22.78889 22.78889 22.78889 22.78889
22.78889 22.78889 22.78889 22.78889 22.78889
22.78889 22.78889 22.78889 22.78889 22.78889
22.78889 22.78889 22.78889 22.78889 22.78889
22.78889 22.78889 22.78889 22.78889 22.78889
22.78889 22.78889 22.78889 22.78889 22.78889
22.78889 22.78889 22.78889 22.78889 22.78889
22.78889 22.78889 22.78889 22.78889 22.78889
22.78889 22.78889 22.78889 22.78889 22.78889
22.78889 22.78889 22.78889 22.78889 22.78889
22.78889 22.78889 22.78889 22.78889 22.78889
22.78889 22.78889 22.78889 22.78889 22.78889
22.78889 22.78889 22.78889 22.78889 22.78889
22.78889 22.78889 22.78889 22.78889 22.78889
22.78889 22.78889 22.78889 22.78889 22.78889
22.78889 22.78889 22.78889 22.78889 22.78889
22.78889 22.78889 22.78889 22.78889 22.78889
22.78889 22.78889 22.78889 22.78889 22.78889
