26.69031 26.69031 26.69031 26.69031 26.69031
26.69031 26.69031 26.69031 26.69031 26.69031
26.69031 26.69031 26.69031 26.69031 26.69031
26.69031 26.69031 26.69031 26.69031 26.69031
26.69031 26.69031 26.69031 26.69031 26.69031
26.69031 26.69031 26.69031 26.69031 26.69031
26.69031 26.69031 26.69031 26.69031 26.69031
26.69031 26.69031 26.69031 26.69031 26.69031
26.69031 26.69031 26.69031 26.69031 26.69031
26.69031 26.69031 26.69031 26.69031 26.69031
26.69031 26.69031 26.69031 26.69031 26.69031
26.69031 26.69031 26.69031 26.69031 26.69031
26.69031 26.69031 26.69031 26.69031 26.69031
26.69031 26.69031 26.69031 26.69031 26.69031
26.69031 26.69031 26.69031 26.69031 26.69031
26.69031 26.69031 26.69031 26.69031 26.69031
26.69031 26.69031 26.69031 26.69031 26.69031
26.69031 26.69031 26.69031 26.69031 26.69031
26.69031 26.65964 26.537 26.41435 26.2917
26.16905 26.04641 25.92376 25.80111 25.67846
26.65086 26.65086 26.65086 26.65086 26.65086
26.65086 26.65086 26.65086 26.65086 26.65086
26.65086 26.65086 26.65086 26.65086 26.65086
26.65086 26.65086 26.65086 26.65086 26.65086
26.65086 26.65086 26.65086 26.65086 26.65086
26.65086 26.65086 26.65086 26.65086 26.65086
26.65086 26.65086 26.65086 26.65086 26.65086
26.65086 26.65086 26.65086 26.65086 26.65086
26.65086 26.65086 26.65086 26.65086 26.65086
26.65086 26.65086 26.65086 26.65086 26.65086
26.65086 26.65086 26.65086 26.65086 26.65086
26.65086 26.65086 26.65086 26.65086 26.65086
26.65086 26.65086 26.65086 26.65086 26.65086
26.65086 26.65086 26.65086 26.65086 26.65086
26.65086 26.65086 26.65086 26.65086 26.65086
26.65086 26.65086 26.65086 26.65086 26.65086
26.65086 26.65086 26.65086 26.65086 26.65086
26.65086 26.65086 26.65086 26.65086 26.65086
26.65086 26.6202 26.49755 26.37491 26.25226
26.12961 26.00697 25.88432 25.76167 25.63902
26.61142 26.61142 26.61142 26.61142 26.61142
26.61142 26.61142 26.61142 26.61142 26.61142
26.61142 26.61142 26.61142 26.61142 26.61142
26.61142 26.61142 26.61142 26.61142 26.61142
26.61142 26.61142 26.61142 26.61142 26.61142
26.61142 26.61142 26.61142 26.61142 26.61142
26.61142 26.61142 26.61142 26.61142 26.61142
26.61142 26.61142 26.61142 26.61142 26.61142
26.61142 26.61142 26.61142 26.61142 26.61142
26.61142 26.61142 26.61142 26.61142 26.61142
26.61142 26.61142 26.61142 26.61142 26.61142
26.61142 26.61142 26.61142 26.61142 26.61142
26.61142 26.61142 26.61142 26.61142 26.61142
26.61142 26.61142 26.61142 26.61142 26.61142
26.61142 26.61142 26.61142 26.61142 26.61142
26.61142 26.61142 26.61142 26.61142 26.61142
26.61142 26.61142 26.61142 26.61142 26.61142
26.61142 26.61142 26.61142 26.61142 26.61142
26.61142 26.58076 26.45811 26.33547 26.21282
26.09017 25.96752 25.84488 25.72223 25.59958
26.57198 26.57198 26.57198 26.57198 26.57198
26.57198 26.57198 26.57198 26.57198 26.57198
26.57198 26.57198 26.57198 26.57198 26.57198
26.57198 26.57198 26.57198 26.57198 26.57198
26.57198 26.57198 26.57198 26.57198 26.57198
26.57198 26.57198 26.57198 26.57198 26.57198
26.57198 26.57198 26.57198 26.57198 26.57198
26.57198 26.57198 26.57198 26.57198 26.57198
26.57198 26.57198 26.57198 26.57198 26.57198
26.57198 26.57198 26.57198 26.57198 26.57198
26.57198 26.57198 26.57198 26.57198 26.57198
26.57198 26.57198 26.57198 26.57198 26.57198
26.57198 26.57198 26.57198 26.57198 26.57198
26.57198 26.57198 26.57198 26.57198 26.57198
26.57198 26.57198 26.57198 26.57198 26.57198
26.57198 26.57198 26.57198 26.57198 26.57198
26.57198 26.57198 26.57198 26.57198 26.57198
26.57198 26.57198 26.57198 26.57198 26.57198
26.57198 26.54132 26.41867 26.29603 26.17338
26.05073 25.92808 25.80544 25.68279 25.56014
26.53254 26.53254 26.53254 26.53254 26.53254
26.53254 26.53254 26.53254 26.53254 26.53254
26.53254 26.53254 26.53254 26.53254 26.53254
26.53254 26.53254 26.53254 26.53254 26.53254
26.53254 26.53254 26.53254 26.53254 26.53254
26.53254 26.53254 26.53254 26.53254 26.53254
26.53254 26.53254 26.53254 26.53254 26.53254
26.53254 26.53254 26.53254 26.53254 26.53254
26.53254 26.53254 26.53254 26.53254 26.53254
26.53254 26.53254 26.53254 26.53254 26.53254
26.53254 26.53254 26.53254 26.53254 26.53254
26.53254 26.53254 26.53254 26.53254 26.53254
26.53254 26.53254 26.53254 26.53254 26.53254
26.53254 26.53254 26.53254 26.53254 26.53254
26.53254 26.53254 26.53254 26.53254 26.53254
26.53254 26.53254 26.53254 26.53254 26.53254
26.53254 26.53254 26.53254 26.53254 26.53254
26.53254 26.53254 26.53254 26.53254 26.53254
26.53254 26.50188 26.37923 26.25658 26.13394
26.01129 25.88864 25.76599 25.64335 25.5207
26.4931 26.4931 26.4931 26.4931 26.4931
26.4931 26.4931 26.4931 26.4931 26.4931
26.4931 26.4931 26.4931 26.4931 26.4931
26.4931 26.4931 26.4931 26.4931 26.4931
26.4931 26.4931 26.4931 26.4931 26.4931
26.4931 26.4931 26.4931 26.4931 26.4931
26.4931 26.4931 26.4931 26.4931 26.4931
26.4931 26.4931 26.4931 26.4931 26.4931
26.4931 26.4931 26.4931 26.4931 26.4931
26.4931 26.4931 26.4931 26.4931 26.4931
26.4931 26.4931 26.4931 26.4931 26.4931
26.4931 26.4931 26.4931 26.4931 26.4931
26.4931 26.4931 26.4931 26.4931 26.4931
26.4931 26.4931 26.4931 26.4931 26.4931
26.4931 26.4931 26.4931 26.4931 26.4931
26.4931 26.4931 26.4931 26.4931 26.4931
26.4931 26.4931 26.4931 26.4931 26.4931
26.4931 26.4931 26.4931 26.4931 26.4931
26.4931 26.46244 26.33979 26.21714 26.0945
25.97185 25.8492 25.72655 25.60391 25.48126
26.45366 26.45366 26.45366 26.45366 26.45366
26.45366 26.45366 26.45366 26.45366 26.45366
26.45366 26.45366 26.45366 26.45366 26.45366
26.45366 26.45366 26.45366 26.45366 26.45366
26.45366 26.45366 26.45366 26.45366 26.45366
26.45366 26.45366 26.45366 26.45366 26.45366
26.45366 26.45366 26.45366 26.45366 26.45366
26.45366 26.45366 26.45366 26.45366 26.45366
26.45366 26.45366 26.45366 26.45366 26.45366
26.45366 26.45366 26.45366 26.45366 26.45366
26.45366 26.45366 26.45366 26.45366 26.45366
26.45366 26.45366 26.45366 26.45366 26.45366
26.45366 26.45366 26.45366 26.45366 26.45366
26.45366 26.45366 26.45366 26.45366 26.45366
26.45366 26.45366 26.45366 26.45366 26.45366
26.45366 26.45366 26.45366 26.45366 26.45366
26.45366 26.45366 26.45366 26.45366 26.45366
26.45366 26.45366 26.45366 26.45366 26.45366
26.45366 26.423 26.30035 26.1777 26.05506
25.93241 25.80976 25.68711 25.56447 25.44182
26.41422 26.41422 26.41422 26.41422 26.41422
26.41422 26.41422 26.41422 26.41422 26.41422
26.41422 26.41422 26.41422 26.41422 26.41422
26.41422 26.41422 26.41422 26.41422 26.41422
26.41422 26.41422 26.41422 26.41422 26.41422
26.41422 26.41422 26.41422 26.41422 26.41422
26.41422 26.41422 26.41422 26.41422 26.41422
26.41422 26.41422 26.41422 26.41422 26.41422
26.41422 26.41422 26.41422 26.41422 26.41422
26.41422 26.41422 26.41422 26.41422 26.41422
26.41422 26.41422 26.41422 26.41422 26.41422
26.41422 26.41422 26.41422 26.41422 26.41422
26.41422 26.41422 26.41422 26.41422 26.41422
26.41422 26.41422 26.41422 26.41422 26.41422
26.41422 26.41422 26.41422 26.41422 26.41422
26.41422 26.41422 26.41422 26.41422 26.41422
26.41422 26.41422 26.41422 26.41422 26.41422
26.41422 26.41422 26.41422 26.41422 26.41422
26.41422 26.38356 26.26091 26.13826 26.01561
25.89297 25.77032 25.64767 25.52502 25.40238
26.37478 26.37478 26.37478 26.37478 26.37478
26.37478 26.37478 26.37478 26.37478 26.37478
26.37478 26.37478 26.37478 26.37478 26.37478
26.37478 26.37478 26.37478 26.37478 26.37478
26.37478 26.37478 26.37478 26.37478 26.37478
26.37478 26.37478 26.37478 26.37478 26.37478
26.37478 26.37478 26.37478 26.37478 26.37478
26.37478 26.37478 26.37478 26.37478 26.37478
26.37478 26.37478 26.37478 26.37478 26.37478
26.37478 26.37478 26.37478 26.37478 26.37478
26.37478 26.37478 26.37478 26.37478 26.37478
26.37478 26.37478 26.37478 26.37478 26.37478
26.37478 26.37478 26.37478 26.37478 26.37478
26.37478 26.37478 26.37478 26.37478 26.37478
26.37478 26.37478 26.37478 26.37478 26.37478
26.37478 26.37478 26.37478 26.37478 26.37478
26.37478 26.37478 26.37478 26.37478 26.37478
26.37478 26.37478 26.37478 26.37478 26.37478
26.37478 26.34412 26.22147 26.09882 25.97617
25.85353 25.73088 25.60823 25.48558 25.36294
26.33534 26.33534 26.33534 26.33534 26.33534
26.33534 26.33534 26.33534 26.33534 26.33534
26.33534 26.33534 26.33534 26.33534 26.33534
26.33534 26.33534 26.33534 26.33534 26.33534
26.33534 26.33534 26.33534 26.33534 26.33534
26.33534 26.33534 26.33534 26.33534 26.33534
26.33534 26.33534 26.33534 26.33534 26.33534
26.33534 26.33534 26.33534 26.33534 26.33534
26.33534 26.33534 26.33534 26.33534 26.33534
26.33534 26.33534 26.33534 26.33534 26.33534
26.33534 26.33534 26.33534 26.33534 26.33534
26.33534 26.33534 26.33534 26.33534 26.33534
26.33534 26.33534 26.33534 26.33534 26.33534
26.33534 26.33534 26.33534 26.33534 26.33534
26.33534 26.33534 26.33534 26.33534 26.33534
26.33534 26.33534 26.33534 26.33534 26.33534
26.33534 26.33534 26.33534 26.33534 26.33534
26.33534 26.33534 26.33534 26.33534 26.33534
26.33534 26.30467 26.18203 26.05938 25.93673
25.81408 25.69144 25.56879 25.44614 25.32349
26.2959 26.2959 26.2959 26.2959 26.2959
26.2959 26.2959 26.2959 26.2959 26.2959
26.2959 26.2959 26.2959 26.2959 26.2959
26.2959 26.2959 26.2959 26.2959 26.2959
26.2959 26.2959 26.2959 26.2959 26.2959
26.2959 26.2959 26.2959 26.2959 26.2959
26.2959 26.2959 26.2959 26.2959 26.2959
26.2959 26.2959 26.2959 26.2959 26.2959
26.2959 26.2959 26.2959 26.2959 26.2959
26.2959 26.2959 26.2959 26.2959 26.2959
26.2959 26.2959 26.2959 26.2959 26.2959
26.2959 26.2959 26.2959 26.2959 26.2959
26.2959 26.2959 26.2959 26.2959 26.2959
26.2959 26.2959 26.2959 26.2959 26.2959
26.2959 26.2959 26.2959 26.2959 26.2959
26.2959 26.2959 26.2959 26.2959 26.2959
26.2959 26.2959 26.2959 26.2959 26.2959
26.2959 26.2959 26.2959 26.2959 26.2959
26.2959 26.26523 26.14259 26.01994 25.89729
25.77464 25.652 25.52935 25.4067 25.28405
26.25645 26.25645 26.25645 26.25645 26.25645
26.25645 26.25645 26.25645 26.25645 26.25645
26.25645 26.25645 26.25645 26.25645 26.25645
26.25645 26.25645 26.25645 26.25645 26.25645
26.25645 26.25645 26.25645 26.25645 26.25645
26.25645 26.25645 26.25645 26.25645 26.25645
26.25645 26.25645 26.25645 26.25645 26.25645
26.25645 26.25645 26.25645 26.25645 26.25645
26.25645 26.25645 26.25645 26.25645 26.25645
26.25645 26.25645 26.25645 26.25645 26.25645
26.25645 26.25645 26.25645 26.25645 26.25645
26.25645 26.25645 26.25645 26.25645 26.25645
26.25645 26.25645 26.25645 26.25645 26.25645
26.25645 26.25645 26.25645 26.25645 26.25645
26.25645 26.25645 26.25645 26.25645 26.25645
26.25645 26.25645 26.25645 26.25645 26.25645
26.25645 26.25645 26.25645 26.25645 26.25645
26.25645 26.25645 26.25645 26.25645 26.25645
26.25645 26.22579 26.10314 25.9805 25.85785
25.7352 25.61256 25.48991 25.36726 25.24461
26.21701 26.21701 26.21701 26.21701 26.21701
26.21701 26.21701 26.21701 26.21701 26.21701
26.21701 26.21701 26.21701 26.21701 26.21701
26.21701 26.21701 26.21701 26.21701 26.21701
26.21701 26.21701 26.21701 26.21701 26.21701
26.21701 26.21701 26.21701 26.21701 26.21701
26.21701 26.21701 26.21701 26.21701 26.21701
26.21701 26.21701 26.21701 26.21701 26.21701
26.21701 26.21701 26.21701 26.21701 26.21701
26.21701 26.21701 26.21701 26.21701 26.21701
26.21701 26.21701 26.21701 26.21701 26.21701
26.21701 26.21701 26.21701 26.21701 26.21701
26.21701 26.21701 26.21701 26.21701 26.21701
26.21701 26.21701 26.21701 26.21701 26.21701
26.21701 26.21701 26.21701 26.21701 26.21701
26.21701 26.21701 26.21701 26.21701 26.21701
26.21701 26.21701 26.21701 26.21701 26.21701
26.21701 26.21701 26.21701 26.21701 26.21701
26.21701 26.18635 26.0637 25.94106 25.81841
25.69576 25.57311 25.45047 25.32782 25.20517
26.17757 26.17757 26.17757 26.17757 26.17757
26.17757 26.17757 26.17757 26.17757 26.17757
26.17757 26.17757 26.17757 26.17757 26.17757
26.17757 26.17757 26.17757 26.17757 26.17757
26.17757 26.17757 26.17757 26.17757 26.17757
26.17757 26.17757 26.17757 26.17757 26.17757
26.17757 26.17757 26.17757 26.17757 26.17757
26.17757 26.17757 26.17757 26.17757 26.17757
26.17757 26.17757 26.17757 26.17757 26.17757
26.17757 26.17757 26.17757 26.17757 26.17757
26.17757 26.17757 26.17757 26.17757 26.17757
26.17757 26.17757 26.17757 26.17757 26.17757
26.17757 26.17757 26.17757 26.17757 26.17757
26.17757 26.17757 26.17757 26.17757 26.17757
26.17757 26.17757 26.17757 26.17757 26.17757
26.17757 26.17757 26.17757 26.17757 26.17757
26.17757 26.17757 26.17757 26.17757 26.17757
26.17757 26.17757 26.17757 26.17757 26.17757
26.17757 26.14691 26.02426 25.90162 25.77897
25.65632 25.53367 25.41103 25.28838 25.16573
26.13813 26.13813 26.13813 26.13813 26.13813
26.13813 26.13813 26.13813 26.13813 26.13813
26.13813 26.13813 26.13813 26.13813 26.13813
26.13813 26.13813 26.13813 26.13813 26.13813
26.13813 26.13813 26.13813 26.13813 26.13813
26.13813 26.13813 26.13813 26.13813 26.13813
26.13813 26.13813 26.13813 26.13813 26.13813
26.13813 26.13813 26.13813 26.13813 26.13813
26.13813 26.13813 26.13813 26.13813 26.13813
26.13813 26.13813 26.13813 26.13813 26.13813
26.13813 26.13813 26.13813 26.13813 26.13813
26.13813 26.13813 26.13813 26.13813 26.13813
26.13813 26.13813 26.13813 26.13813 26.13813
26.13813 26.13813 26.13813 26.13813 26.13813
26.13813 26.13813 26.13813 26.13813 26.13813
26.13813 26.13813 26.13813 26.13813 26.13813
26.13813 26.13813 26.13813 26.13813 26.13813
26.13813 26.13813 26.13813 26.13813 26.13813
26.13813 26.10747 25.98482 25.86217 25.73953
25.61688 25.49423 25.37158 25.24894 25.12629
26.09869 26.09869 26.09869 26.09869 26.09869
26.09869 26.09869 26.09869 26.09869 26.09869
26.09869 26.09869 26.09869 26.09869 26.09869
26.09869 26.09869 26.09869 26.09869 26.09869
26.09869 26.09869 26.09869 26.09869 26.09869
26.09869 26.09869 26.09869 26.09869 26.09869
26.09869 26.09869 26.09869 26.09869 26.09869
26.09869 26.09869 26.09869 26.09869 26.09869
26.09869 26.09869 26.09869 26.09869 26.09869
26.09869 26.09869 26.09869 26.09869 26.09869
26.09869 26.09869 26.09869 26.09869 26.09869
26.09869 26.09869 26.09869 26.09869 26.09869
26.09869 26.09869 26.09869 26.09869 26.09869
26.09869 26.09869 26.09869 26.09869 26.09869
26.09869 26.09869 26.09869 26.09869 26.09869
26.09869 26.09869 26.09869 26.09869 26.09869
26.09869 26.09869 26.09869 26.09869 26.09869
26.09869 26.09869 26.09869 26.09869 26.09869
26.09869 26.06803 25.94538 25.82273 25.70009
25.57744 25.45479 25.33214 25.2095 25.08685
26.05925 26.05925 26.05925 26.05925 26.05925
26.05925 26.05925 26.05925 26.05925 26.05925
26.05925 26.05925 26.05925 26.05925 26.05925
26.05925 26.05925 26.05925 26.05925 26.05925
26.05925 26.05925 26.05925 26.05925 26.05925
26.05925 26.05925 26.05925 26.05925 26.05925
26.05925 26.05925 26.05925 26.05925 26.05925
26.05925 26.05925 26.05925 26.05925 26.05925
26.05925 26.05925 26.05925 26.05925 26.05925
26.05925 26.05925 26.05925 26.05925 26.05925
26.05925 26.05925 26.05925 26.05925 26.05925
26.05925 26.05925 26.05925 26.05925 26.05925
26.05925 26.05925 26.05925 26.05925 26.05925
26.05925 26.05925 26.05925 26.05925 26.05925
26.05925 26.05925 26.05925 26.05925 26.05925
26.05925 26.05925 26.05925 26.05925 26.05925
26.05925 26.05925 26.05925 26.05925 26.05925
26.05925 26.05925 26.05925 26.05925 26.05925
26.05925 26.02859 25.90594 25.78329 25.66065
25.538 25.41535 25.2927 25.17006 25.04741
26.01981 26.01981 26.01981 26.01981 26.01981
26.01981 26.01981 26.01981 26.01981 26.01981
26.01981 26.01981 26.01981 26.01981 26.01981
26.01981 26.01981 26.01981 26.01981 26.01981
26.01981 26.01981 26.01981 26.01981 26.01981
26.01981 26.01981 26.01981 26.01981 26.01981
26.01981 26.01981 26.01981 26.01981 26.01981
26.01981 26.01981 26.01981 26.01981 26.01981
26.01981 26.01981 26.01981 26.01981 26.01981
26.01981 26.01981 26.01981 26.01981 26.01981
26.01981 26.01981 26.01981 26.01981 26.01981
26.01981 26.01981 26.01981 26.01981 26.01981
26.01981 26.01981 26.01981 26.01981 26.01981
26.01981 26.01981 26.01981 26.01981 26.01981
26.01981 26.01981 26.01981 26.01981 26.01981
26.01981 26.01981 26.01981 26.01981 26.01981
26.01981 26.01981 26.01981 26.01981 26.01981
26.01981 26.01981 26.01981 26.01981 26.01981
26.01981 25.98915 25.8665 25.74385 25.6212
25.49856 25.37591 25.25326 25.13061 25.00797
25.98037 25.98037 25.98037 25.98037 25.98037
25.98037 25.98037 25.98037 25.98037 25.98037
25.98037 25.98037 25.98037 25.98037 25.98037
25.98037 25.98037 25.98037 25.98037 25.98037
25.98037 25.98037 25.98037 25.98037 25.98037
25.98037 25.98037 25.98037 25.98037 25.98037
25.98037 25.98037 25.98037 25.98037 25.98037
25.98037 25.98037 25.98037 25.98037 25.98037
25.98037 25.98037 25.98037 25.98037 25.98037
25.98037 25.98037 25.98037 25.98037 25.98037
25.98037 25.98037 25.98037 25.98037 25.98037
25.98037 25.98037 25.98037 25.98037 25.98037
25.98037 25.98037 25.98037 25.98037 25.98037
25.98037 25.98037 25.98037 25.98037 25.98037
25.98037 25.98037 25.98037 25.98037 25.98037
25.98037 25.98037 25.98037 25.98037 25.98037
25.98037 25.98037 25.98037 25.98037 25.98037
25.98037 25.98037 25.98037 25.98037 25.98037
25.98037 25.94971 25.82706 25.70441 25.58176
25.45912 25.33647 25.21382 25.09117 24.96853
25.94093 25.94093 25.94093 25.94093 25.94093
25.94093 25.94093 25.94093 25.94093 25.94093
25.94093 25.94093 25.94093 25.94093 25.94093
25.94093 25.94093 25.94093 25.94093 25.94093
25.94093 25.94093 25.94093 25.94093 25.94093
25.94093 25.94093 25.94093 25.94093 25.94093
25.94093 25.94093 25.94093 25.94093 25.94093
25.94093 25.94093 25.94093 25.94093 25.94093
25.94093 25.94093 25.94093 25.94093 25.94093
25.94093 25.94093 25.94093 25.94093 25.94093
25.94093 25.94093 25.94093 25.94093 25.94093
25.94093 25.94093 25.94093 25.94093 25.94093
25.94093 25.94093 25.94093 25.94093 25.94093
25.94093 25.94093 25.94093 25.94093 25.94093
25.94093 25.94093 25.94093 25.94093 25.94093
25.94093 25.94093 25.94093 25.94093 25.94093
25.94093 25.94093 25.94093 25.94093 25.94093
25.94093 25.94093 25.94093 25.94093 25.94093
25.94093 25.91026 25.78762 25.66497 25.54232
25.41967 25.29703 25.17438 25.05173 24.92909
25.90149 25.90149 25.90149 25.90149 25.90149
25.90149 25.90149 25.90149 25.90149 25.90149
25.90149 25.90149 25.90149 25.90149 25.90149
25.90149 25.90149 25.90149 25.90149 25.90149
25.90149 25.90149 25.90149 25.90149 25.90149
25.90149 25.90149 25.90149 25.90149 25.90149
25.90149 25.90149 25.90149 25.90149 25.90149
25.90149 25.90149 25.90149 25.90149 25.90149
25.90149 25.90149 25.90149 25.90149 25.90149
25.90149 25.90149 25.90149 25.90149 25.90149
25.90149 25.90149 25.90149 25.90149 25.90149
25.90149 25.90149 25.90149 25.90149 25.90149
25.90149 25.90149 25.90149 25.90149 25.90149
25.90149 25.90149 25.90149 25.90149 25.90149
25.90149 25.90149 25.90149 25.90149 25.90149
25.90149 25.90149 25.90149 25.90149 25.90149
25.90149 25.90149 25.90149 25.90149 25.90149
25.90149 25.90149 25.90149 25.90149 25.90149
25.90149 25.87082 25.74818 25.62553 25.50288
25.38023 25.25759 25.13494 25.01229 24.88964
25.86204 25.86204 25.86204 25.86204 25.86204
25.86204 25.86204 25.86204 25.86204 25.86204
25.86204 25.86204 25.86204 25.86204 25.86204
25.86204 25.86204 25.86204 25.86204 25.86204
25.86204 25.86204 25.86204 25.86204 25.86204
25.86204 25.86204 25.86204 25.86204 25.86204
25.86204 25.86204 25.86204 25.86204 25.86204
25.86204 25.86204 25.86204 25.86204 25.86204
25.86204 25.86204 25.86204 25.86204 25.86204
25.86204 25.86204 25.86204 25.86204 25.86204
25.86204 25.86204 25.86204 25.86204 25.86204
25.86204 25.86204 25.86204 25.86204 25.86204
25.86204 25.86204 25.86204 25.86204 25.86204
25.86204 25.86204 25.86204 25.86204 25.86204
25.86204 25.86204 25.86204 25.86204 25.86204
25.86204 25.86204 25.86204 25.86204 25.86204
25.86204 25.86204 25.86204 25.86204 25.86204
25.86204 25.86204 25.86204 25.86204 25.86204
25.86204 25.83138 25.70874 25.58609 25.46344
25.34079 25.21815 25.0955 24.97285 24.8502
25.8226 25.8226 25.8226 25.8226 25.8226
25.8226 25.8226 25.8226 25.8226 25.8226
25.8226 25.8226 25.8226 25.8226 25.8226
25.8226 25.8226 25.8226 25.8226 25.8226
25.8226 25.8226 25.8226 25.8226 25.8226
25.8226 25.8226 25.8226 25.8226 25.8226
25.8226 25.8226 25.8226 25.8226 25.8226
25.8226 25.8226 25.8226 25.8226 25.8226
25.8226 25.8226 25.8226 25.8226 25.8226
25.8226 25.8226 25.8226 25.8226 25.8226
25.8226 25.8226 25.8226 25.8226 25.8226
25.8226 25.8226 25.8226 25.8226 25.8226
25.8226 25.8226 25.8226 25.8226 25.8226
25.8226 25.8226 25.8226 25.8226 25.8226
25.8226 25.8226 25.8226 25.8226 25.8226
25.8226 25.8226 25.8226 25.8226 25.8226
25.8226 25.8226 25.8226 25.8226 25.8226
25.8226 25.8226 25.8226 25.8226 25.8226
25.8226 25.79194 25.66929 25.54665 25.424
25.30135 25.1787 25.05606 24.93341 24.81076
25.78316 25.78316 25.78316 25.78316 25.78316
25.78316 25.78316 25.78316 25.78316 25.78316
25.78316 25.78316 25.78316 25.78316 25.78316
25.78316 25.78316 25.78316 25.78316 25.78316
25.78316 25.78316 25.78316 25.78316 25.78316
25.78316 25.78316 25.78316 25.78316 25.78316
25.78316 25.78316 25.78316 25.78316 25.78316
25.78316 25.78316 25.78316 25.78316 25.78316
25.78316 25.78316 25.78316 25.78316 25.78316
25.78316 25.78316 25.78316 25.78316 25.78316
25.78316 25.78316 25.78316 25.78316 25.78316
25.78316 25.78316 25.78316 25.78316 25.78316
25.78316 25.78316 25.78316 25.78316 25.78316
25.78316 25.78316 25.78316 25.78316 25.78316
25.78316 25.78316 25.78316 25.78316 25.78316
25.78316 25.78316 25.78316 25.78316 25.78316
25.78316 25.78316 25.78316 25.78316 25.78316
25.78316 25.78316 25.78316 25.78316 25.78316
25.78316 25.7525 25.62985 25.50721 25.38456
25.26191 25.13926 25.01662 24.89397 24.77132
25.74372 25.74372 25.74372 25.74372 25.74372
25.74372 25.74372 25.74372 25.74372 25.74372
25.74372 25.74372 25.74372 25.74372 25.74372
25.74372 25.74372 25.74372 25.74372 25.74372
25.74372 25.74372 25.74372 25.74372 25.74372
25.74372 25.74372 25.74372 25.74372 25.74372
25.74372 25.74372 25.74372 25.74372 25.74372
25.74372 25.74372 25.74372 25.74372 25.74372
25.74372 25.74372 25.74372 25.74372 25.74372
25.74372 25.74372 25.74372 25.74372 25.74372
25.74372 25.74372 25.74372 25.74372 25.74372
25.74372 25.74372 25.74372 25.74372 25.74372
25.74372 25.74372 25.74372 25.74372 25.74372
25.74372 25.74372 25.74372 25.74372 25.74372
25.74372 25.74372 25.74372 25.74372 25.74372
25.74372 25.74372 25.74372 25.74372 25.74372
25.74372 25.74372 25.74372 25.74372 25.74372
25.74372 25.74372 25.74372 25.74372 25.74372
25.74372 25.71306 25.59041 25.46776 25.34512
25.22247 25.09982 24.97717 24.85453 24.73188
25.70428 25.70428 25.70428 25.70428 25.70428
25.70428 25.70428 25.70428 25.70428 25.70428
25.70428 25.70428 25.70428 25.70428 25.70428
25.70428 25.70428 25.70428 25.70428 25.70428
25.70428 25.70428 25.70428 25.70428 25.70428
25.70428 25.70428 25.70428 25.70428 25.70428
25.70428 25.70428 25.70428 25.70428 25.70428
25.70428 25.70428 25.70428 25.70428 25.70428
25.70428 25.70428 25.70428 25.70428 25.70428
25.70428 25.70428 25.70428 25.70428 25.70428
25.70428 25.70428 25.70428 25.70428 25.70428
25.70428 25.70428 25.70428 25.70428 25.70428
25.70428 25.70428 25.70428 25.70428 25.70428
25.70428 25.70428 25.70428 25.70428 25.70428
25.70428 25.70428 25.70428 25.70428 25.70428
25.70428 25.70428 25.70428 25.70428 25.70428
25.70428 25.70428 25.70428 25.70428 25.70428
25.70428 25.70428 25.70428 25.70428 25.70428
25.70428 25.67362 25.55097 25.42832 25.30568
25.18303 25.06038 24.93773 24.81509 24.69244
25.66484 25.66484 25.66484 25.66484 25.66484
25.66484 25.66484 25.66484 25.66484 25.66484
25.66484 25.66484 25.66484 25.66484 25.66484
25.66484 25.66484 25.66484 25.66484 25.66484
25.66484 25.66484 25.66484 25.66484 25.66484
25.66484 25.66484 25.66484 25.66484 25.66484
25.66484 25.66484 25.66484 25.66484 25.66484
25.66484 25.66484 25.66484 25.66484 25.66484
25.66484 25.66484 25.66484 25.66484 25.66484
25.66484 25.66484 25.66484 25.66484 25.66484
25.66484 25.66484 25.66484 25.66484 25.66484
25.66484 25.66484 25.66484 25.66484 25.66484
25.66484 25.66484 25.66484 25.66484 25.66484
25.66484 25.66484 25.66484 25.66484 25.66484
25.66484 25.66484 25.66484 25.66484 25.66484
25.66484 25.66484 25.66484 25.66484 25.66484
25.66484 25.66484 25.66484 25.66484 25.66484
25.66484 25.66484 25.66484 25.66484 25.66484
25.66484 25.63418 25.51153 25.38888 25.26624
25.14359 25.02094 24.89829 24.77565 24.653
25.6254 25.6254 25.6254 25.6254 25.6254
25.6254 25.6254 25.6254 25.6254 25.6254
25.6254 25.6254 25.6254 25.6254 25.6254
25.6254 25.6254 25.6254 25.6254 25.6254
25.6254 25.6254 25.6254 25.6254 25.6254
25.6254 25.6254 25.6254 25.6254 25.6254
25.6254 25.6254 25.6254 25.6254 25.6254
25.6254 25.6254 25.6254 25.6254 25.6254
25.6254 25.6254 25.6254 25.6254 25.6254
25.6254 25.6254 25.6254 25.6254 25.6254
25.6254 25.6254 25.6254 25.6254 25.6254
25.6254 25.6254 25.6254 25.6254 25.6254
25.6254 25.6254 25.6254 25.6254 25.6254
25.6254 25.6254 25.6254 25.6254 25.6254
25.6254 25.6254 25.6254 25.6254 25.6254
25.6254 25.6254 25.6254 25.6254 25.6254
25.6254 25.6254 25.6254 25.6254 25.6254
25.6254 25.6254 25.6254 25.6254 25.6254
25.6254 25.59474 25.47209 25.34944 25.22679
25.10415 24.9815 24.85885 24.7362 24.61356
25.58596 25.58596 25.58596 25.58596 25.58596
25.58596 25.58596 25.58596 25.58596 25.58596
25.58596 25.58596 25.58596 25.58596 25.58596
25.58596 25.58596 25.58596 25.58596 25.58596
25.58596 25.58596 25.58596 25.58596 25.58596
25.58596 25.58596 25.58596 25.58596 25.58596
25.58596 25.58596 25.58596 25.58596 25.58596
25.58596 25.58596 25.58596 25.58596 25.58596
25.58596 25.58596 25.58596 25.58596 25.58596
25.58596 25.58596 25.58596 25.58596 25.58596
25.58596 25.58596 25.58596 25.58596 25.58596
25.58596 25.58596 25.58596 25.58596 25.58596
25.58596 25.58596 25.58596 25.58596 25.58596
25.58596 25.58596 25.58596 25.58596 25.58596
25.58596 25.58596 25.58596 25.58596 25.58596
25.58596 25.58596 25.58596 25.58596 25.58596
25.58596 25.58596 25.58596 25.58596 25.58596
25.58596 25.58596 25.58596 25.58596 25.58596
25.58596 25.5553 25.43265 25.31 25.18735
25.06471 24.94206 24.81941 24.69676 24.57412
25.54652 25.54652 25.54652 25.54652 25.54652
25.54652 25.54652 25.54652 25.54652 25.54652
25.54652 25.54652 25.54652 25.54652 25.54652
25.54652 25.54652 25.54652 25.54652 25.54652
25.54652 25.54652 25.54652 25.54652 25.54652
25.54652 25.54652 25.54652 25.54652 25.54652
25.54652 25.54652 25.54652 25.54652 25.54652
25.54652 25.54652 25.54652 25.54652 25.54652
25.54652 25.54652 25.54652 25.54652 25.54652
25.54652 25.54652 25.54652 25.54652 25.54652
25.54652 25.54652 25.54652 25.54652 25.54652
25.54652 25.54652 25.54652 25.54652 25.54652
25.54652 25.54652 25.54652 25.54652 25.54652
25.54652 25.54652 25.54652 25.54652 25.54652
25.54652 25.54652 25.54652 25.54652 25.54652
25.54652 25.54652 25.54652 25.54652 25.54652
25.54652 25.54652 25.54652 25.54652 25.54652
25.54652 25.54652 25.54652 25.54652 25.54652
25.54652 25.51585 25.39321 25.27056 25.14791
25.02526 24.90262 24.77997 24.65732 24.53468
25.50708 25.50708 25.50708 25.50708 25.50708
25.50708 25.50708 25.50708 25.50708 25.50708
25.50708 25.50708 25.50708 25.50708 25.50708
25.50708 25.50708 25.50708 25.50708 25.50708
25.50708 25.50708 25.50708 25.50708 25.50708
25.50708 25.50708 25.50708 25.50708 25.50708
25.50708 25.50708 25.50708 25.50708 25.50708
25.50708 25.50708 25.50708 25.50708 25.50708
25.50708 25.50708 25.50708 25.50708 25.50708
25.50708 25.50708 25.50708 25.50708 25.50708
25.50708 25.50708 25.50708 25.50708 25.50708
25.50708 25.50708 25.50708 25.50708 25.50708
25.50708 25.50708 25.50708 25.50708 25.50708
25.50708 25.50708 25.50708 25.50708 25.50708
25.50708 25.50708 25.50708 25.50708 25.50708
25.50708 25.50708 25.50708 25.50708 25.50708
25.50708 25.50708 25.50708 25.50708 25.50708
25.50708 25.50708 25.50708 25.50708 25.50708
25.50708 25.47641 25.35377 25.23112 25.10847
24.98582 24.86318 24.74053 24.61788 24.49523
25.46164 25.46164 25.46164 25.46164 25.46164
25.46164 25.46164 25.46164 25.46164 25.46164
25.46164 25.46164 25.46164 25.46164 25.46164
25.46164 25.46164 25.46164 25.46164 25.46164
25.46164 25.46164 25.46164 25.46164 25.46164
25.46164 25.46164 25.46164 25.46164 25.46164
25.46164 25.46164 25.46164 25.46164 25.46164
25.46164 25.46164 25.46164 25.46164 25.46164
25.46164 25.46164 25.46164 25.46164 25.46164
25.46164 25.46164 25.46164 25.46164 25.46164
25.46164 25.46164 25.46164 25.46164 25.46164
25.46164 25.46164 25.46164 25.46164 25.46164
25.46164 25.46164 25.46164 25.46164 25.46164
25.46164 25.46164 25.46164 25.46164 25.46164
25.46164 25.46164 25.46164 25.46164 25.46164
25.46164 25.46164 25.46164 25.46164 25.46164
25.46164 25.46164 25.46164 25.46164 25.46164
25.46164 25.46164 25.46164 25.46164 25.46164
25.46164 25.43098 25.30833 25.18568 25.06303
24.94039 24.81774 24.69509 24.57245 24.4498
25.40286 25.40286 25.40286 25.40286 25.40286
25.40286 25.40286 25.40286 25.40286 25.40286
25.40286 25.40286 25.40286 25.40286 25.40286
25.40286 25.40286 25.40286 25.40286 25.40286
25.40286 25.40286 25.40286 25.40286 25.40286
25.40286 25.40286 25.40286 25.40286 25.40286
25.40286 25.40286 25.40286 25.40286 25.40286
25.40286 25.40286 25.40286 25.40286 25.40286
25.40286 25.40286 25.40286 25.40286 25.40286
25.40286 25.40286 25.40286 25.40286 25.40286
25.40286 25.40286 25.40286 25.40286 25.40286
25.40286 25.40286 25.40286 25.40286 25.40286
25.40286 25.40286 25.40286 25.40286 25.40286
25.40286 25.40286 25.40286 25.40286 25.40286
25.40286 25.40286 25.40286 25.40286 25.40286
25.40286 25.40286 25.40286 25.40286 25.40286
25.40286 25.40286 25.40286 25.40286 25.40286
25.40286 25.40286 25.40286 25.40286 25.40286
25.40286 25.3722 25.24955 25.1269 25.00425
24.88161 24.75896 24.63631 24.51366 24.39102
25.34408 25.34408 25.34408 25.34408 25.34408
25.34408 25.34408 25.34408 25.34408 25.34408
25.34408 25.34408 25.34408 25.34408 25.34408
25.34408 25.34408 25.34408 25.34408 25.34408
25.34408 25.34408 25.34408 25.34408 25.34408
25.34408 25.34408 25.34408 25.34408 25.34408
25.34408 25.34408 25.34408 25.34408 25.34408
25.34408 25.34408 25.34408 25.34408 25.34408
25.34408 25.34408 25.34408 25.34408 25.34408
25.34408 25.34408 25.34408 25.34408 25.34408
25.34408 25.34408 25.34408 25.34408 25.34408
25.34408 25.34408 25.34408 25.34408 25.34408
25.34408 25.34408 25.34408 25.34408 25.34408
25.34408 25.34408 25.34408 25.34408 25.34408
25.34408 25.34408 25.34408 25.34408 25.34408
25.34408 25.34408 25.34408 25.34408 25.34408
25.34408 25.34408 25.34408 25.34408 25.34408
25.34408 25.34408 25.34408 25.34408 25.34408
25.34408 25.31342 25.19077 25.06812 24.94547
24.82283 24.70018 24.57753 24.45488 24.33224
25.2853 25.2853 25.2853 25.2853 25.2853
25.2853 25.2853 25.2853 25.2853 25.2853
25.2853 25.2853 25.2853 25.2853 25.2853
25.2853 25.2853 25.2853 25.2853 25.2853
25.2853 25.2853 25.2853 25.2853 25.2853
25.2853 25.2853 25.2853 25.2853 25.2853
25.2853 25.2853 25.2853 25.2853 25.2853
25.2853 25.2853 25.2853 25.2853 25.2853
25.2853 25.2853 25.2853 25.2853 25.2853
25.2853 25.2853 25.2853 25.2853 25.2853
25.2853 25.2853 25.2853 25.2853 25.2853
25.2853 25.2853 25.2853 25.2853 25.2853
25.2853 25.2853 25.2853 25.2853 25.2853
25.2853 25.2853 25.2853 25.2853 25.2853
25.2853 25.2853 25.2853 25.2853 25.2853
25.2853 25.2853 25.2853 25.2853 25.2853
25.2853 25.2853 25.2853 25.2853 25.2853
25.2853 25.2853 25.2853 25.2853 25.2853
25.2853 25.25463 25.13199 25.00934 24.88669
24.76404 24.6414 24.51875 24.3961 24.27345
25.22651 25.22651 25.22651 25.22651 25.22651
25.22651 25.22651 25.22651 25.22651 25.22651
25.22651 25.22651 25.22651 25.22651 25.22651
25.22651 25.22651 25.22651 25.22651 25.22651
25.22651 25.22651 25.22651 25.22651 25.22651
25.22651 25.22651 25.22651 25.22651 25.22651
25.22651 25.22651 25.22651 25.22651 25.22651
25.22651 25.22651 25.22651 25.22651 25.22651
25.22651 25.22651 25.22651 25.22651 25.22651
25.22651 25.22651 25.22651 25.22651 25.22651
25.22651 25.22651 25.22651 25.22651 25.22651
25.22651 25.22651 25.22651 25.22651 25.22651
25.22651 25.22651 25.22651 25.22651 25.22651
25.22651 25.22651 25.22651 25.22651 25.22651
25.22651 25.22651 25.22651 25.22651 25.22651
25.22651 25.22651 25.22651 25.22651 25.22651
25.22651 25.22651 25.22651 25.22651 25.22651
25.22651 25.22651 25.22651 25.22651 25.22651
25.22651 25.19585 25.07321 24.95056 24.82791
24.70526 24.58262 24.45997 24.33732 24.21467
25.16773 25.16773 25.16773 25.16773 25.16773
25.16773 25.16773 25.16773 25.16773 25.16773
25.16773 25.16773 25.16773 25.16773 25.16773
25.16773 25.16773 25.16773 25.16773 25.16773
25.16773 25.16773 25.16773 25.16773 25.16773
25.16773 25.16773 25.16773 25.16773 25.16773
25.16773 25.16773 25.16773 25.16773 25.16773
25.16773 25.16773 25.16773 25.16773 25.16773
25.16773 25.16773 25.16773 25.16773 25.16773
25.16773 25.16773 25.16773 25.16773 25.16773
25.16773 25.16773 25.16773 25.16773 25.16773
25.16773 25.16773 25.16773 25.16773 25.16773
25.16773 25.16773 25.16773 25.16773 25.16773
25.16773 25.16773 25.16773 25.16773 25.16773
25.16773 25.16773 25.16773 25.16773 25.16773
25.16773 25.16773 25.16773 25.16773 25.16773
25.16773 25.16773 25.16773 25.16773 25.16773
25.16773 25.16773 25.16773 25.16773 25.16773
25.16773 25.13707 25.01442 24.89178 24.76913
24.64648 24.52383 24.40119 24.27854 24.15589
25.10895 25.10895 25.10895 25.10895 25.10895
25.10895 25.10895 25.10895 25.10895 25.10895
25.10895 25.10895 25.10895 25.10895 25.10895
25.10895 25.10895 25.10895 25.10895 25.10895
25.10895 25.10895 25.10895 25.10895 25.10895
25.10895 25.10895 25.10895 25.10895 25.10895
25.10895 25.10895 25.10895 25.10895 25.10895
25.10895 25.10895 25.10895 25.10895 25.10895
25.10895 25.10895 25.10895 25.10895 25.10895
25.10895 25.10895 25.10895 25.10895 25.10895
25.10895 25.10895 25.10895 25.10895 25.10895
25.10895 25.10895 25.10895 25.10895 25.10895
25.10895 25.10895 25.10895 25.10895 25.10895
25.10895 25.10895 25.10895 25.10895 25.10895
25.10895 25.10895 25.10895 25.10895 25.10895
25.10895 25.10895 25.10895 25.10895 25.10895
25.10895 25.10895 25.10895 25.10895 25.10895
25.10895 25.10895 25.10895 25.10895 25.10895
25.10895 25.07829 24.95564 24.833 24.71035
24.5877 24.46505 24.34241 24.21976 24.09711
25.05017 25.05017 25.05017 25.05017 25.05017
25.05017 25.05017 25.05017 25.05017 25.05017
25.05017 25.05017 25.05017 25.05017 25.05017
25.05017 25.05017 25.05017 25.05017 25.05017
25.05017 25.05017 25.05017 25.05017 25.05017
25.05017 25.05017 25.05017 25.05017 25.05017
25.05017 25.05017 25.05017 25.05017 25.05017
25.05017 25.05017 25.05017 25.05017 25.05017
25.05017 25.05017 25.05017 25.05017 25.05017
25.05017 25.05017 25.05017 25.05017 25.05017
25.05017 25.05017 25.05017 25.05017 25.05017
25.05017 25.05017 25.05017 25.05017 25.05017
25.05017 25.05017 25.05017 25.05017 25.05017
25.05017 25.05017 25.05017 25.05017 25.05017
25.05017 25.05017 25.05017 25.05017 25.05017
25.05017 25.05017 25.05017 25.05017 25.05017
25.05017 25.05017 25.05017 25.05017 25.05017
25.05017 25.05017 25.05017 25.05017 25.05017
25.05017 25.01951 24.89686 24.77422 24.65157
24.52892 24.40627 24.28363 24.16098 24.03833
24.99139 24.99139 24.99139 24.99139 24.99139
24.99139 24.99139 24.99139 24.99139 24.99139
24.99139 24.99139 24.99139 24.99139 24.99139
24.99139 24.99139 24.99139 24.99139 24.99139
24.99139 24.99139 24.99139 24.99139 24.99139
24.99139 24.99139 24.99139 24.99139 24.99139
24.99139 24.99139 24.99139 24.99139 24.99139
24.99139 24.99139 24.99139 24.99139 24.99139
24.99139 24.99139 24.99139 24.99139 24.99139
24.99139 24.99139 24.99139 24.99139 24.99139
24.99139 24.99139 24.99139 24.99139 24.99139
24.99139 24.99139 24.99139 24.99139 24.99139
24.99139 24.99139 24.99139 24.99139 24.99139
24.99139 24.99139 24.99139 24.99139 24.99139
24.99139 24.99139 24.99139 24.99139 24.99139
24.99139 24.99139 24.99139 24.99139 24.99139
24.99139 24.99139 24.99139 24.99139 24.99139
24.99139 24.99139 24.99139 24.99139 24.99139
24.99139 24.96073 24.83808 24.71543 24.59279
24.47014 24.34749 24.22484 24.1022 23.97955
24.93261 24.93261 24.93261 24.93261 24.93261
24.93261 24.93261 24.93261 24.93261 24.93261
24.93261 24.93261 24.93261 24.93261 24.93261
24.93261 24.93261 24.93261 24.93261 24.93261
24.93261 24.93261 24.93261 24.93261 24.93261
24.93261 24.93261 24.93261 24.93261 24.93261
24.93261 24.93261 24.93261 24.93261 24.93261
24.93261 24.93261 24.93261 24.93261 24.93261
24.93261 24.93261 24.93261 24.93261 24.93261
24.93261 24.93261 24.93261 24.93261 24.93261
24.93261 24.93261 24.93261 24.93261 24.93261
24.93261 24.93261 24.93261 24.93261 24.93261
24.93261 24.93261 24.93261 24.93261 24.93261
24.93261 24.93261 24.93261 24.93261 24.93261
24.93261 24.93261 24.93261 24.93261 24.93261
24.93261 24.93261 24.93261 24.93261 24.93261
24.93261 24.93261 24.93261 24.93261 24.93261
24.93261 24.93261 24.93261 24.93261 24.93261
24.93261 24.90195 24.7793 24.65665 24.53401
24.41136 24.28871 24.16606 24.04342 23.92077
24.87383 24.87383 24.87383 24.87383 24.87383
24.87383 24.87383 24.87383 24.87383 24.87383
24.87383 24.87383 24.87383 24.87383 24.87383
24.87383 24.87383 24.87383 24.87383 24.87383
24.87383 24.87383 24.87383 24.87383 24.87383
24.87383 24.87383 24.87383 24.87383 24.87383
24.87383 24.87383 24.87383 24.87383 24.87383
24.87383 24.87383 24.87383 24.87383 24.87383
24.87383 24.87383 24.87383 24.87383 24.87383
24.87383 24.87383 24.87383 24.87383 24.87383
24.87383 24.87383 24.87383 24.87383 24.87383
24.87383 24.87383 24.87383 24.87383 24.87383
24.87383 24.87383 24.87383 24.87383 24.87383
24.87383 24.87383 24.87383 24.87383 24.87383
24.87383 24.87383 24.87383 24.87383 24.87383
24.87383 24.87383 24.87383 24.87383 24.87383
24.87383 24.87383 24.87383 24.87383 24.87383
24.87383 24.87383 24.87383 24.87383 24.87383
24.87383 24.84317 24.72052 24.59787 24.47522
24.35258 24.22993 24.10728 23.98463 23.86199
24.81505 24.81505 24.81505 24.81505 24.81505
24.81505 24.81505 24.81505 24.81505 24.81505
24.81505 24.81505 24.81505 24.81505 24.81505
24.81505 24.81505 24.81505 24.81505 24.81505
24.81505 24.81505 24.81505 24.81505 24.81505
24.81505 24.81505 24.81505 24.81505 24.81505
24.81505 24.81505 24.81505 24.81505 24.81505
24.81505 24.81505 24.81505 24.81505 24.81505
24.81505 24.81505 24.81505 24.81505 24.81505
24.81505 24.81505 24.81505 24.81505 24.81505
24.81505 24.81505 24.81505 24.81505 24.81505
24.81505 24.81505 24.81505 24.81505 24.81505
24.81505 24.81505 24.81505 24.81505 24.81505
24.81505 24.81505 24.81505 24.81505 24.81505
24.81505 24.81505 24.81505 24.81505 24.81505
24.81505 24.81505 24.81505 24.81505 24.81505
24.81505 24.81505 24.81505 24.81505 24.81505
24.81505 24.81505 24.81505 24.81505 24.81505
24.81505 24.78439 24.66174 24.53909 24.41644
24.2938 24.17115 24.0485 23.92585 23.80321
24.75627 24.75627 24.75627 24.75627 24.75627
24.75627 24.75627 24.75627 24.75627 24.75627
24.75627 24.75627 24.75627 24.75627 24.75627
24.75627 24.75627 24.75627 24.75627 24.75627
24.75627 24.75627 24.75627 24.75627 24.75627
24.75627 24.75627 24.75627 24.75627 24.75627
24.75627 24.75627 24.75627 24.75627 24.75627
24.75627 24.75627 24.75627 24.75627 24.75627
24.75627 24.75627 24.75627 24.75627 24.75627
24.75627 24.75627 24.75627 24.75627 24.75627
24.75627 24.75627 24.75627 24.75627 24.75627
24.75627 24.75627 24.75627 24.75627 24.75627
24.75627 24.75627 24.75627 24.75627 24.75627
24.75627 24.75627 24.75627 24.75627 24.75627
24.75627 24.75627 24.75627 24.75627 24.75627
24.75627 24.75627 24.75627 24.75627 24.75627
24.75627 24.75627 24.75627 24.75627 24.75627
24.75627 24.75627 24.75627 24.75627 24.75627
24.75627 24.7256 24.60296 24.48031 24.35766
24.23502 24.11237 23.98972 23.86707 23.74443
24.69749 24.69749 24.69749 24.69749 24.69749
24.69749 24.69749 24.69749 24.69749 24.69749
24.69749 24.69749 24.69749 24.69749 24.69749
24.69749 24.69749 24.69749 24.69749 24.69749
24.69749 24.69749 24.69749 24.69749 24.69749
24.69749 24.69749 24.69749 24.69749 24.69749
24.69749 24.69749 24.69749 24.69749 24.69749
24.69749 24.69749 24.69749 24.69749 24.69749
24.69749 24.69749 24.69749 24.69749 24.69749
24.69749 24.69749 24.69749 24.69749 24.69749
24.69749 24.69749 24.69749 24.69749 24.69749
24.69749 24.69749 24.69749 24.69749 24.69749
24.69749 24.69749 24.69749 24.69749 24.69749
24.69749 24.69749 24.69749 24.69749 24.69749
24.69749 24.69749 24.69749 24.69749 24.69749
24.69749 24.69749 24.69749 24.69749 24.69749
24.69749 24.69749 24.69749 24.69749 24.69749
24.69749 24.69749 24.69749 24.69749 24.69749
24.69749 24.66682 24.54418 24.42153 24.29888
24.17623 24.05359 23.93094 23.80829 23.68564
24.6387 24.6387 24.6387 24.6387 24.6387
24.6387 24.6387 24.6387 24.6387 24.6387
24.6387 24.6387 24.6387 24.6387 24.6387
24.6387 24.6387 24.6387 24.6387 24.6387
24.6387 24.6387 24.6387 24.6387 24.6387
24.6387 24.6387 24.6387 24.6387 24.6387
24.6387 24.6387 24.6387 24.6387 24.6387
24.6387 24.6387 24.6387 24.6387 24.6387
24.6387 24.6387 24.6387 24.6387 24.6387
24.6387 24.6387 24.6387 24.6387 24.6387
24.6387 24.6387 24.6387 24.6387 24.6387
24.6387 24.6387 24.6387 24.6387 24.6387
24.6387 24.6387 24.6387 24.6387 24.6387
24.6387 24.6387 24.6387 24.6387 24.6387
24.6387 24.6387 24.6387 24.6387 24.6387
24.6387 24.6387 24.6387 24.6387 24.6387
24.6387 24.6387 24.6387 24.6387 24.6387
24.6387 24.6387 24.6387 24.6387 24.6387
24.6387 24.60804 24.4854 24.36275 24.2401
24.11745 23.99481 23.87216 23.74951 23.62686
24.57992 24.57992 24.57992 24.57992 24.57992
24.57992 24.57992 24.57992 24.57992 24.57992
24.57992 24.57992 24.57992 24.57992 24.57992
24.57992 24.57992 24.57992 24.57992 24.57992
24.57992 24.57992 24.57992 24.57992 24.57992
24.57992 24.57992 24.57992 24.57992 24.57992
24.57992 24.57992 24.57992 24.57992 24.57992
24.57992 24.57992 24.57992 24.57992 24.57992
24.57992 24.57992 24.57992 24.57992 24.57992
24.57992 24.57992 24.57992 24.57992 24.57992
24.57992 24.57992 24.57992 24.57992 24.57992
24.57992 24.57992 24.57992 24.57992 24.57992
24.57992 24.57992 24.57992 24.57992 24.57992
24.57992 24.57992 24.57992 24.57992 24.57992
24.57992 24.57992 24.57992 24.57992 24.57992
24.57992 24.57992 24.57992 24.57992 24.57992
24.57992 24.57992 24.57992 24.57992 24.57992
24.57992 24.57992 24.57992 24.57992 24.57992
24.57992 24.54926 24.42661 24.30397 24.18132
24.05867 23.93602 23.81338 23.69073 23.56808
24.52114 24.52114 24.52114 24.52114 24.52114
24.52114 24.52114 24.52114 24.52114 24.52114
24.52114 24.52114 24.52114 24.52114 24.52114
24.52114 24.52114 24.52114 24.52114 24.52114
24.52114 24.52114 24.52114 24.52114 24.52114
24.52114 24.52114 24.52114 24.52114 24.52114
24.52114 24.52114 24.52114 24.52114 24.52114
24.52114 24.52114 24.52114 24.52114 24.52114
24.52114 24.52114 24.52114 24.52114 24.52114
24.52114 24.52114 24.52114 24.52114 24.52114
24.52114 24.52114 24.52114 24.52114 24.52114
24.52114 24.52114 24.52114 24.52114 24.52114
24.52114 24.52114 24.52114 24.52114 24.52114
24.52114 24.52114 24.52114 24.52114 24.52114
24.52114 24.52114 24.52114 24.52114 24.52114
24.52114 24.52114 24.52114 24.52114 24.52114
24.52114 24.52114 24.52114 24.52114 24.52114
24.52114 24.52114 24.52114 24.52114 24.52114
24.52114 24.49048 24.36783 24.24519 24.12254
23.99989 23.87724 23.7546 23.63195 23.5093
24.46236 24.46236 24.46236 24.46236 24.46236
24.46236 24.46236 24.46236 24.46236 24.46236
24.46236 24.46236 24.46236 24.46236 24.46236
24.46236 24.46236 24.46236 24.46236 24.46236
24.46236 24.46236 24.46236 24.46236 24.46236
24.46236 24.46236 24.46236 24.46236 24.46236
24.46236 24.46236 24.46236 24.46236 24.46236
24.46236 24.46236 24.46236 24.46236 24.46236
24.46236 24.46236 24.46236 24.46236 24.46236
24.46236 24.46236 24.46236 24.46236 24.46236
24.46236 24.46236 24.46236 24.46236 24.46236
24.46236 24.46236 24.46236 24.46236 24.46236
24.46236 24.46236 24.46236 24.46236 24.46236
24.46236 24.46236 24.46236 24.46236 24.46236
24.46236 24.46236 24.46236 24.46236 24.46236
24.46236 24.46236 24.46236 24.46236 24.46236
24.46236 24.46236 24.46236 24.46236 24.46236
24.46236 24.46236 24.46236 24.46236 24.46236
24.46236 24.4317 24.30905 24.1864 24.06376
23.94111 23.81846 23.69582 23.57317 23.45052
24.40358 24.40358 24.40358 24.40358 24.40358
24.40358 24.40358 24.40358 24.40358 24.40358
24.40358 24.40358 24.40358 24.40358 24.40358
24.40358 24.40358 24.40358 24.40358 24.40358
24.40358 24.40358 24.40358 24.40358 24.40358
24.40358 24.40358 24.40358 24.40358 24.40358
24.40358 24.40358 24.40358 24.40358 24.40358
24.40358 24.40358 24.40358 24.40358 24.40358
24.40358 24.40358 24.40358 24.40358 24.40358
24.40358 24.40358 24.40358 24.40358 24.40358
24.40358 24.40358 24.40358 24.40358 24.40358
24.40358 24.40358 24.40358 24.40358 24.40358
24.40358 24.40358 24.40358 24.40358 24.40358
24.40358 24.40358 24.40358 24.40358 24.40358
24.40358 24.40358 24.40358 24.40358 24.40358
24.40358 24.40358 24.40358 24.40358 24.40358
24.40358 24.40358 24.40358 24.40358 24.40358
24.40358 24.40358 24.40358 24.40358 24.40358
24.40358 24.37292 24.25027 24.12762 24.00498
23.88233 23.75968 23.63703 23.51439 23.39174
24.3448 24.3448 24.3448 24.3448 24.3448
24.3448 24.3448 24.3448 24.3448 24.3448
24.3448 24.3448 24.3448 24.3448 24.3448
24.3448 24.3448 24.3448 24.3448 24.3448
24.3448 24.3448 24.3448 24.3448 24.3448
24.3448 24.3448 24.3448 24.3448 24.3448
24.3448 24.3448 24.3448 24.3448 24.3448
24.3448 24.3448 24.3448 24.3448 24.3448
24.3448 24.3448 24.3448 24.3448 24.3448
24.3448 24.3448 24.3448 24.3448 24.3448
24.3448 24.3448 24.3448 24.3448 24.3448
24.3448 24.3448 24.3448 24.3448 24.3448
24.3448 24.3448 24.3448 24.3448 24.3448
24.3448 24.3448 24.3448 24.3448 24.3448
24.3448 24.3448 24.3448 24.3448 24.3448
24.3448 24.3448 24.3448 24.3448 24.3448
24.3448 24.3448 24.3448 24.3448 24.3448
24.3448 24.3448 24.3448 24.3448 24.3448
24.3448 24.31414 24.19149 24.06884 23.9462
23.82355 23.7009 23.57825 23.45561 23.33296
24.28602 24.28602 24.28602 24.28602 24.28602
24.28602 24.28602 24.28602 24.28602 24.28602
24.28602 24.28602 24.28602 24.28602 24.28602
24.28602 24.28602 24.28602 24.28602 24.28602
24.28602 24.28602 24.28602 24.28602 24.28602
24.28602 24.28602 24.28602 24.28602 24.28602
24.28602 24.28602 24.28602 24.28602 24.28602
24.28602 24.28602 24.28602 24.28602 24.28602
24.28602 24.28602 24.28602 24.28602 24.28602
24.28602 24.28602 24.28602 24.28602 24.28602
24.28602 24.28602 24.28602 24.28602 24.28602
24.28602 24.28602 24.28602 24.28602 24.28602
24.28602 24.28602 24.28602 24.28602 24.28602
24.28602 24.28602 24.28602 24.28602 24.28602
24.28602 24.28602 24.28602 24.28602 24.28602
24.28602 24.28602 24.28602 24.28602 24.28602
24.28602 24.28602 24.28602 24.28602 24.28602
24.28602 24.28602 24.28602 24.28602 24.28602
24.28602 24.25536 24.13271 24.01006 23.88741
23.76477 23.64212 23.51947 23.39682 23.27418
24.22724 24.22724 24.22724 24.22724 24.22724
24.22724 24.22724 24.22724 24.22724 24.22724
24.22724 24.22724 24.22724 24.22724 24.22724
24.22724 24.22724 24.22724 24.22724 24.22724
24.22724 24.22724 24.22724 24.22724 24.22724
24.22724 24.22724 24.22724 24.22724 24.22724
24.22724 24.22724 24.22724 24.22724 24.22724
24.22724 24.22724 24.22724 24.22724 24.22724
24.22724 24.22724 24.22724 24.22724 24.22724
24.22724 24.22724 24.22724 24.22724 24.22724
24.22724 24.22724 24.22724 24.22724 24.22724
24.22724 24.22724 24.22724 24.22724 24.22724
24.22724 24.22724 24.22724 24.22724 24.22724
24.22724 24.22724 24.22724 24.22724 24.22724
24.22724 24.22724 24.22724 24.22724 24.22724
24.22724 24.22724 24.22724 24.22724 24.22724
24.22724 24.22724 24.22724 24.22724 24.22724
24.22724 24.22724 24.22724 24.22724 24.22724
24.22724 24.19658 24.07393 23.95128 23.82863
23.70599 23.58334 23.46069 23.33804 23.2154
24.16846 24.16846 24.16846 24.16846 24.16846
24.16846 24.16846 24.16846 24.16846 24.16846
24.16846 24.16846 24.16846 24.16846 24.16846
24.16846 24.16846 24.16846 24.16846 24.16846
24.16846 24.16846 24.16846 24.16846 24.16846
24.16846 24.16846 24.16846 24.16846 24.16846
24.16846 24.16846 24.16846 24.16846 24.16846
24.16846 24.16846 24.16846 24.16846 24.16846
24.16846 24.16846 24.16846 24.16846 24.16846
24.16846 24.16846 24.16846 24.16846 24.16846
24.16846 24.16846 24.16846 24.16846 24.16846
24.16846 24.16846 24.16846 24.16846 24.16846
24.16846 24.16846 24.16846 24.16846 24.16846
24.16846 24.16846 24.16846 24.16846 24.16846
24.16846 24.16846 24.16846 24.16846 24.16846
24.16846 24.16846 24.16846 24.16846 24.16846
24.16846 24.16846 24.16846 24.16846 24.16846
24.16846 24.16846 24.16846 24.16846 24.16846
24.16846 24.13779 24.01515 23.8925 23.76985
23.6472 23.52456 23.40191 23.27926 23.15662
24.10968 24.10968 24.10968 24.10968 24.10968
24.10968 24.10968 24.10968 24.10968 24.10968
24.10968 24.10968 24.10968 24.10968 24.10968
24.10968 24.10968 24.10968 24.10968 24.10968
24.10968 24.10968 24.10968 24.10968 24.10968
24.10968 24.10968 24.10968 24.10968 24.10968
24.10968 24.10968 24.10968 24.10968 24.10968
24.10968 24.10968 24.10968 24.10968 24.10968
24.10968 24.10968 24.10968 24.10968 24.10968
24.10968 24.10968 24.10968 24.10968 24.10968
24.10968 24.10968 24.10968 24.10968 24.10968
24.10968 24.10968 24.10968 24.10968 24.10968
24.10968 24.10968 24.10968 24.10968 24.10968
24.10968 24.10968 24.10968 24.10968 24.10968
24.10968 24.10968 24.10968 24.10968 24.10968
24.10968 24.10968 24.10968 24.10968 24.10968
24.10968 24.10968 24.10968 24.10968 24.10968
24.10968 24.10968 24.10968 24.10968 24.10968
24.10968 24.07901 23.95637 23.83372 23.71107
23.58842 23.46578 23.34313 23.22048 23.09783
23.98755 23.98755 23.98755 23.98755 23.98755
23.98755 23.98755 23.98755 23.98755 23.98755
23.98755 23.98755 23.98755 23.98755 23.98755
23.98755 23.98755 23.98755 23.98755 23.98755
23.98755 23.98755 23.98755 23.98755 23.98755
23.98755 23.98755 23.98755 23.98755 23.98755
23.98755 23.98755 23.98755 23.98755 23.98755
23.98755 23.98755 23.98755 23.98755 23.98755
23.98755 23.98755 23.98755 23.98755 23.98755
23.98755 23.98755 23.98755 23.98755 23.98755
23.98755 23.98755 23.98755 23.98755 23.98755
23.98755 23.98755 23.98755 23.98755 23.98755
23.98755 23.98755 23.98755 23.98755 23.98755
23.98755 23.98755 23.98755 23.98755 23.98755
23.98755 23.98755 23.98755 23.98755 23.98755
23.98755 23.98755 23.98755 23.98755 23.98755
23.98755 23.98755 23.98755 23.98755 23.98755
23.98755 23.98755 23.98755 23.98755 23.98755
23.98755 23.95689 23.83424 23.71159 23.58894
23.4663 23.34365 23.221 23.09835 22.97571
23.81359 23.81359 23.81359 23.81359 23.81359
23.81359 23.81359 23.81359 23.81359 23.81359
23.81359 23.81359 23.81359 23.81359 23.81359
23.81359 23.81359 23.81359 23.81359 23.81359
23.81359 23.81359 23.81359 23.81359 23.81359
23.81359 23.81359 23.81359 23.81359 23.81359
23.81359 23.81359 23.81359 23.81359 23.81359
23.81359 23.81359 23.81359 23.81359 23.81359
23.81359 23.81359 23.81359 23.81359 23.81359
23.81359 23.81359 23.81359 23.81359 23.81359
23.81359 23.81359 23.81359 23.81359 23.81359
23.81359 23.81359 23.81359 23.81359 23.81359
23.81359 23.81359 23.81359 23.81359 23.81359
23.81359 23.81359 23.81359 23.81359 23.81359
23.81359 23.81359 23.81359 23.81359 23.81359
23.81359 23.81359 23.81359 23.81359 23.81359
23.81359 23.81359 23.81359 23.81359 23.81359
23.81359 23.81359 23.81359 23.81359 23.81359
23.81359 23.78293 23.66028 23.53763 23.41499
23.29234 23.16969 23.04705 22.9244 22.80175
23.63964 23.63964 23.63964 23.63964 23.63964
23.63964 23.63964 23.63964 23.63964 23.63964
23.63964 23.63964 23.63964 23.63964 23.63964
23.63964 23.63964 23.63964 23.63964 23.63964
23.63964 23.63964 23.63964 23.63964 23.63964
23.63964 23.63964 23.63964 23.63964 23.63964
23.63964 23.63964 23.63964 23.63964 23.63964
23.63964 23.63964 23.63964 23.63964 23.63964
23.63964 23.63964 23.63964 23.63964 23.63964
23.63964 23.63964 23.63964 23.63964 23.63964
23.63964 23.63964 23.63964 23.63964 23.63964
23.63964 23.63964 23.63964 23.63964 23.63964
23.63964 23.63964 23.63964 23.63964 23.63964
23.63964 23.63964 23.63964 23.63964 23.63964
23.63964 23.63964 23.63964 23.63964 23.63964
23.63964 23.63964 23.63964 23.63964 23.63964
23.63964 23.63964 23.63964 23.63964 23.63964
23.63964 23.63964 23.63964 23.63964 23.63964
23.63964 23.60897 23.48633 23.36368 23.24103
23.11838 22.99574 22.87309 22.75044 22.62779
23.46568 23.46568 23.46568 23.46568 23.46568
23.46568 23.46568 23.46568 23.46568 23.46568
23.46568 23.46568 23.46568 23.46568 23.46568
23.46568 23.46568 23.46568 23.46568 23.46568
23.46568 23.46568 23.46568 23.46568 23.46568
23.46568 23.46568 23.46568 23.46568 23.46568
23.46568 23.46568 23.46568 23.46568 23.46568
23.46568 23.46568 23.46568 23.46568 23.46568
23.46568 23.46568 23.46568 23.46568 23.46568
23.46568 23.46568 23.46568 23.46568 23.46568
23.46568 23.46568 23.46568 23.46568 23.46568
23.46568 23.46568 23.46568 23.46568 23.46568
23.46568 23.46568 23.46568 23.46568 23.46568
23.46568 23.46568 23.46568 23.46568 23.46568
23.46568 23.46568 23.46568 23.46568 23.46568
23.46568 23.46568 23.46568 23.46568 23.46568
23.46568 23.46568 23.46568 23.46568 23.46568
23.46568 23.46568 23.46568 23.46568 23.46568
23.46568 23.43502 23.31237 23.18972 23.06707
22.94443 22.82178 22.69913 22.57649 22.45384
23.29172 23.29172 23.29172 23.29172 23.29172
23.29172 23.29172 23.29172 23.29172 23.29172
23.29172 23.29172 23.29172 23.29172 23.29172
23.29172 23.29172 23.29172 23.29172 23.29172
23.29172 23.29172 23.29172 23.29172 23.29172
23.29172 23.29172 23.29172 23.29172 23.29172
23.29172 23.29172 23.29172 23.29172 23.29172
23.29172 23.29172 23.29172 23.29172 23.29172
23.29172 23.29172 23.29172 23.29172 23.29172
23.29172 23.29172 23.29172 23.29172 23.29172
23.29172 23.29172 23.29172 23.29172 23.29172
23.29172 23.29172 23.29172 23.29172 23.29172
23.29172 23.29172 23.29172 23.29172 23.29172
23.29172 23.29172 23.29172 23.29172 23.29172
23.29172 23.29172 23.29172 23.29172 23.29172
23.29172 23.29172 23.29172 23.29172 23.29172
23.29172 23.29172 23.29172 23.29172 23.29172
23.29172 23.29172 23.29172 23.29172 23.29172
23.29172 23.26106 23.13841 23.01577 22.89312
22.77047 22.64782 22.52518 22.40253 22.27988
23.11777 23.11777 23.11777 23.11777 23.11777
23.11777 23.11777 23.11777 23.11777 23.11777
23.11777 23.11777 23.11777 23.11777 23.11777
23.11777 23.11777 23.11777 23.11777 23.11777
23.11777 23.11777 23.11777 23.11777 23.11777
23.11777 23.11777 23.11777 23.11777 23.11777
23.11777 23.11777 23.11777 23.11777 23.11777
23.11777 23.11777 23.11777 23.11777 23.11777
23.11777 23.11777 23.11777 23.11777 23.11777
23.11777 23.11777 23.11777 23.11777 23.11777
23.11777 23.11777 23.11777 23.11777 23.11777
23.11777 23.11777 23.11777 23.11777 23.11777
23.11777 23.11777 23.11777 23.11777 23.11777
23.11777 23.11777 23.11777 23.11777 23.11777
23.11777 23.11777 23.11777 23.11777 23.11777
23.11777 23.11777 23.11777 23.11777 23.11777
23.11777 23.11777 23.11777 23.11777 23.11777
23.11777 23.11777 23.11777 23.11777 23.11777
23.11777 23.0871 22.96446 22.84181 22.71916
22.59651 22.47387 22.35122 22.22857 22.10593
23.03967 23.03967 23.03967 23.03967 23.03967
23.03967 23.03967 23.03967 23.03967 23.03967
23.03967 23.03967 23.03967 23.03967 23.03967
23.03967 23.03967 23.03967 23.03967 23.03967
23.03967 23.03967 23.03967 23.03967 23.03967
23.03967 23.03967 23.03967 23.03967 23.03967
23.03967 23.03967 23.03967 23.03967 23.03967
23.03967 23.03967 23.03967 23.03967 23.03967
23.03967 23.03967 23.03967 23.03967 23.03967
23.03967 23.03967 23.03967 23.03967 23.03967
23.03967 23.03967 23.03967 23.03967 23.03967
23.03967 23.03967 23.03967 23.03967 23.03967
23.03967 23.03967 23.03967 23.03967 23.03967
23.03967 23.03967 23.03967 23.03967 23.03967
23.03967 23.03967 23.03967 23.03967 23.03967
23.03967 23.03967 23.03967 23.03967 23.03967
23.03967 23.03967 23.03967 23.03967 23.03967
23.03967 23.03967 23.03967 23.03967 23.03967
23.03967 23.00901 22.88636 22.76371 22.64107
22.51842 22.39577 22.27312 22.15048 22.02783
23.02286 23.02286 23.02286 23.02286 23.02286
23.02286 23.02286 23.02286 23.02286 23.02286
23.02286 23.02286 23.02286 23.02286 23.02286
23.02286 23.02286 23.02286 23.02286 23.02286
23.02286 23.02286 23.02286 23.02286 23.02286
23.02286 23.02286 23.02286 23.02286 23.02286
23.02286 23.02286 23.02286 23.02286 23.02286
23.02286 23.02286 23.02286 23.02286 23.02286
23.02286 23.02286 23.02286 23.02286 23.02286
23.02286 23.02286 23.02286 23.02286 23.02286
23.02286 23.02286 23.02286 23.02286 23.02286
23.02286 23.02286 23.02286 23.02286 23.02286
23.02286 23.02286 23.02286 23.02286 23.02286
23.02286 23.02286 23.02286 23.02286 23.02286
23.02286 23.02286 23.02286 23.02286 23.02286
23.02286 23.02286 23.02286 23.02286 23.02286
23.02286 23.02286 23.02286 23.02286 23.02286
23.02286 23.02286 23.02286 23.02286 23.02286
23.02286 22.9922 22.86955 22.74691 22.62426
22.50161 22.37897 22.25632 22.13367 22.01102
23.00606 23.00606 23.00606 23.00606 23.00606
23.00606 23.00606 23.00606 23.00606 23.00606
23.00606 23.00606 23.00606 23.00606 23.00606
23.00606 23.00606 23.00606 23.00606 23.00606
23.00606 23.00606 23.00606 23.00606 23.00606
23.00606 23.00606 23.00606 23.00606 23.00606
23.00606 23.00606 23.00606 23.00606 23.00606
23.00606 23.00606 23.00606 23.00606 23.00606
23.00606 23.00606 23.00606 23.00606 23.00606
23.00606 23.00606 23.00606 23.00606 23.00606
23.00606 23.00606 23.00606 23.00606 23.00606
23.00606 23.00606 23.00606 23.00606 23.00606
23.00606 23.00606 23.00606 23.00606 23.00606
23.00606 23.00606 23.00606 23.00606 23.00606
23.00606 23.00606 23.00606 23.00606 23.00606
23.00606 23.00606 23.00606 23.00606 23.00606
23.00606 23.00606 23.00606 23.00606 23.00606
23.00606 23.00606 23.00606 23.00606 23.00606
23.00606 22.9754 22.85275 22.7301 22.60745
22.48481 22.36216 22.23951 22.11686 21.99422
22.98925 22.98925 22.98925 22.98925 22.98925
22.98925 22.98925 22.98925 22.98925 22.98925
22.98925 22.98925 22.98925 22.98925 22.98925
22.98925 22.98925 22.98925 22.98925 22.98925
22.98925 22.98925 22.98925 22.98925 22.98925
22.98925 22.98925 22.98925 22.98925 22.98925
22.98925 22.98925 22.98925 22.98925 22.98925
22.98925 22.98925 22.98925 22.98925 22.98925
22.98925 22.98925 22.98925 22.98925 22.98925
22.98925 22.98925 22.98925 22.98925 22.98925
22.98925 22.98925 22.98925 22.98925 22.98925
22.98925 22.98925 22.98925 22.98925 22.98925
22.98925 22.98925 22.98925 22.98925 22.98925
22.98925 22.98925 22.98925 22.98925 22.98925
22.98925 22.98925 22.98925 22.98925 22.98925
22.98925 22.98925 22.98925 22.98925 22.98925
22.98925 22.98925 22.98925 22.98925 22.98925
22.98925 22.98925 22.98925 22.98925 22.98925
22.98925 22.95859 22.83594 22.71329 22.59065
22.468 22.34535 22.2227 22.10006 21.97741
22.97244 22.97244 22.97244 22.97244 22.97244
22.97244 22.97244 22.97244 22.97244 22.97244
22.97244 22.97244 22.97244 22.97244 22.97244
22.97244 22.97244 22.97244 22.97244 22.97244
22.97244 22.97244 22.97244 22.97244 22.97244
22.97244 22.97244 22.97244 22.97244 22.97244
22.97244 22.97244 22.97244 22.97244 22.97244
22.97244 22.97244 22.97244 22.97244 22.97244
22.97244 22.97244 22.97244 22.97244 22.97244
22.97244 22.97244 22.97244 22.97244 22.97244
22.97244 22.97244 22.97244 22.97244 22.97244
22.97244 22.97244 22.97244 22.97244 22.97244
22.97244 22.97244 22.97244 22.97244 22.97244
22.97244 22.97244 22.97244 22.97244 22.97244
22.97244 22.97244 22.97244 22.97244 22.97244
22.97244 22.97244 22.97244 22.97244 22.97244
22.97244 22.97244 22.97244 22.97244 22.97244
22.97244 22.97244 22.97244 22.97244 22.97244
22.97244 22.94178 22.81913 22.69649 22.57384
22.45119 22.32854 22.2059 22.08325 21.9606
22.95564 22.95564 22.95564 22.95564 22.95564
22.95564 22.95564 22.95564 22.95564 22.95564
22.95564 22.95564 22.95564 22.95564 22.95564
22.95564 22.95564 22.95564 22.95564 22.95564
22.95564 22.95564 22.95564 22.95564 22.95564
22.95564 22.95564 22.95564 22.95564 22.95564
22.95564 22.95564 22.95564 22.95564 22.95564
22.95564 22.95564 22.95564 22.95564 22.95564
22.95564 22.95564 22.95564 22.95564 22.95564
22.95564 22.95564 22.95564 22.95564 22.95564
22.95564 22.95564 22.95564 22.95564 22.95564
22.95564 22.95564 22.95564 22.95564 22.95564
22.95564 22.95564 22.95564 22.95564 22.95564
22.95564 22.95564 22.95564 22.95564 22.95564
22.95564 22.95564 22.95564 22.95564 22.95564
22.95564 22.95564 22.95564 22.95564 22.95564
22.95564 22.95564 22.95564 22.95564 22.95564
22.95564 22.95564 22.95564 22.95564 22.95564
22.95564 22.92497 22.80233 22.67968 22.55703
22.43438 22.31174 22.18909 22.06644 21.94379
22.93883 22.93883 22.93883 22.93883 22.93883
22.93883 22.93883 22.93883 22.93883 22.93883
22.93883 22.93883 22.93883 22.93883 22.93883
22.93883 22.93883 22.93883 22.93883 22.93883
22.93883 22.93883 22.93883 22.93883 22.93883
22.93883 22.93883 22.93883 22.93883 22.93883
22.93883 22.93883 22.93883 22.93883 22.93883
22.93883 22.93883 22.93883 22.93883 22.93883
22.93883 22.93883 22.93883 22.93883 22.93883
22.93883 22.93883 22.93883 22.93883 22.93883
22.93883 22.93883 22.93883 22.93883 22.93883
22.93883 22.93883 22.93883 22.93883 22.93883
22.93883 22.93883 22.93883 22.93883 22.93883
22.93883 22.93883 22.93883 22.93883 22.93883
22.93883 22.93883 22.93883 22.93883 22.93883
22.93883 22.93883 22.93883 22.93883 22.93883
22.93883 22.93883 22.93883 22.93883 22.93883
22.93883 22.93883 22.93883 22.93883 22.93883
22.93883 22.90817 22.78552 22.66287 22.54022
22.41758 22.29493 22.17228 22.04964 21.92699
22.92202 22.92202 22.92202 22.92202 22.92202
22.92202 22.92202 22.92202 22.92202 22.92202
22.92202 22.92202 22.92202 22.92202 22.92202
22.92202 22.92202 22.92202 22.92202 22.92202
22.92202 22.92202 22.92202 22.92202 22.92202
22.92202 22.92202 22.92202 22.92202 22.92202
22.92202 22.92202 22.92202 22.92202 22.92202
22.92202 22.92202 22.92202 22.92202 22.92202
22.92202 22.92202 22.92202 22.92202 22.92202
22.92202 22.92202 22.92202 22.92202 22.92202
22.92202 22.92202 22.92202 22.92202 22.92202
22.92202 22.92202 22.92202 22.92202 22.92202
22.92202 22.92202 22.92202 22.92202 22.92202
22.92202 22.92202 22.92202 22.92202 22.92202
22.92202 22.92202 22.92202 22.92202 22.92202
22.92202 22.92202 22.92202 22.92202 22.92202
22.92202 22.92202 22.92202 22.92202 22.92202
22.92202 22.92202 22.92202 22.92202 22.92202
22.92202 22.89136 22.76871 22.64607 22.52342
22.40077 22.27812 22.15548 22.03283 21.91018
22.90521 22.90521 22.90521 22.90521 22.90521
22.90521 22.90521 22.90521 22.90521 22.90521
22.90521 22.90521 22.90521 22.90521 22.90521
22.90521 22.90521 22.90521 22.90521 22.90521
22.90521 22.90521 22.90521 22.90521 22.90521
22.90521 22.90521 22.90521 22.90521 22.90521
22.90521 22.90521 22.90521 22.90521 22.90521
22.90521 22.90521 22.90521 22.90521 22.90521
22.90521 22.90521 22.90521 22.90521 22.90521
22.90521 22.90521 22.90521 22.90521 22.90521
22.90521 22.90521 22.90521 22.90521 22.90521
22.90521 22.90521 22.90521 22.90521 22.90521
22.90521 22.90521 22.90521 22.90521 22.90521
22.90521 22.90521 22.90521 22.90521 22.90521
22.90521 22.90521 22.90521 22.90521 22.90521
22.90521 22.90521 22.90521 22.90521 22.90521
22.90521 22.90521 22.90521 22.90521 22.90521
22.90521 22.90521 22.90521 22.90521 22.90521
22.90521 22.87455 22.75191 22.62926 22.50661
22.38396 22.26132 22.13867 22.01602 21.89337
22.88841 22.88841 22.88841 22.88841 22.88841
22.88841 22.88841 22.88841 22.88841 22.88841
22.88841 22.88841 22.88841 22.88841 22.88841
22.88841 22.88841 22.88841 22.88841 22.88841
22.88841 22.88841 22.88841 22.88841 22.88841
22.88841 22.88841 22.88841 22.88841 22.88841
22.88841 22.88841 22.88841 22.88841 22.88841
22.88841 22.88841 22.88841 22.88841 22.88841
22.88841 22.88841 22.88841 22.88841 22.88841
22.88841 22.88841 22.88841 22.88841 22.88841
22.88841 22.88841 22.88841 22.88841 22.88841
22.88841 22.88841 22.88841 22.88841 22.88841
22.88841 22.88841 22.88841 22.88841 22.88841
22.88841 22.88841 22.88841 22.88841 22.88841
22.88841 22.88841 22.88841 22.88841 22.88841
22.88841 22.88841 22.88841 22.88841 22.88841
22.88841 22.88841 22.88841 22.88841 22.88841
22.88841 22.88841 22.88841 22.88841 22.88841
22.88841 22.85775 22.7351 22.61245 22.4898
22.36716 22.24451 22.12186 21.99921 21.87657
22.8716 22.8716 22.8716 22.8716 22.8716
22.8716 22.8716 22.8716 22.8716 22.8716
22.8716 22.8716 22.8716 22.8716 22.8716
22.8716 22.8716 22.8716 22.8716 22.8716
22.8716 22.8716 22.8716 22.8716 22.8716
22.8716 22.8716 22.8716 22.8716 22.8716
22.8716 22.8716 22.8716 22.8716 22.8716
22.8716 22.8716 22.8716 22.8716 22.8716
22.8716 22.8716 22.8716 22.8716 22.8716
22.8716 22.8716 22.8716 22.8716 22.8716
22.8716 22.8716 22.8716 22.8716 22.8716
22.8716 22.8716 22.8716 22.8716 22.8716
22.8716 22.8716 22.8716 22.8716 22.8716
22.8716 22.8716 22.8716 22.8716 22.8716
22.8716 22.8716 22.8716 22.8716 22.8716
22.8716 22.8716 22.8716 22.8716 22.8716
22.8716 22.8716 22.8716 22.8716 22.8716
22.8716 22.8716 22.8716 22.8716 22.8716
22.8716 22.84094 22.71829 22.59564 22.473
22.35035 22.2277 22.10505 21.98241 21.85976
22.85479 22.85479 22.85479 22.85479 22.85479
22.85479 22.85479 22.85479 22.85479 22.85479
22.85479 22.85479 22.85479 22.85479 22.85479
22.85479 22.85479 22.85479 22.85479 22.85479
22.85479 22.85479 22.85479 22.85479 22.85479
22.85479 22.85479 22.85479 22.85479 22.85479
22.85479 22.85479 22.85479 22.85479 22.85479
22.85479 22.85479 22.85479 22.85479 22.85479
22.85479 22.85479 22.85479 22.85479 22.85479
22.85479 22.85479 22.85479 22.85479 22.85479
22.85479 22.85479 22.85479 22.85479 22.85479
22.85479 22.85479 22.85479 22.85479 22.85479
22.85479 22.85479 22.85479 22.85479 22.85479
22.85479 22.85479 22.85479 22.85479 22.85479
22.85479 22.85479 22.85479 22.85479 22.85479
22.85479 22.85479 22.85479 22.85479 22.85479
22.85479 22.85479 22.85479 22.85479 22.85479
22.85479 22.85479 22.85479 22.85479 22.85479
22.85479 22.82413 22.70148 22.57884 22.45619
22.33354 22.21089 22.08825 21.9656 21.84295
22.83799 22.83799 22.83799 22.83799 22.83799
22.83799 22.83799 22.83799 22.83799 22.83799
22.83799 22.83799 22.83799 22.83799 22.83799
22.83799 22.83799 22.83799 22.83799 22.83799
22.83799 22.83799 22.83799 22.83799 22.83799
22.83799 22.83799 22.83799 22.83799 22.83799
22.83799 22.83799 22.83799 22.83799 22.83799
22.83799 22.83799 22.83799 22.83799 22.83799
22.83799 22.83799 22.83799 22.83799 22.83799
22.83799 22.83799 22.83799 22.83799 22.83799
22.83799 22.83799 22.83799 22.83799 22.83799
22.83799 22.83799 22.83799 22.83799 22.83799
22.83799 22.83799 22.83799 22.83799 22.83799
22.83799 22.83799 22.83799 22.83799 22.83799
22.83799 22.83799 22.83799 22.83799 22.83799
22.83799 22.83799 22.83799 22.83799 22.83799
22.83799 22.83799 22.83799 22.83799 22.83799
22.83799 22.83799 22.83799 22.83799 22.83799
22.83799 22.80732 22.68468 22.56203 22.43938
22.31674 22.19409 22.07144 21.94879 21.82615
22.82118 22.82118 22.82118 22.82118 22.82118
22.82118 22.82118 22.82118 22.82118 22.82118
22.82118 22.82118 22.82118 22.82118 22.82118
22.82118 22.82118 22.82118 22.82118 22.82118
22.82118 22.82118 22.82118 22.82118 22.82118
22.82118 22.82118 22.82118 22.82118 22.82118
22.82118 22.82118 22.82118 22.82118 22.82118
22.82118 22.82118 22.82118 22.82118 22.82118
22.82118 22.82118 22.82118 22.82118 22.82118
22.82118 22.82118 22.82118 22.82118 22.82118
22.82118 22.82118 22.82118 22.82118 22.82118
22.82118 22.82118 22.82118 22.82118 22.82118
22.82118 22.82118 22.82118 22.82118 22.82118
22.82118 22.82118 22.82118 22.82118 22.82118
22.82118 22.82118 22.82118 22.82118 22.82118
22.82118 22.82118 22.82118 22.82118 22.82118
22.82118 22.82118 22.82118 22.82118 22.82118
22.82118 22.82118 22.82118 22.82118 22.82118
22.82118 22.79052 22.66787 22.54522 22.42258
22.29993 22.17728 22.05463 21.93199 21.80934
22.80437 22.80437 22.80437 22.80437 22.80437
22.80437 22.80437 22.80437 22.80437 22.80437
22.80437 22.80437 22.80437 22.80437 22.80437
22.80437 22.80437 22.80437 22.80437 22.80437
22.80437 22.80437 22.80437 22.80437 22.80437
22.80437 22.80437 22.80437 22.80437 22.80437
22.80437 22.80437 22.80437 22.80437 22.80437
22.80437 22.80437 22.80437 22.80437 22.80437
22.80437 22.80437 22.80437 22.80437 22.80437
22.80437 22.80437 22.80437 22.80437 22.80437
22.80437 22.80437 22.80437 22.80437 22.80437
22.80437 22.80437 22.80437 22.80437 22.80437
22.80437 22.80437 22.80437 22.80437 22.80437
22.80437 22.80437 22.80437 22.80437 22.80437
22.80437 22.80437 22.80437 22.80437 22.80437
22.80437 22.80437 22.80437 22.80437 22.80437
22.80437 22.80437 22.80437 22.80437 22.80437
22.80437 22.80437 22.80437 22.80437 22.80437
22.80437 22.77371 22.65106 22.52842 22.40577
22.28312 22.16047 22.03783 21.91518 21.79253
22.78757 22.78757 22.78757 22.78757 22.78757
22.78757 22.78757 22.78757 22.78757 22.78757
22.78757 22.78757 22.78757 22.78757 22.78757
22.78757 22.78757 22.78757 22.78757 22.78757
22.78757 22.78757 22.78757 22.78757 22.78757
22.78757 22.78757 22.78757 22.78757 22.78757
22.78757 22.78757 22.78757 22.78757 22.78757
22.78757 22.78757 22.78757 22.78757 22.78757
22.78757 22.78757 22.78757 22.78757 22.78757
22.78757 22.78757 22.78757 22.78757 22.78757
22.78757 22.78757 22.78757 22.78757 22.78757
22.78757 22.78757 22.78757 22.78757 22.78757
22.78757 22.78757 22.78757 22.78757 22.78757
22.78757 22.78757 22.78757 22.78757 22.78757
22.78757 22.78757 22.78757 22.78757 22.78757
22.78757 22.78757 22.78757 22.78757 22.78757
22.78757 22.78757 22.78757 22.78757 22.78757
22.78757 22.78757 22.78757 22.78757 22.78757
22.78757 22.7569 22.63426 22.51161 22.38896
22.26631 22.14367 22.02102 21.89837 21.77572
22.77076 22.77076 22.77076 22.77076 22.77076
22.77076 22.77076 22.77076 22.77076 22.77076
22.77076 22.77076 22.77076 22.77076 22.77076
22.77076 22.77076 22.77076 22.77076 22.77076
22.77076 22.77076 22.77076 22.77076 22.77076
22.77076 22.77076 22.77076 22.77076 22.77076
22.77076 22.77076 22.77076 22.77076 22.77076
22.77076 22.77076 22.77076 22.77076 22.77076
22.77076 22.77076 22.77076 22.77076 22.77076
22.77076 22.77076 22.77076 22.77076 22.77076
22.77076 22.77076 22.77076 22.77076 22.77076
22.77076 22.77076 22.77076 22.77076 22.77076
22.77076 22.77076 22.77076 22.77076 22.77076
22.77076 22.77076 22.77076 22.77076 22.77076
22.77076 22.77076 22.77076 22.77076 22.77076
22.77076 22.77076 22.77076 22.77076 22.77076
22.77076 22.77076 22.77076 22.77076 22.77076
22.77076 22.77076 22.77076 22.77076 22.77076
22.77076 22.7401 22.61745 22.4948 22.37215
22.24951 22.12686 22.00421 21.88156 21.75892
22.75395 22.75395 22.75395 22.75395 22.75395
22.75395 22.75395 22.75395 22.75395 22.75395
22.75395 22.75395 22.75395 22.75395 22.75395
22.75395 22.75395 22.75395 22.75395 22.75395
22.75395 22.75395 22.75395 22.75395 22.75395
22.75395 22.75395 22.75395 22.75395 22.75395
22.75395 22.75395 22.75395 22.75395 22.75395
22.75395 22.75395 22.75395 22.75395 22.75395
22.75395 22.75395 22.75395 22.75395 22.75395
22.75395 22.75395 22.75395 22.75395 22.75395
22.75395 22.75395 22.75395 22.75395 22.75395
22.75395 22.75395 22.75395 22.75395 22.75395
22.75395 22.75395 22.75395 22.75395 22.75395
22.75395 22.75395 22.75395 22.75395 22.75395
22.75395 22.75395 22.75395 22.75395 22.75395
22.75395 22.75395 22.75395 22.75395 22.75395
22.75395 22.75395 22.75395 22.75395 22.75395
22.75395 22.75395 22.75395 22.75395 22.75395
22.75395 22.72329 22.60064 22.47799 22.35535
22.2327 22.11005 21.98741 21.86476 21.74211
22.73714 22.73714 22.73714 22.73714 22.73714
22.73714 22.73714 22.73714 22.73714 22.73714
22.73714 22.73714 22.73714 22.73714 22.73714
22.73714 22.73714 22.73714 22.73714 22.73714
22.73714 22.73714 22.73714 22.73714 22.73714
22.73714 22.73714 22.73714 22.73714 22.73714
22.73714 22.73714 22.73714 22.73714 22.73714
22.73714 22.73714 22.73714 22.73714 22.73714
22.73714 22.73714 22.73714 22.73714 22.73714
22.73714 22.73714 22.73714 22.73714 22.73714
22.73714 22.73714 22.73714 22.73714 22.73714
22.73714 22.73714 22.73714 22.73714 22.73714
22.73714 22.73714 22.73714 22.73714 22.73714
22.73714 22.73714 22.73714 22.73714 22.73714
22.73714 22.73714 22.73714 22.73714 22.73714
22.73714 22.73714 22.73714 22.73714 22.73714
22.73714 22.73714 22.73714 22.73714 22.73714
22.73714 22.73714 22.73714 22.73714 22.73714
22.73714 22.70648 22.58384 22.46119 22.33854
22.21589 22.09325 21.9706 21.84795 21.7253
22.72034 22.72034 22.72034 22.72034 22.72034
22.72034 22.72034 22.72034 22.72034 22.72034
22.72034 22.72034 22.72034 22.72034 22.72034
22.72034 22.72034 22.72034 22.72034 22.72034
22.72034 22.72034 22.72034 22.72034 22.72034
22.72034 22.72034 22.72034 22.72034 22.72034
22.72034 22.72034 22.72034 22.72034 22.72034
22.72034 22.72034 22.72034 22.72034 22.72034
22.72034 22.72034 22.72034 22.72034 22.72034
22.72034 22.72034 22.72034 22.72034 22.72034
22.72034 22.72034 22.72034 22.72034 22.72034
22.72034 22.72034 22.72034 22.72034 22.72034
22.72034 22.72034 22.72034 22.72034 22.72034
22.72034 22.72034 22.72034 22.72034 22.72034
22.72034 22.72034 22.72034 22.72034 22.72034
22.72034 22.72034 22.72034 22.72034 22.72034
22.72034 22.72034 22.72034 22.72034 22.72034
22.72034 22.72034 22.72034 22.72034 22.72034
22.72034 22.68968 22.56703 22.44438 22.32173
22.19909 22.07644 21.95379 21.83114 21.7085
22.70353 22.70353 22.70353 22.70353 22.70353
22.70353 22.70353 22.70353 22.70353 22.70353
22.70353 22.70353 22.70353 22.70353 22.70353
22.70353 22.70353 22.70353 22.70353 22.70353
22.70353 22.70353 22.70353 22.70353 22.70353
22.70353 22.70353 22.70353 22.70353 22.70353
22.70353 22.70353 22.70353 22.70353 22.70353
22.70353 22.70353 22.70353 22.70353 22.70353
22.70353 22.70353 22.70353 22.70353 22.70353
22.70353 22.70353 22.70353 22.70353 22.70353
22.70353 22.70353 22.70353 22.70353 22.70353
22.70353 22.70353 22.70353 22.70353 22.70353
22.70353 22.70353 22.70353 22.70353 22.70353
22.70353 22.70353 22.70353 22.70353 22.70353
22.70353 22.70353 22.70353 22.70353 22.70353
22.70353 22.70353 22.70353 22.70353 22.70353
22.70353 22.70353 22.70353 22.70353 22.70353
22.70353 22.70353 22.70353 22.70353 22.70353
22.70353 22.67287 22.55022 22.42757 22.30493
22.18228 22.05963 21.93698 21.81434 21.69169
22.68672 22.68672 22.68672 22.68672 22.68672
22.68672 22.68672 22.68672 22.68672 22.68672
22.68672 22.68672 22.68672 22.68672 22.68672
22.68672 22.68672 22.68672 22.68672 22.68672
22.68672 22.68672 22.68672 22.68672 22.68672
22.68672 22.68672 22.68672 22.68672 22.68672
22.68672 22.68672 22.68672 22.68672 22.68672
22.68672 22.68672 22.68672 22.68672 22.68672
22.68672 22.68672 22.68672 22.68672 22.68672
22.68672 22.68672 22.68672 22.68672 22.68672
22.68672 22.68672 22.68672 22.68672 22.68672
22.68672 22.68672 22.68672 22.68672 22.68672
22.68672 22.68672 22.68672 22.68672 22.68672
22.68672 22.68672 22.68672 22.68672 22.68672
22.68672 22.68672 22.68672 22.68672 22.68672
22.68672 22.68672 22.68672 22.68672 22.68672
22.68672 22.68672 22.68672 22.68672 22.68672
22.68672 22.68672 22.68672 22.68672 22.68672
22.68672 22.65606 22.53341 22.41077 22.28812
22.16547 22.04282 21.92018 21.79753 21.67488
22.66992 22.66992 22.66992 22.66992 22.66992
22.66992 22.66992 22.66992 22.66992 22.66992
22.66992 22.66992 22.66992 22.66992 22.66992
22.66992 22.66992 22.66992 22.66992 22.66992
22.66992 22.66992 22.66992 22.66992 22.66992
22.66992 22.66992 22.66992 22.66992 22.66992
22.66992 22.66992 22.66992 22.66992 22.66992
22.66992 22.66992 22.66992 22.66992 22.66992
22.66992 22.66992 22.66992 22.66992 22.66992
22.66992 22.66992 22.66992 22.66992 22.66992
22.66992 22.66992 22.66992 22.66992 22.66992
22.66992 22.66992 22.66992 22.66992 22.66992
22.66992 22.66992 22.66992 22.66992 22.66992
22.66992 22.66992 22.66992 22.66992 22.66992
22.66992 22.66992 22.66992 22.66992 22.66992
22.66992 22.66992 22.66992 22.66992 22.66992
22.66992 22.66992 22.66992 22.66992 22.66992
22.66992 22.66992 22.66992 22.66992 22.66992
22.66992 22.63925 22.51661 22.39396 22.27131
22.14866 22.02602 21.90337 21.78072 21.65808
22.65311 22.65311 22.65311 22.65311 22.65311
22.65311 22.65311 22.65311 22.65311 22.65311
22.65311 22.65311 22.65311 22.65311 22.65311
22.65311 22.65311 22.65311 22.65311 22.65311
22.65311 22.65311 22.65311 22.65311 22.65311
22.65311 22.65311 22.65311 22.65311 22.65311
22.65311 22.65311 22.65311 22.65311 22.65311
22.65311 22.65311 22.65311 22.65311 22.65311
22.65311 22.65311 22.65311 22.65311 22.65311
22.65311 22.65311 22.65311 22.65311 22.65311
22.65311 22.65311 22.65311 22.65311 22.65311
22.65311 22.65311 22.65311 22.65311 22.65311
22.65311 22.65311 22.65311 22.65311 22.65311
22.65311 22.65311 22.65311 22.65311 22.65311
22.65311 22.65311 22.65311 22.65311 22.65311
22.65311 22.65311 22.65311 22.65311 22.65311
22.65311 22.65311 22.65311 22.65311 22.65311
22.65311 22.65311 22.65311 22.65311 22.65311
22.65311 22.62245 22.4998 22.37715 22.25451
22.13186 22.00921 21.88656 21.76392 21.64127
22.6363 22.6363 22.6363 22.6363 22.6363
22.6363 22.6363 22.6363 22.6363 22.6363
22.6363 22.6363 22.6363 22.6363 22.6363
22.6363 22.6363 22.6363 22.6363 22.6363
22.6363 22.6363 22.6363 22.6363 22.6363
22.6363 22.6363 22.6363 22.6363 22.6363
22.6363 22.6363 22.6363 22.6363 22.6363
22.6363 22.6363 22.6363 22.6363 22.6363
22.6363 22.6363 22.6363 22.6363 22.6363
22.6363 22.6363 22.6363 22.6363 22.6363
22.6363 22.6363 22.6363 22.6363 22.6363
22.6363 22.6363 22.6363 22.6363 22.6363
22.6363 22.6363 22.6363 22.6363 22.6363
22.6363 22.6363 22.6363 22.6363 22.6363
22.6363 22.6363 22.6363 22.6363 22.6363
22.6363 22.6363 22.6363 22.6363 22.6363
22.6363 22.6363 22.6363 22.6363 22.6363
22.6363 22.6363 22.6363 22.6363 22.6363
22.6363 22.60564 22.48299 22.36035 22.2377
22.11505 21.9924 21.86976 21.74711 21.62446
22.6195 22.6195 22.6195 22.6195 22.6195
22.6195 22.6195 22.6195 22.6195 22.6195
22.6195 22.6195 22.6195 22.6195 22.6195
22.6195 22.6195 22.6195 22.6195 22.6195
22.6195 22.6195 22.6195 22.6195 22.6195
22.6195 22.6195 22.6195 22.6195 22.6195
22.6195 22.6195 22.6195 22.6195 22.6195
22.6195 22.6195 22.6195 22.6195 22.6195
22.6195 22.6195 22.6195 22.6195 22.6195
22.6195 22.6195 22.6195 22.6195 22.6195
22.6195 22.6195 22.6195 22.6195 22.6195
22.6195 22.6195 22.6195 22.6195 22.6195
22.6195 22.6195 22.6195 22.6195 22.6195
22.6195 22.6195 22.6195 22.6195 22.6195
22.6195 22.6195 22.6195 22.6195 22.6195
22.6195 22.6195 22.6195 22.6195 22.6195
22.6195 22.6195 22.6195 22.6195 22.6195
22.6195 22.6195 22.6195 22.6195 22.6195
22.6195 22.58883 22.46619 22.34354 22.22089
22.09824 21.9756 21.85295 21.7303 21.60765
22.60269 22.60269 22.60269 22.60269 22.60269
22.60269 22.60269 22.60269 22.60269 22.60269
22.60269 22.60269 22.60269 22.60269 22.60269
22.60269 22.60269 22.60269 22.60269 22.60269
22.60269 22.60269 22.60269 22.60269 22.60269
22.60269 22.60269 22.60269 22.60269 22.60269
22.60269 22.60269 22.60269 22.60269 22.60269
22.60269 22.60269 22.60269 22.60269 22.60269
22.60269 22.60269 22.60269 22.60269 22.60269
22.60269 22.60269 22.60269 22.60269 22.60269
22.60269 22.60269 22.60269 22.60269 22.60269
22.60269 22.60269 22.60269 22.60269 22.60269
22.60269 22.60269 22.60269 22.60269 22.60269
22.60269 22.60269 22.60269 22.60269 22.60269
22.60269 22.60269 22.60269 22.60269 22.60269
22.60269 22.60269 22.60269 22.60269 22.60269
22.60269 22.60269 22.60269 22.60269 22.60269
22.60269 22.60269 22.60269 22.60269 22.60269
22.60269 22.57203 22.44938 22.32673 22.20408
22.08144 21.95879 21.83614 21.71349 21.59085
22.58588 22.58588 22.58588 22.58588 22.58588
22.58588 22.58588 22.58588 22.58588 22.58588
22.58588 22.58588 22.58588 22.58588 22.58588
22.58588 22.58588 22.58588 22.58588 22.58588
22.58588 22.58588 22.58588 22.58588 22.58588
22.58588 22.58588 22.58588 22.58588 22.58588
22.58588 22.58588 22.58588 22.58588 22.58588
22.58588 22.58588 22.58588 22.58588 22.58588
22.58588 22.58588 22.58588 22.58588 22.58588
22.58588 22.58588 22.58588 22.58588 22.58588
22.58588 22.58588 22.58588 22.58588 22.58588
22.58588 22.58588 22.58588 22.58588 22.58588
22.58588 22.58588 22.58588 22.58588 22.58588
22.58588 22.58588 22.58588 22.58588 22.58588
22.58588 22.58588 22.58588 22.58588 22.58588
22.58588 22.58588 22.58588 22.58588 22.58588
22.58588 22.58588 22.58588 22.58588 22.58588
22.58588 22.58588 22.58588 22.58588 22.58588
22.58588 22.55522 22.43257 22.30992 22.18728
22.06463 21.94198 21.81934 21.69669 21.57404
22.56907 22.56907 22.56907 22.56907 22.56907
22.56907 22.56907 22.56907 22.56907 22.56907
22.56907 22.56907 22.56907 22.56907 22.56907
22.56907 22.56907 22.56907 22.56907 22.56907
22.56907 22.56907 22.56907 22.56907 22.56907
22.56907 22.56907 22.56907 22.56907 22.56907
22.56907 22.56907 22.56907 22.56907 22.56907
22.56907 22.56907 22.56907 22.56907 22.56907
22.56907 22.56907 22.56907 22.56907 22.56907
22.56907 22.56907 22.56907 22.56907 22.56907
22.56907 22.56907 22.56907 22.56907 22.56907
22.56907 22.56907 22.56907 22.56907 22.56907
22.56907 22.56907 22.56907 22.56907 22.56907
22.56907 22.56907 22.56907 22.56907 22.56907
22.56907 22.56907 22.56907 22.56907 22.56907
22.56907 22.56907 22.56907 22.56907 22.56907
22.56907 22.56907 22.56907 22.56907 22.56907
22.56907 22.56907 22.56907 22.56907 22.56907
22.56907 22.53841 22.41577 22.29312 22.17047
22.04782 21.92518 21.80253 21.67988 21.55723
22.55227 22.55227 22.55227 22.55227 22.55227
22.55227 22.55227 22.55227 22.55227 22.55227
22.55227 22.55227 22.55227 22.55227 22.55227
22.55227 22.55227 22.55227 22.55227 22.55227
22.55227 22.55227 22.55227 22.55227 22.55227
22.55227 22.55227 22.55227 22.55227 22.55227
22.55227 22.55227 22.55227 22.55227 22.55227
22.55227 22.55227 22.55227 22.55227 22.55227
22.55227 22.55227 22.55227 22.55227 22.55227
22.55227 22.55227 22.55227 22.55227 22.55227
22.55227 22.55227 22.55227 22.55227 22.55227
22.55227 22.55227 22.55227 22.55227 22.55227
22.55227 22.55227 22.55227 22.55227 22.55227
22.55227 22.55227 22.55227 22.55227 22.55227
22.55227 22.55227 22.55227 22.55227 22.55227
22.55227 22.55227 22.55227 22.55227 22.55227
22.55227 22.55227 22.55227 22.55227 22.55227
22.55227 22.55227 22.55227 22.55227 22.55227
22.55227 22.52161 22.39896 22.27631 22.15366
22.03102 21.90837 21.78572 21.66307 21.54043
22.53546 22.53546 22.53546 22.53546 22.53546
22.53546 22.53546 22.53546 22.53546 22.53546
22.53546 22.53546 22.53546 22.53546 22.53546
22.53546 22.53546 22.53546 22.53546 22.53546
22.53546 22.53546 22.53546 22.53546 22.53546
22.53546 22.53546 22.53546 22.53546 22.53546
22.53546 22.53546 22.53546 22.53546 22.53546
22.53546 22.53546 22.53546 22.53546 22.53546
22.53546 22.53546 22.53546 22.53546 22.53546
22.53546 22.53546 22.53546 22.53546 22.53546
22.53546 22.53546 22.53546 22.53546 22.53546
22.53546 22.53546 22.53546 22.53546 22.53546
22.53546 22.53546 22.53546 22.53546 22.53546
22.53546 22.53546 22.53546 22.53546 22.53546
22.53546 22.53546 22.53546 22.53546 22.53546
22.53546 22.53546 22.53546 22.53546 22.53546
22.53546 22.53546 22.53546 22.53546 22.53546
22.53546 22.53546 22.53546 22.53546 22.53546
22.53546 22.5048 22.38215 22.2595 22.13686
22.01421 21.89156 21.76891 21.64627 21.52362
22.51865 22.51865 22.51865 22.51865 22.51865
22.51865 22.51865 22.51865 22.51865 22.51865
22.51865 22.51865 22.51865 22.51865 22.51865
22.51865 22.51865 22.51865 22.51865 22.51865
22.51865 22.51865 22.51865 22.51865 22.51865
22.51865 22.51865 22.51865 22.51865 22.51865
22.51865 22.51865 22.51865 22.51865 22.51865
22.51865 22.51865 22.51865 22.51865 22.51865
22.51865 22.51865 22.51865 22.51865 22.51865
22.51865 22.51865 22.51865 22.51865 22.51865
22.51865 22.51865 22.51865 22.51865 22.51865
22.51865 22.51865 22.51865 22.51865 22.51865
22.51865 22.51865 22.51865 22.51865 22.51865
22.51865 22.51865 22.51865 22.51865 22.51865
22.51865 22.51865 22.51865 22.51865 22.51865
22.51865 22.51865 22.51865 22.51865 22.51865
22.51865 22.51865 22.51865 22.51865 22.51865
22.51865 22.51865 22.51865 22.51865 22.51865
22.51865 22.48799 22.36534 22.2427 22.12005
21.9974 21.87475 21.75211 21.62946 21.50681
22.50185 22.50185 22.50185 22.50185 22.50185
22.50185 22.50185 22.50185 22.50185 22.50185
22.50185 22.50185 22.50185 22.50185 22.50185
22.50185 22.50185 22.50185 22.50185 22.50185
22.50185 22.50185 22.50185 22.50185 22.50185
22.50185 22.50185 22.50185 22.50185 22.50185
22.50185 22.50185 22.50185 22.50185 22.50185
22.50185 22.50185 22.50185 22.50185 22.50185
22.50185 22.50185 22.50185 22.50185 22.50185
22.50185 22.50185 22.50185 22.50185 22.50185
22.50185 22.50185 22.50185 22.50185 22.50185
22.50185 22.50185 22.50185 22.50185 22.50185
22.50185 22.50185 22.50185 22.50185 22.50185
22.50185 22.50185 22.50185 22.50185 22.50185
22.50185 22.50185 22.50185 22.50185 22.50185
22.50185 22.50185 22.50185 22.50185 22.50185
22.50185 22.50185 22.50185 22.50185 22.50185
22.50185 22.50185 22.50185 22.50185 22.50185
22.50185 22.47118 22.34854 22.22589 22.10324
21.98059 21.85795 21.7353 21.61265 21.49001
22.48504 22.48504 22.48504 22.48504 22.48504
22.48504 22.48504 22.48504 22.48504 22.48504
22.48504 22.48504 22.48504 22.48504 22.48504
22.48504 22.48504 22.48504 22.48504 22.48504
22.48504 22.48504 22.48504 22.48504 22.48504
22.48504 22.48504 22.48504 22.48504 22.48504
22.48504 22.48504 22.48504 22.48504 22.48504
22.48504 22.48504 22.48504 22.48504 22.48504
22.48504 22.48504 22.48504 22.48504 22.48504
22.48504 22.48504 22.48504 22.48504 22.48504
22.48504 22.48504 22.48504 22.48504 22.48504
22.48504 22.48504 22.48504 22.48504 22.48504
22.48504 22.48504 22.48504 22.48504 22.48504
22.48504 22.48504 22.48504 22.48504 22.48504
22.48504 22.48504 22.48504 22.48504 22.48504
22.48504 22.48504 22.48504 22.48504 22.48504
22.48504 22.48504 22.48504 22.48504 22.48504
22.48504 22.48504 22.48504 22.48504 22.48504
22.48504 22.45438 22.33173 22.20908 22.08644
21.96379 21.84114 21.71849 21.59585 21.4732
22.46823 22.46823 22.46823 22.46823 22.46823
22.46823 22.46823 22.46823 22.46823 22.46823
22.46823 22.46823 22.46823 22.46823 22.46823
22.46823 22.46823 22.46823 22.46823 22.46823
22.46823 22.46823 22.46823 22.46823 22.46823
22.46823 22.46823 22.46823 22.46823 22.46823
22.46823 22.46823 22.46823 22.46823 22.46823
22.46823 22.46823 22.46823 22.46823 22.46823
22.46823 22.46823 22.46823 22.46823 22.46823
22.46823 22.46823 22.46823 22.46823 22.46823
22.46823 22.46823 22.46823 22.46823 22.46823
22.46823 22.46823 22.46823 22.46823 22.46823
22.46823 22.46823 22.46823 22.46823 22.46823
22.46823 22.46823 22.46823 22.46823 22.46823
22.46823 22.46823 22.46823 22.46823 22.46823
22.46823 22.46823 22.46823 22.46823 22.46823
22.46823 22.46823 22.46823 22.46823 22.46823
22.46823 22.46823 22.46823 22.46823 22.46823
22.46823 22.43757 22.31492 22.19228 22.06963
21.94698 21.82433 21.70169 21.57904 21.45639
22.45143 22.45143 22.45143 22.45143 22.45143
22.45143 22.45143 22.45143 22.45143 22.45143
22.45143 22.45143 22.45143 22.45143 22.45143
22.45143 22.45143 22.45143 22.45143 22.45143
22.45143 22.45143 22.45143 22.45143 22.45143
22.45143 22.45143 22.45143 22.45143 22.45143
22.45143 22.45143 22.45143 22.45143 22.45143
22.45143 22.45143 22.45143 22.45143 22.45143
22.45143 22.45143 22.45143 22.45143 22.45143
22.45143 22.45143 22.45143 22.45143 22.45143
22.45143 22.45143 22.45143 22.45143 22.45143
22.45143 22.45143 22.45143 22.45143 22.45143
22.45143 22.45143 22.45143 22.45143 22.45143
22.45143 22.45143 22.45143 22.45143 22.45143
22.45143 22.45143 22.45143 22.45143 22.45143
22.45143 22.45143 22.45143 22.45143 22.45143
22.45143 22.45143 22.45143 22.45143 22.45143
22.45143 22.45143 22.45143 22.45143 22.45143
22.45143 22.42076 22.29812 22.17547 22.05282
21.93017 21.80753 21.68488 21.56223 21.43958
22.43462 22.43462 22.43462 22.43462 22.43462
22.43462 22.43462 22.43462 22.43462 22.43462
22.43462 22.43462 22.43462 22.43462 22.43462
22.43462 22.43462 22.43462 22.43462 22.43462
22.43462 22.43462 22.43462 22.43462 22.43462
22.43462 22.43462 22.43462 22.43462 22.43462
22.43462 22.43462 22.43462 22.43462 22.43462
22.43462 22.43462 22.43462 22.43462 22.43462
22.43462 22.43462 22.43462 22.43462 22.43462
22.43462 22.43462 22.43462 22.43462 22.43462
22.43462 22.43462 22.43462 22.43462 22.43462
22.43462 22.43462 22.43462 22.43462 22.43462
22.43462 22.43462 22.43462 22.43462 22.43462
22.43462 22.43462 22.43462 22.43462 22.43462
22.43462 22.43462 22.43462 22.43462 22.43462
22.43462 22.43462 22.43462 22.43462 22.43462
22.43462 22.43462 22.43462 22.43462 22.43462
22.43462 22.43462 22.43462 22.43462 22.43462
22.43462 22.40396 22.28131 22.15866 22.03601
21.91337 21.79072 21.66807 21.54542 21.42278
22.41781 22.41781 22.41781 22.41781 22.41781
22.41781 22.41781 22.41781 22.41781 22.41781
22.41781 22.41781 22.41781 22.41781 22.41781
22.41781 22.41781 22.41781 22.41781 22.41781
22.41781 22.41781 22.41781 22.41781 22.41781
22.41781 22.41781 22.41781 22.41781 22.41781
22.41781 22.41781 22.41781 22.41781 22.41781
22.41781 22.41781 22.41781 22.41781 22.41781
22.41781 22.41781 22.41781 22.41781 22.41781
22.41781 22.41781 22.41781 22.41781 22.41781
22.41781 22.41781 22.41781 22.41781 22.41781
22.41781 22.41781 22.41781 22.41781 22.41781
22.41781 22.41781 22.41781 22.41781 22.41781
22.41781 22.41781 22.41781 22.41781 22.41781
22.41781 22.41781 22.41781 22.41781 22.41781
22.41781 22.41781 22.41781 22.41781 22.41781
22.41781 22.41781 22.41781 22.41781 22.41781
22.41781 22.41781 22.41781 22.41781 22.41781
22.41781 22.38715 22.2645 22.14185 22.01921
21.89656 21.77391 21.65126 21.52862 21.40597
22.401 22.401 22.401 22.401 22.401
22.401 22.401 22.401 22.401 22.401
22.401 22.401 22.401 22.401 22.401
22.401 22.401 22.401 22.401 22.401
22.401 22.401 22.401 22.401 22.401
22.401 22.401 22.401 22.401 22.401
22.401 22.401 22.401 22.401 22.401
22.401 22.401 22.401 22.401 22.401
22.401 22.401 22.401 22.401 22.401
22.401 22.401 22.401 22.401 22.401
22.401 22.401 22.401 22.401 22.401
22.401 22.401 22.401 22.401 22.401
22.401 22.401 22.401 22.401 22.401
22.401 22.401 22.401 22.401 22.401
22.401 22.401 22.401 22.401 22.401
22.401 22.401 22.401 22.401 22.401
22.401 22.401 22.401 22.401 22.401
22.401 22.401 22.401 22.401 22.401
22.401 22.37034 22.24769 22.12505 22.0024
21.87975 21.75711 21.63446 21.51181 21.38916
