8.108436 8.108436 8.108436 8.108436 8.108436
8.108436 8.108436 8.108436 8.108436 8.108436
8.108436 8.108436 8.108436 8.108436 8.108436
8.108436 8.108436 8.108436 8.108436 8.108436
8.108436 8.108436 8.108436 8.108436 8.108436
8.108436 8.108436 8.108436 8.108436 8.108436
8.108436 8.108436 8.108436 8.108436 8.108436
8.108436 8.108436 8.108436 8.108436 8.108436
8.108436 8.108436 8.108436 8.108436 8.108436
8.108436 8.108436 8.108436 8.108436 8.108436
8.108436 8.108436 8.108436 8.108436 8.108436
8.108436 8.108436 8.108436 8.108436 8.108436
8.108436 8.108436 8.108436 8.108436 8.108436
8.108436 8.108436 8.108436 8.108436 8.108436
8.108436 8.108436 8.108436 8.108436 8.108436
8.108436 8.108436 8.108436 8.108436 8.108436
8.108436 8.108436 8.108436 8.108436 8.108436
8.108436 8.108436 8.108436 8.108436 8.108436
8.108436 8.108436 8.108436 8.108436 8.108436
8.108436 8.108436 8.108436 8.108436 8.108436
8.074431 8.074431 8.074431 8.074431 8.074431
8.074431 8.074431 8.074431 8.074431 8.074431
8.074431 8.074431 8.074431 8.074431 8.074431
8.074431 8.074431 8.074431 8.074431 8.074431
8.074431 8.074431 8.074431 8.074431 8.074431
8.074431 8.074431 8.074431 8.074431 8.074431
8.074431 8.074431 8.074431 8.074431 8.074431
8.074431 8.074431 8.074431 8.074431 8.074431
8.074431 8.074431 8.074431 8.074431 8.074431
8.074431 8.074431 8.074431 8.074431 8.074431
8.074431 8.074431 8.074431 8.074431 8.074431
8.074431 8.074431 8.074431 8.074431 8.074431
8.074431 8.074431 8.074431 8.074431 8.074431
8.074431 8.074431 8.074431 8.074431 8.074431
8.074431 8.074431 8.074431 8.074431 8.074431
8.074431 8.074431 8.074431 8.074431 8.074431
8.074431 8.074431 8.074431 8.074431 8.074431
8.074431 8.074431 8.074431 8.074431 8.074431
8.074431 8.074431 8.074431 8.074431 8.074431
8.074431 8.074431 8.074431 8.074431 8.074431
8.040426 8.040426 8.040426 8.040426 8.040426
8.040426 8.040426 8.040426 8.040426 8.040426
8.040426 8.040426 8.040426 8.040426 8.040426
8.040426 8.040426 8.040426 8.040426 8.040426
8.040426 8.040426 8.040426 8.040426 8.040426
8.040426 8.040426 8.040426 8.040426 8.040426
8.040426 8.040426 8.040426 8.040426 8.040426
8.040426 8.040426 8.040426 8.040426 8.040426
8.040426 8.040426 8.040426 8.040426 8.040426
8.040426 8.040426 8.040426 8.040426 8.040426
8.040426 8.040426 8.040426 8.040426 8.040426
8.040426 8.040426 8.040426 8.040426 8.040426
8.040426 8.040426 8.040426 8.040426 8.040426
8.040426 8.040426 8.040426 8.040426 8.040426
8.040426 8.040426 8.040426 8.040426 8.040426
8.040426 8.040426 8.040426 8.040426 8.040426
8.040426 8.040426 8.040426 8.040426 8.040426
8.040426 8.040426 8.040426 8.040426 8.040426
8.040426 8.040426 8.040426 8.040426 8.040426
8.040426 8.040426 8.040426 8.040426 8.040426
8.006422 8.006422 8.006422 8.006422 8.006422
8.006422 8.006422 8.006422 8.006422 8.006422
8.006422 8.006422 8.006422 8.006422 8.006422
8.006422 8.006422 8.006422 8.006422 8.006422
8.006422 8.006422 8.006422 8.006422 8.006422
8.006422 8.006422 8.006422 8.006422 8.006422
8.006422 8.006422 8.006422 8.006422 8.006422
8.006422 8.006422 8.006422 8.006422 8.006422
8.006422 8.006422 8.006422 8.006422 8.006422
8.006422 8.006422 8.006422 8.006422 8.006422
8.006422 8.006422 8.006422 8.006422 8.006422
8.006422 8.006422 8.006422 8.006422 8.006422
8.006422 8.006422 8.006422 8.006422 8.006422
8.006422 8.006422 8.006422 8.006422 8.006422
8.006422 8.006422 8.006422 8.006422 8.006422
8.006422 8.006422 8.006422 8.006422 8.006422
8.006422 8.006422 8.006422 8.006422 8.006422
8.006422 8.006422 8.006422 8.006422 8.006422
8.006422 8.006422 8.006422 8.006422 8.006422
8.006422 8.006422 8.006422 8.006422 8.006422
7.972417 7.972417 7.972417 7.972417 7.972417
7.972417 7.972417 7.972417 7.972417 7.972417
7.972417 7.972417 7.972417 7.972417 7.972417
7.972417 7.972417 7.972417 7.972417 7.972417
7.972417 7.972417 7.972417 7.972417 7.972417
7.972417 7.972417 7.972417 7.972417 7.972417
7.972417 7.972417 7.972417 7.972417 7.972417
7.972417 7.972417 7.972417 7.972417 7.972417
7.972417 7.972417 7.972417 7.972417 7.972417
7.972417 7.972417 7.972417 7.972417 7.972417
7.972417 7.972417 7.972417 7.972417 7.972417
7.972417 7.972417 7.972417 7.972417 7.972417
7.972417 7.972417 7.972417 7.972417 7.972417
7.972417 7.972417 7.972417 7.972417 7.972417
7.972417 7.972417 7.972417 7.972417 7.972417
7.972417 7.972417 7.972417 7.972417 7.972417
7.972417 7.972417 7.972417 7.972417 7.972417
7.972417 7.972417 7.972417 7.972417 7.972417
7.972417 7.972417 7.972417 7.972417 7.972417
7.972417 7.972417 7.972417 7.972417 7.972417
7.938413 7.938413 7.938413 7.938413 7.938413
7.938413 7.938413 7.938413 7.938413 7.938413
7.938413 7.938413 7.938413 7.938413 7.938413
7.938413 7.938413 7.938413 7.938413 7.938413
7.938413 7.938413 7.938413 7.938413 7.938413
7.938413 7.938413 7.938413 7.938413 7.938413
7.938413 7.938413 7.938413 7.938413 7.938413
7.938413 7.938413 7.938413 7.938413 7.938413
7.938413 7.938413 7.938413 7.938413 7.938413
7.938413 7.938413 7.938413 7.938413 7.938413
7.938413 7.938413 7.938413 7.938413 7.938413
7.938413 7.938413 7.938413 7.938413 7.938413
7.938413 7.938413 7.938413 7.938413 7.938413
7.938413 7.938413 7.938413 7.938413 7.938413
7.938413 7.938413 7.938413 7.938413 7.938413
7.938413 7.938413 7.938413 7.938413 7.938413
7.938413 7.938413 7.938413 7.938413 7.938413
7.938413 7.938413 7.938413 7.938413 7.938413
7.938413 7.938413 7.938413 7.938413 7.938413
7.938413 7.938413 7.938413 7.938413 7.938413
7.904408 7.904408 7.904408 7.904408 7.904408
7.904408 7.904408 7.904408 7.904408 7.904408
7.904408 7.904408 7.904408 7.904408 7.904408
7.904408 7.904408 7.904408 7.904408 7.904408
7.904408 7.904408 7.904408 7.904408 7.904408
7.904408 7.904408 7.904408 7.904408 7.904408
7.904408 7.904408 7.904408 7.904408 7.904408
7.904408 7.904408 7.904408 7.904408 7.904408
7.904408 7.904408 7.904408 7.904408 7.904408
7.904408 7.904408 7.904408 7.904408 7.904408
7.904408 7.904408 7.904408 7.904408 7.904408
7.904408 7.904408 7.904408 7.904408 7.904408
7.904408 7.904408 7.904408 7.904408 7.904408
7.904408 7.904408 7.904408 7.904408 7.904408
7.904408 7.904408 7.904408 7.904408 7.904408
7.904408 7.904408 7.904408 7.904408 7.904408
7.904408 7.904408 7.904408 7.904408 7.904408
7.904408 7.904408 7.904408 7.904408 7.904408
7.904408 7.904408 7.904408 7.904408 7.904408
7.904408 7.904408 7.904408 7.904408 7.904408
7.870403 7.870403 7.870403 7.870403 7.870403
7.870403 7.870403 7.870403 7.870403 7.870403
7.870403 7.870403 7.870403 7.870403 7.870403
7.870403 7.870403 7.870403 7.870403 7.870403
7.870403 7.870403 7.870403 7.870403 7.870403
7.870403 7.870403 7.870403 7.870403 7.870403
7.870403 7.870403 7.870403 7.870403 7.870403
7.870403 7.870403 7.870403 7.870403 7.870403
7.870403 7.870403 7.870403 7.870403 7.870403
7.870403 7.870403 7.870403 7.870403 7.870403
7.870403 7.870403 7.870403 7.870403 7.870403
7.870403 7.870403 7.870403 7.870403 7.870403
7.870403 7.870403 7.870403 7.870403 7.870403
7.870403 7.870403 7.870403 7.870403 7.870403
7.870403 7.870403 7.870403 7.870403 7.870403
7.870403 7.870403 7.870403 7.870403 7.870403
7.870403 7.870403 7.870403 7.870403 7.870403
7.870403 7.870403 7.870403 7.870403 7.870403
7.870403 7.870403 7.870403 7.870403 7.870403
7.870403 7.870403 7.870403 7.870403 7.870403
7.836399 7.836399 7.836399 7.836399 7.836399
7.836399 7.836399 7.836399 7.836399 7.836399
7.836399 7.836399 7.836399 7.836399 7.836399
7.836399 7.836399 7.836399 7.836399 7.836399
7.836399 7.836399 7.836399 7.836399 7.836399
7.836399 7.836399 7.836399 7.836399 7.836399
7.836399 7.836399 7.836399 7.836399 7.836399
7.836399 7.836399 7.836399 7.836399 7.836399
7.836399 7.836399 7.836399 7.836399 7.836399
7.836399 7.836399 7.836399 7.836399 7.836399
7.836399 7.836399 7.836399 7.836399 7.836399
7.836399 7.836399 7.836399 7.836399 7.836399
7.836399 7.836399 7.836399 7.836399 7.836399
7.836399 7.836399 7.836399 7.836399 7.836399
7.836399 7.836399 7.836399 7.836399 7.836399
7.836399 7.836399 7.836399 7.836399 7.836399
7.836399 7.836399 7.836399 7.836399 7.836399
7.836399 7.836399 7.836399 7.836399 7.836399
7.836399 7.836399 7.836399 7.836399 7.836399
7.836399 7.836399 7.836399 7.836399 7.836399
7.802394 7.802394 7.802394 7.802394 7.802394
7.802394 7.802394 7.802394 7.802394 7.802394
7.802394 7.802394 7.802394 7.802394 7.802394
7.802394 7.802394 7.802394 7.802394 7.802394
7.802394 7.802394 7.802394 7.802394 7.802394
7.802394 7.802394 7.802394 7.802394 7.802394
7.802394 7.802394 7.802394 7.802394 7.802394
7.802394 7.802394 7.802394 7.802394 7.802394
7.802394 7.802394 7.802394 7.802394 7.802394
7.802394 7.802394 7.802394 7.802394 7.802394
7.802394 7.802394 7.802394 7.802394 7.802394
7.802394 7.802394 7.802394 7.802394 7.802394
7.802394 7.802394 7.802394 7.802394 7.802394
7.802394 7.802394 7.802394 7.802394 7.802394
7.802394 7.802394 7.802394 7.802394 7.802394
7.802394 7.802394 7.802394 7.802394 7.802394
7.802394 7.802394 7.802394 7.802394 7.802394
7.802394 7.802394 7.802394 7.802394 7.802394
7.802394 7.802394 7.802394 7.802394 7.802394
7.802394 7.802394 7.802394 7.802394 7.802394
7.76839 7.76839 7.76839 7.76839 7.76839
7.76839 7.76839 7.76839 7.76839 7.76839
7.76839 7.76839 7.76839 7.76839 7.76839
7.76839 7.76839 7.76839 7.76839 7.76839
7.76839 7.76839 7.76839 7.76839 7.76839
7.76839 7.76839 7.76839 7.76839 7.76839
7.76839 7.76839 7.76839 7.76839 7.76839
7.76839 7.76839 7.76839 7.76839 7.76839
7.76839 7.76839 7.76839 7.76839 7.76839
7.76839 7.76839 7.76839 7.76839 7.76839
7.76839 7.76839 7.76839 7.76839 7.76839
7.76839 7.76839 7.76839 7.76839 7.76839
7.76839 7.76839 7.76839 7.76839 7.76839
7.76839 7.76839 7.76839 7.76839 7.76839
7.76839 7.76839 7.76839 7.76839 7.76839
7.76839 7.76839 7.76839 7.76839 7.76839
7.76839 7.76839 7.76839 7.76839 7.76839
7.76839 7.76839 7.76839 7.76839 7.76839
7.76839 7.76839 7.76839 7.76839 7.76839
7.76839 7.76839 7.76839 7.76839 7.76839
7.734385 7.734385 7.734385 7.734385 7.734385
7.734385 7.734385 7.734385 7.734385 7.734385
7.734385 7.734385 7.734385 7.734385 7.734385
7.734385 7.734385 7.734385 7.734385 7.734385
7.734385 7.734385 7.734385 7.734385 7.734385
7.734385 7.734385 7.734385 7.734385 7.734385
7.734385 7.734385 7.734385 7.734385 7.734385
7.734385 7.734385 7.734385 7.734385 7.734385
7.734385 7.734385 7.734385 7.734385 7.734385
7.734385 7.734385 7.734385 7.734385 7.734385
7.734385 7.734385 7.734385 7.734385 7.734385
7.734385 7.734385 7.734385 7.734385 7.734385
7.734385 7.734385 7.734385 7.734385 7.734385
7.734385 7.734385 7.734385 7.734385 7.734385
7.734385 7.734385 7.734385 7.734385 7.734385
7.734385 7.734385 7.734385 7.734385 7.734385
7.734385 7.734385 7.734385 7.734385 7.734385
7.734385 7.734385 7.734385 7.734385 7.734385
7.734385 7.734385 7.734385 7.734385 7.734385
7.734385 7.734385 7.734385 7.734385 7.734385
7.70038 7.70038 7.70038 7.70038 7.70038
7.70038 7.70038 7.70038 7.70038 7.70038
7.70038 7.70038 7.70038 7.70038 7.70038
7.70038 7.70038 7.70038 7.70038 7.70038
7.70038 7.70038 7.70038 7.70038 7.70038
7.70038 7.70038 7.70038 7.70038 7.70038
7.70038 7.70038 7.70038 7.70038 7.70038
7.70038 7.70038 7.70038 7.70038 7.70038
7.70038 7.70038 7.70038 7.70038 7.70038
7.70038 7.70038 7.70038 7.70038 7.70038
7.70038 7.70038 7.70038 7.70038 7.70038
7.70038 7.70038 7.70038 7.70038 7.70038
7.70038 7.70038 7.70038 7.70038 7.70038
7.70038 7.70038 7.70038 7.70038 7.70038
7.70038 7.70038 7.70038 7.70038 7.70038
7.70038 7.70038 7.70038 7.70038 7.70038
7.70038 7.70038 7.70038 7.70038 7.70038
7.70038 7.70038 7.70038 7.70038 7.70038
7.70038 7.70038 7.70038 7.70038 7.70038
7.70038 7.70038 7.70038 7.70038 7.70038
7.666376 7.666376 7.666376 7.666376 7.666376
7.666376 7.666376 7.666376 7.666376 7.666376
7.666376 7.666376 7.666376 7.666376 7.666376
7.666376 7.666376 7.666376 7.666376 7.666376
7.666376 7.666376 7.666376 7.666376 7.666376
7.666376 7.666376 7.666376 7.666376 7.666376
7.666376 7.666376 7.666376 7.666376 7.666376
7.666376 7.666376 7.666376 7.666376 7.666376
7.666376 7.666376 7.666376 7.666376 7.666376
7.666376 7.666376 7.666376 7.666376 7.666376
7.666376 7.666376 7.666376 7.666376 7.666376
7.666376 7.666376 7.666376 7.666376 7.666376
7.666376 7.666376 7.666376 7.666376 7.666376
7.666376 7.666376 7.666376 7.666376 7.666376
7.666376 7.666376 7.666376 7.666376 7.666376
7.666376 7.666376 7.666376 7.666376 7.666376
7.666376 7.666376 7.666376 7.666376 7.666376
7.666376 7.666376 7.666376 7.666376 7.666376
7.666376 7.666376 7.666376 7.666376 7.666376
7.666376 7.666376 7.666376 7.666376 7.666376
7.632371 7.632371 7.632371 7.632371 7.632371
7.632371 7.632371 7.632371 7.632371 7.632371
7.632371 7.632371 7.632371 7.632371 7.632371
7.632371 7.632371 7.632371 7.632371 7.632371
7.632371 7.632371 7.632371 7.632371 7.632371
7.632371 7.632371 7.632371 7.632371 7.632371
7.632371 7.632371 7.632371 7.632371 7.632371
7.632371 7.632371 7.632371 7.632371 7.632371
7.632371 7.632371 7.632371 7.632371 7.632371
7.632371 7.632371 7.632371 7.632371 7.632371
7.632371 7.632371 7.632371 7.632371 7.632371
7.632371 7.632371 7.632371 7.632371 7.632371
7.632371 7.632371 7.632371 7.632371 7.632371
7.632371 7.632371 7.632371 7.632371 7.632371
7.632371 7.632371 7.632371 7.632371 7.632371
7.632371 7.632371 7.632371 7.632371 7.632371
7.632371 7.632371 7.632371 7.632371 7.632371
7.632371 7.632371 7.632371 7.632371 7.632371
7.632371 7.632371 7.632371 7.632371 7.632371
7.632371 7.632371 7.632371 7.632371 7.632371
7.598367 7.598367 7.598367 7.598367 7.598367
7.598367 7.598367 7.598367 7.598367 7.598367
7.598367 7.598367 7.598367 7.598367 7.598367
7.598367 7.598367 7.598367 7.598367 7.598367
7.598367 7.598367 7.598367 7.598367 7.598367
7.598367 7.598367 7.598367 7.598367 7.598367
7.598367 7.598367 7.598367 7.598367 7.598367
7.598367 7.598367 7.598367 7.598367 7.598367
7.598367 7.598367 7.598367 7.598367 7.598367
7.598367 7.598367 7.598367 7.598367 7.598367
7.598367 7.598367 7.598367 7.598367 7.598367
7.598367 7.598367 7.598367 7.598367 7.598367
7.598367 7.598367 7.598367 7.598367 7.598367
7.598367 7.598367 7.598367 7.598367 7.598367
7.598367 7.598367 7.598367 7.598367 7.598367
7.598367 7.598367 7.598367 7.598367 7.598367
7.598367 7.598367 7.598367 7.598367 7.598367
7.598367 7.598367 7.598367 7.598367 7.598367
7.598367 7.598367 7.598367 7.598367 7.598367
7.598367 7.598367 7.598367 7.598367 7.598367
7.564362 7.564362 7.564362 7.564362 7.564362
7.564362 7.564362 7.564362 7.564362 7.564362
7.564362 7.564362 7.564362 7.564362 7.564362
7.564362 7.564362 7.564362 7.564362 7.564362
7.564362 7.564362 7.564362 7.564362 7.564362
7.564362 7.564362 7.564362 7.564362 7.564362
7.564362 7.564362 7.564362 7.564362 7.564362
7.564362 7.564362 7.564362 7.564362 7.564362
7.564362 7.564362 7.564362 7.564362 7.564362
7.564362 7.564362 7.564362 7.564362 7.564362
7.564362 7.564362 7.564362 7.564362 7.564362
7.564362 7.564362 7.564362 7.564362 7.564362
7.564362 7.564362 7.564362 7.564362 7.564362
7.564362 7.564362 7.564362 7.564362 7.564362
7.564362 7.564362 7.564362 7.564362 7.564362
7.564362 7.564362 7.564362 7.564362 7.564362
7.564362 7.564362 7.564362 7.564362 7.564362
7.564362 7.564362 7.564362 7.564362 7.564362
7.564362 7.564362 7.564362 7.564362 7.564362
7.564362 7.564362 7.564362 7.564362 7.564362
7.530357 7.530357 7.530357 7.530357 7.530357
7.530357 7.530357 7.530357 7.530357 7.530357
7.530357 7.530357 7.530357 7.530357 7.530357
7.530357 7.530357 7.530357 7.530357 7.530357
7.530357 7.530357 7.530357 7.530357 7.530357
7.530357 7.530357 7.530357 7.530357 7.530357
7.530357 7.530357 7.530357 7.530357 7.530357
7.530357 7.530357 7.530357 7.530357 7.530357
7.530357 7.530357 7.530357 7.530357 7.530357
7.530357 7.530357 7.530357 7.530357 7.530357
7.530357 7.530357 7.530357 7.530357 7.530357
7.530357 7.530357 7.530357 7.530357 7.530357
7.530357 7.530357 7.530357 7.530357 7.530357
7.530357 7.530357 7.530357 7.530357 7.530357
7.530357 7.530357 7.530357 7.530357 7.530357
7.530357 7.530357 7.530357 7.530357 7.530357
7.530357 7.530357 7.530357 7.530357 7.530357
7.530357 7.530357 7.530357 7.530357 7.530357
7.530357 7.530357 7.530357 7.530357 7.530357
7.530357 7.530357 7.530357 7.530357 7.530357
7.496353 7.496353 7.496353 7.496353 7.496353
7.496353 7.496353 7.496353 7.496353 7.496353
7.496353 7.496353 7.496353 7.496353 7.496353
7.496353 7.496353 7.496353 7.496353 7.496353
7.496353 7.496353 7.496353 7.496353 7.496353
7.496353 7.496353 7.496353 7.496353 7.496353
7.496353 7.496353 7.496353 7.496353 7.496353
7.496353 7.496353 7.496353 7.496353 7.496353
7.496353 7.496353 7.496353 7.496353 7.496353
7.496353 7.496353 7.496353 7.496353 7.496353
7.496353 7.496353 7.496353 7.496353 7.496353
7.496353 7.496353 7.496353 7.496353 7.496353
7.496353 7.496353 7.496353 7.496353 7.496353
7.496353 7.496353 7.496353 7.496353 7.496353
7.496353 7.496353 7.496353 7.496353 7.496353
7.496353 7.496353 7.496353 7.496353 7.496353
7.496353 7.496353 7.496353 7.496353 7.496353
7.496353 7.496353 7.496353 7.496353 7.496353
7.496353 7.496353 7.496353 7.496353 7.496353
7.496353 7.496353 7.496353 7.496353 7.496353
7.462348 7.462348 7.462348 7.462348 7.462348
7.462348 7.462348 7.462348 7.462348 7.462348
7.462348 7.462348 7.462348 7.462348 7.462348
7.462348 7.462348 7.462348 7.462348 7.462348
7.462348 7.462348 7.462348 7.462348 7.462348
7.462348 7.462348 7.462348 7.462348 7.462348
7.462348 7.462348 7.462348 7.462348 7.462348
7.462348 7.462348 7.462348 7.462348 7.462348
7.462348 7.462348 7.462348 7.462348 7.462348
7.462348 7.462348 7.462348 7.462348 7.462348
7.462348 7.462348 7.462348 7.462348 7.462348
7.462348 7.462348 7.462348 7.462348 7.462348
7.462348 7.462348 7.462348 7.462348 7.462348
7.462348 7.462348 7.462348 7.462348 7.462348
7.462348 7.462348 7.462348 7.462348 7.462348
7.462348 7.462348 7.462348 7.462348 7.462348
7.462348 7.462348 7.462348 7.462348 7.462348
7.462348 7.462348 7.462348 7.462348 7.462348
7.462348 7.462348 7.462348 7.462348 7.462348
7.462348 7.462348 7.462348 7.462348 7.462348
7.428344 7.428344 7.428344 7.428344 7.428344
7.428344 7.428344 7.428344 7.428344 7.428344
7.428344 7.428344 7.428344 7.428344 7.428344
7.428344 7.428344 7.428344 7.428344 7.428344
7.428344 7.428344 7.428344 7.428344 7.428344
7.428344 7.428344 7.428344 7.428344 7.428344
7.428344 7.428344 7.428344 7.428344 7.428344
7.428344 7.428344 7.428344 7.428344 7.428344
7.428344 7.428344 7.428344 7.428344 7.428344
7.428344 7.428344 7.428344 7.428344 7.428344
7.428344 7.428344 7.428344 7.428344 7.428344
7.428344 7.428344 7.428344 7.428344 7.428344
7.428344 7.428344 7.428344 7.428344 7.428344
7.428344 7.428344 7.428344 7.428344 7.428344
7.428344 7.428344 7.428344 7.428344 7.428344
7.428344 7.428344 7.428344 7.428344 7.428344
7.428344 7.428344 7.428344 7.428344 7.428344
7.428344 7.428344 7.428344 7.428344 7.428344
7.428344 7.428344 7.428344 7.428344 7.428344
7.428344 7.428344 7.428344 7.428344 7.428344
7.394339 7.394339 7.394339 7.394339 7.394339
7.394339 7.394339 7.394339 7.394339 7.394339
7.394339 7.394339 7.394339 7.394339 7.394339
7.394339 7.394339 7.394339 7.394339 7.394339
7.394339 7.394339 7.394339 7.394339 7.394339
7.394339 7.394339 7.394339 7.394339 7.394339
7.394339 7.394339 7.394339 7.394339 7.394339
7.394339 7.394339 7.394339 7.394339 7.394339
7.394339 7.394339 7.394339 7.394339 7.394339
7.394339 7.394339 7.394339 7.394339 7.394339
7.394339 7.394339 7.394339 7.394339 7.394339
7.394339 7.394339 7.394339 7.394339 7.394339
7.394339 7.394339 7.394339 7.394339 7.394339
7.394339 7.394339 7.394339 7.394339 7.394339
7.394339 7.394339 7.394339 7.394339 7.394339
7.394339 7.394339 7.394339 7.394339 7.394339
7.394339 7.394339 7.394339 7.394339 7.394339
7.394339 7.394339 7.394339 7.394339 7.394339
7.394339 7.394339 7.394339 7.394339 7.394339
7.394339 7.394339 7.394339 7.394339 7.394339
7.360334 7.360334 7.360334 7.360334 7.360334
7.360334 7.360334 7.360334 7.360334 7.360334
7.360334 7.360334 7.360334 7.360334 7.360334
7.360334 7.360334 7.360334 7.360334 7.360334
7.360334 7.360334 7.360334 7.360334 7.360334
7.360334 7.360334 7.360334 7.360334 7.360334
7.360334 7.360334 7.360334 7.360334 7.360334
7.360334 7.360334 7.360334 7.360334 7.360334
7.360334 7.360334 7.360334 7.360334 7.360334
7.360334 7.360334 7.360334 7.360334 7.360334
7.360334 7.360334 7.360334 7.360334 7.360334
7.360334 7.360334 7.360334 7.360334 7.360334
7.360334 7.360334 7.360334 7.360334 7.360334
7.360334 7.360334 7.360334 7.360334 7.360334
7.360334 7.360334 7.360334 7.360334 7.360334
7.360334 7.360334 7.360334 7.360334 7.360334
7.360334 7.360334 7.360334 7.360334 7.360334
7.360334 7.360334 7.360334 7.360334 7.360334
7.360334 7.360334 7.360334 7.360334 7.360334
7.360334 7.360334 7.360334 7.360334 7.360334
7.387497 7.387497 7.387497 7.387497 7.387497
7.387497 7.387497 7.387497 7.387497 7.387497
7.387497 7.387497 7.387497 7.387497 7.387497
7.387497 7.387497 7.387497 7.387497 7.387497
7.387497 7.387497 7.387497 7.387497 7.387497
7.387497 7.387497 7.387497 7.387497 7.387497
7.387497 7.387497 7.387497 7.387497 7.387497
7.387497 7.387497 7.387497 7.387497 7.387497
7.387497 7.387497 7.387497 7.387497 7.387497
7.387497 7.387497 7.387497 7.387497 7.387497
7.387497 7.387497 7.387497 7.387497 7.387497
7.387497 7.387497 7.387497 7.387497 7.387497
7.387497 7.387497 7.387497 7.387497 7.387497
7.387497 7.387497 7.387497 7.387497 7.387497
7.387497 7.387497 7.387497 7.387497 7.387497
7.387497 7.387497 7.387497 7.387497 7.387497
7.387497 7.387497 7.387497 7.387497 7.387497
7.387497 7.387497 7.387497 7.387497 7.387497
7.387497 7.387497 7.387497 7.387497 7.387497
7.387497 7.387497 7.387497 7.387497 7.387497
7.437862 7.437862 7.437862 7.437862 7.437862
7.437862 7.437862 7.437862 7.437862 7.437862
7.437862 7.437862 7.437862 7.437862 7.437862
7.437862 7.437862 7.437862 7.437862 7.437862
7.437862 7.437862 7.437862 7.437862 7.437862
7.437862 7.437862 7.437862 7.437862 7.437862
7.437862 7.437862 7.437862 7.437862 7.437862
7.437862 7.437862 7.437862 7.437862 7.437862
7.437862 7.437862 7.437862 7.437862 7.437862
7.437862 7.437862 7.437862 7.437862 7.437862
7.437862 7.437862 7.437862 7.437862 7.437862
7.437862 7.437862 7.437862 7.437862 7.437862
7.437862 7.437862 7.437862 7.437862 7.437862
7.437862 7.437862 7.437862 7.437862 7.437862
7.437862 7.437862 7.437862 7.437862 7.437862
7.437862 7.437862 7.437862 7.437862 7.437862
7.437862 7.437862 7.437862 7.437862 7.437862
7.437862 7.437862 7.437862 7.437862 7.437862
7.437862 7.437862 7.437862 7.437862 7.437862
7.437862 7.437862 7.437862 7.437862 7.437862
7.488227 7.488227 7.488227 7.488227 7.488227
7.488227 7.488227 7.488227 7.488227 7.488227
7.488227 7.488227 7.488227 7.488227 7.488227
7.488227 7.488227 7.488227 7.488227 7.488227
7.488227 7.488227 7.488227 7.488227 7.488227
7.488227 7.488227 7.488227 7.488227 7.488227
7.488227 7.488227 7.488227 7.488227 7.488227
7.488227 7.488227 7.488227 7.488227 7.488227
7.488227 7.488227 7.488227 7.488227 7.488227
7.488227 7.488227 7.488227 7.488227 7.488227
7.488227 7.488227 7.488227 7.488227 7.488227
7.488227 7.488227 7.488227 7.488227 7.488227
7.488227 7.488227 7.488227 7.488227 7.488227
7.488227 7.488227 7.488227 7.488227 7.488227
7.488227 7.488227 7.488227 7.488227 7.488227
7.488227 7.488227 7.488227 7.488227 7.488227
7.488227 7.488227 7.488227 7.488227 7.488227
7.488227 7.488227 7.488227 7.488227 7.488227
7.488227 7.488227 7.488227 7.488227 7.488227
7.488227 7.488227 7.488227 7.488227 7.488227
7.538591 7.538591 7.538591 7.538591 7.538591
7.538591 7.538591 7.538591 7.538591 7.538591
7.538591 7.538591 7.538591 7.538591 7.538591
7.538591 7.538591 7.538591 7.538591 7.538591
7.538591 7.538591 7.538591 7.538591 7.538591
7.538591 7.538591 7.538591 7.538591 7.538591
7.538591 7.538591 7.538591 7.538591 7.538591
7.538591 7.538591 7.538591 7.538591 7.538591
7.538591 7.538591 7.538591 7.538591 7.538591
7.538591 7.538591 7.538591 7.538591 7.538591
7.538591 7.538591 7.538591 7.538591 7.538591
7.538591 7.538591 7.538591 7.538591 7.538591
7.538591 7.538591 7.538591 7.538591 7.538591
7.538591 7.538591 7.538591 7.538591 7.538591
7.538591 7.538591 7.538591 7.538591 7.538591
7.538591 7.538591 7.538591 7.538591 7.538591
7.538591 7.538591 7.538591 7.538591 7.538591
7.538591 7.538591 7.538591 7.538591 7.538591
7.538591 7.538591 7.538591 7.538591 7.538591
7.538591 7.538591 7.538591 7.538591 7.538591
7.588956 7.588956 7.588956 7.588956 7.588956
7.588956 7.588956 7.588956 7.588956 7.588956
7.588956 7.588956 7.588956 7.588956 7.588956
7.588956 7.588956 7.588956 7.588956 7.588956
7.588956 7.588956 7.588956 7.588956 7.588956
7.588956 7.588956 7.588956 7.588956 7.588956
7.588956 7.588956 7.588956 7.588956 7.588956
7.588956 7.588956 7.588956 7.588956 7.588956
7.588956 7.588956 7.588956 7.588956 7.588956
7.588956 7.588956 7.588956 7.588956 7.588956
7.588956 7.588956 7.588956 7.588956 7.588956
7.588956 7.588956 7.588956 7.588956 7.588956
7.588956 7.588956 7.588956 7.588956 7.588956
7.588956 7.588956 7.588956 7.588956 7.588956
7.588956 7.588956 7.588956 7.588956 7.588956
7.588956 7.588956 7.588956 7.588956 7.588956
7.588956 7.588956 7.588956 7.588956 7.588956
7.588956 7.588956 7.588956 7.588956 7.588956
7.588956 7.588956 7.588956 7.588956 7.588956
7.588956 7.588956 7.588956 7.588956 7.588956
7.63932 7.63932 7.63932 7.63932 7.63932
7.63932 7.63932 7.63932 7.63932 7.63932
7.63932 7.63932 7.63932 7.63932 7.63932
7.63932 7.63932 7.63932 7.63932 7.63932
7.63932 7.63932 7.63932 7.63932 7.63932
7.63932 7.63932 7.63932 7.63932 7.63932
7.63932 7.63932 7.63932 7.63932 7.63932
7.63932 7.63932 7.63932 7.63932 7.63932
7.63932 7.63932 7.63932 7.63932 7.63932
7.63932 7.63932 7.63932 7.63932 7.63932
7.63932 7.63932 7.63932 7.63932 7.63932
7.63932 7.63932 7.63932 7.63932 7.63932
7.63932 7.63932 7.63932 7.63932 7.63932
7.63932 7.63932 7.63932 7.63932 7.63932
7.63932 7.63932 7.63932 7.63932 7.63932
7.63932 7.63932 7.63932 7.63932 7.63932
7.63932 7.63932 7.63932 7.63932 7.63932
7.63932 7.63932 7.63932 7.63932 7.63932
7.63932 7.63932 7.63932 7.63932 7.63932
7.63932 7.63932 7.63932 7.63932 7.63932
7.689685 7.689685 7.689685 7.689685 7.689685
7.689685 7.689685 7.689685 7.689685 7.689685
7.689685 7.689685 7.689685 7.689685 7.689685
7.689685 7.689685 7.689685 7.689685 7.689685
7.689685 7.689685 7.689685 7.689685 7.689685
7.689685 7.689685 7.689685 7.689685 7.689685
7.689685 7.689685 7.689685 7.689685 7.689685
7.689685 7.689685 7.689685 7.689685 7.689685
7.689685 7.689685 7.689685 7.689685 7.689685
7.689685 7.689685 7.689685 7.689685 7.689685
7.689685 7.689685 7.689685 7.689685 7.689685
7.689685 7.689685 7.689685 7.689685 7.689685
7.689685 7.689685 7.689685 7.689685 7.689685
7.689685 7.689685 7.689685 7.689685 7.689685
7.689685 7.689685 7.689685 7.689685 7.689685
7.689685 7.689685 7.689685 7.689685 7.689685
7.689685 7.689685 7.689685 7.689685 7.689685
7.689685 7.689685 7.689685 7.689685 7.689685
7.689685 7.689685 7.689685 7.689685 7.689685
7.689685 7.689685 7.689685 7.689685 7.689685
7.740049 7.740049 7.740049 7.740049 7.740049
7.740049 7.740049 7.740049 7.740049 7.740049
7.740049 7.740049 7.740049 7.740049 7.740049
7.740049 7.740049 7.740049 7.740049 7.740049
7.740049 7.740049 7.740049 7.740049 7.740049
7.740049 7.740049 7.740049 7.740049 7.740049
7.740049 7.740049 7.740049 7.740049 7.740049
7.740049 7.740049 7.740049 7.740049 7.740049
7.740049 7.740049 7.740049 7.740049 7.740049
7.740049 7.740049 7.740049 7.740049 7.740049
7.740049 7.740049 7.740049 7.740049 7.740049
7.740049 7.740049 7.740049 7.740049 7.740049
7.740049 7.740049 7.740049 7.740049 7.740049
7.740049 7.740049 7.740049 7.740049 7.740049
7.740049 7.740049 7.740049 7.740049 7.740049
7.740049 7.740049 7.740049 7.740049 7.740049
7.740049 7.740049 7.740049 7.740049 7.740049
7.740049 7.740049 7.740049 7.740049 7.740049
7.740049 7.740049 7.740049 7.740049 7.740049
7.740049 7.740049 7.740049 7.740049 7.740049
7.790414 7.790414 7.790414 7.790414 7.790414
7.790414 7.790414 7.790414 7.790414 7.790414
7.790414 7.790414 7.790414 7.790414 7.790414
7.790414 7.790414 7.790414 7.790414 7.790414
7.790414 7.790414 7.790414 7.790414 7.790414
7.790414 7.790414 7.790414 7.790414 7.790414
7.790414 7.790414 7.790414 7.790414 7.790414
7.790414 7.790414 7.790414 7.790414 7.790414
7.790414 7.790414 7.790414 7.790414 7.790414
7.790414 7.790414 7.790414 7.790414 7.790414
7.790414 7.790414 7.790414 7.790414 7.790414
7.790414 7.790414 7.790414 7.790414 7.790414
7.790414 7.790414 7.790414 7.790414 7.790414
7.790414 7.790414 7.790414 7.790414 7.790414
7.790414 7.790414 7.790414 7.790414 7.790414
7.790414 7.790414 7.790414 7.790414 7.790414
7.790414 7.790414 7.790414 7.790414 7.790414
7.790414 7.790414 7.790414 7.790414 7.790414
7.790414 7.790414 7.790414 7.790414 7.790414
7.790414 7.790414 7.790414 7.790414 7.790414
7.840779 7.840779 7.840779 7.840779 7.840779
7.840779 7.840779 7.840779 7.840779 7.840779
7.840779 7.840779 7.840779 7.840779 7.840779
7.840779 7.840779 7.840779 7.840779 7.840779
7.840779 7.840779 7.840779 7.840779 7.840779
7.840779 7.840779 7.840779 7.840779 7.840779
7.840779 7.840779 7.840779 7.840779 7.840779
7.840779 7.840779 7.840779 7.840779 7.840779
7.840779 7.840779 7.840779 7.840779 7.840779
7.840779 7.840779 7.840779 7.840779 7.840779
7.840779 7.840779 7.840779 7.840779 7.840779
7.840779 7.840779 7.840779 7.840779 7.840779
7.840779 7.840779 7.840779 7.840779 7.840779
7.840779 7.840779 7.840779 7.840779 7.840779
7.840779 7.840779 7.840779 7.840779 7.840779
7.840779 7.840779 7.840779 7.840779 7.840779
7.840779 7.840779 7.840779 7.840779 7.840779
7.840779 7.840779 7.840779 7.840779 7.840779
7.840779 7.840779 7.840779 7.840779 7.840779
7.840779 7.840779 7.840779 7.840779 7.840779
7.891143 7.891143 7.891143 7.891143 7.891143
7.891143 7.891143 7.891143 7.891143 7.891143
7.891143 7.891143 7.891143 7.891143 7.891143
7.891143 7.891143 7.891143 7.891143 7.891143
7.891143 7.891143 7.891143 7.891143 7.891143
7.891143 7.891143 7.891143 7.891143 7.891143
7.891143 7.891143 7.891143 7.891143 7.891143
7.891143 7.891143 7.891143 7.891143 7.891143
7.891143 7.891143 7.891143 7.891143 7.891143
7.891143 7.891143 7.891143 7.891143 7.891143
7.891143 7.891143 7.891143 7.891143 7.891143
7.891143 7.891143 7.891143 7.891143 7.891143
7.891143 7.891143 7.891143 7.891143 7.891143
7.891143 7.891143 7.891143 7.891143 7.891143
7.891143 7.891143 7.891143 7.891143 7.891143
7.891143 7.891143 7.891143 7.891143 7.891143
7.891143 7.891143 7.891143 7.891143 7.891143
7.891143 7.891143 7.891143 7.891143 7.891143
7.891143 7.891143 7.891143 7.891143 7.891143
7.891143 7.891143 7.891143 7.891143 7.891143
7.941508 7.941508 7.941508 7.941508 7.941508
7.941508 7.941508 7.941508 7.941508 7.941508
7.941508 7.941508 7.941508 7.941508 7.941508
7.941508 7.941508 7.941508 7.941508 7.941508
7.941508 7.941508 7.941508 7.941508 7.941508
7.941508 7.941508 7.941508 7.941508 7.941508
7.941508 7.941508 7.941508 7.941508 7.941508
7.941508 7.941508 7.941508 7.941508 7.941508
7.941508 7.941508 7.941508 7.941508 7.941508
7.941508 7.941508 7.941508 7.941508 7.941508
7.941508 7.941508 7.941508 7.941508 7.941508
7.941508 7.941508 7.941508 7.941508 7.941508
7.941508 7.941508 7.941508 7.941508 7.941508
7.941508 7.941508 7.941508 7.941508 7.941508
7.941508 7.941508 7.941508 7.941508 7.941508
7.941508 7.941508 7.941508 7.941508 7.941508
7.941508 7.941508 7.941508 7.941508 7.941508
7.941508 7.941508 7.941508 7.941508 7.941508
7.941508 7.941508 7.941508 7.941508 7.941508
7.941508 7.941508 7.941508 7.941508 7.941508
7.991872 7.991872 7.991872 7.991872 7.991872
7.991872 7.991872 7.991872 7.991872 7.991872
7.991872 7.991872 7.991872 7.991872 7.991872
7.991872 7.991872 7.991872 7.991872 7.991872
7.991872 7.991872 7.991872 7.991872 7.991872
7.991872 7.991872 7.991872 7.991872 7.991872
7.991872 7.991872 7.991872 7.991872 7.991872
7.991872 7.991872 7.991872 7.991872 7.991872
7.991872 7.991872 7.991872 7.991872 7.991872
7.991872 7.991872 7.991872 7.991872 7.991872
7.991872 7.991872 7.991872 7.991872 7.991872
7.991872 7.991872 7.991872 7.991872 7.991872
7.991872 7.991872 7.991872 7.991872 7.991872
7.991872 7.991872 7.991872 7.991872 7.991872
7.991872 7.991872 7.991872 7.991872 7.991872
7.991872 7.991872 7.991872 7.991872 7.991872
7.991872 7.991872 7.991872 7.991872 7.991872
7.991872 7.991872 7.991872 7.991872 7.991872
7.991872 7.991872 7.991872 7.991872 7.991872
7.991872 7.991872 7.991872 7.991872 7.991872
8.042237 8.042237 8.042237 8.042237 8.042237
8.042237 8.042237 8.042237 8.042237 8.042237
8.042237 8.042237 8.042237 8.042237 8.042237
8.042237 8.042237 8.042237 8.042237 8.042237
8.042237 8.042237 8.042237 8.042237 8.042237
8.042237 8.042237 8.042237 8.042237 8.042237
8.042237 8.042237 8.042237 8.042237 8.042237
8.042237 8.042237 8.042237 8.042237 8.042237
8.042237 8.042237 8.042237 8.042237 8.042237
8.042237 8.042237 8.042237 8.042237 8.042237
8.042237 8.042237 8.042237 8.042237 8.042237
8.042237 8.042237 8.042237 8.042237 8.042237
8.042237 8.042237 8.042237 8.042237 8.042237
8.042237 8.042237 8.042237 8.042237 8.042237
8.042237 8.042237 8.042237 8.042237 8.042237
8.042237 8.042237 8.042237 8.042237 8.042237
8.042237 8.042237 8.042237 8.042237 8.042237
8.042237 8.042237 8.042237 8.042237 8.042237
8.042237 8.042237 8.042237 8.042237 8.042237
8.042237 8.042237 8.042237 8.042237 8.042237
8.092601 8.092601 8.092601 8.092601 8.092601
8.092601 8.092601 8.092601 8.092601 8.092601
8.092601 8.092601 8.092601 8.092601 8.092601
8.092601 8.092601 8.092601 8.092601 8.092601
8.092601 8.092601 8.092601 8.092601 8.092601
8.092601 8.092601 8.092601 8.092601 8.092601
8.092601 8.092601 8.092601 8.092601 8.092601
8.092601 8.092601 8.092601 8.092601 8.092601
8.092601 8.092601 8.092601 8.092601 8.092601
8.092601 8.092601 8.092601 8.092601 8.092601
8.092601 8.092601 8.092601 8.092601 8.092601
8.092601 8.092601 8.092601 8.092601 8.092601
8.092601 8.092601 8.092601 8.092601 8.092601
8.092601 8.092601 8.092601 8.092601 8.092601
8.092601 8.092601 8.092601 8.092601 8.092601
8.092601 8.092601 8.092601 8.092601 8.092601
8.092601 8.092601 8.092601 8.092601 8.092601
8.092601 8.092601 8.092601 8.092601 8.092601
8.092601 8.092601 8.092601 8.092601 8.092601
8.092601 8.092601 8.092601 8.092601 8.092601
8.142966 8.142966 8.142966 8.142966 8.142966
8.142966 8.142966 8.142966 8.142966 8.142966
8.142966 8.142966 8.142966 8.142966 8.142966
8.142966 8.142966 8.142966 8.142966 8.142966
8.142966 8.142966 8.142966 8.142966 8.142966
8.142966 8.142966 8.142966 8.142966 8.142966
8.142966 8.142966 8.142966 8.142966 8.142966
8.142966 8.142966 8.142966 8.142966 8.142966
8.142966 8.142966 8.142966 8.142966 8.142966
8.142966 8.142966 8.142966 8.142966 8.142966
8.142966 8.142966 8.142966 8.142966 8.142966
8.142966 8.142966 8.142966 8.142966 8.142966
8.142966 8.142966 8.142966 8.142966 8.142966
8.142966 8.142966 8.142966 8.142966 8.142966
8.142966 8.142966 8.142966 8.142966 8.142966
8.142966 8.142966 8.142966 8.142966 8.142966
8.142966 8.142966 8.142966 8.142966 8.142966
8.142966 8.142966 8.142966 8.142966 8.142966
8.142966 8.142966 8.142966 8.142966 8.142966
8.142966 8.142966 8.142966 8.142966 8.142966
8.193331 8.193331 8.193331 8.193331 8.193331
8.193331 8.193331 8.193331 8.193331 8.193331
8.193331 8.193331 8.193331 8.193331 8.193331
8.193331 8.193331 8.193331 8.193331 8.193331
8.193331 8.193331 8.193331 8.193331 8.193331
8.193331 8.193331 8.193331 8.193331 8.193331
8.193331 8.193331 8.193331 8.193331 8.193331
8.193331 8.193331 8.193331 8.193331 8.193331
8.193331 8.193331 8.193331 8.193331 8.193331
8.193331 8.193331 8.193331 8.193331 8.193331
8.193331 8.193331 8.193331 8.193331 8.193331
8.193331 8.193331 8.193331 8.193331 8.193331
8.193331 8.193331 8.193331 8.193331 8.193331
8.193331 8.193331 8.193331 8.193331 8.193331
8.193331 8.193331 8.193331 8.193331 8.193331
8.193331 8.193331 8.193331 8.193331 8.193331
8.193331 8.193331 8.193331 8.193331 8.193331
8.193331 8.193331 8.193331 8.193331 8.193331
8.193331 8.193331 8.193331 8.193331 8.193331
8.193331 8.193331 8.193331 8.193331 8.193331
8.243695 8.243695 8.243695 8.243695 8.243695
8.243695 8.243695 8.243695 8.243695 8.243695
8.243695 8.243695 8.243695 8.243695 8.243695
8.243695 8.243695 8.243695 8.243695 8.243695
8.243695 8.243695 8.243695 8.243695 8.243695
8.243695 8.243695 8.243695 8.243695 8.243695
8.243695 8.243695 8.243695 8.243695 8.243695
8.243695 8.243695 8.243695 8.243695 8.243695
8.243695 8.243695 8.243695 8.243695 8.243695
8.243695 8.243695 8.243695 8.243695 8.243695
8.243695 8.243695 8.243695 8.243695 8.243695
8.243695 8.243695 8.243695 8.243695 8.243695
8.243695 8.243695 8.243695 8.243695 8.243695
8.243695 8.243695 8.243695 8.243695 8.243695
8.243695 8.243695 8.243695 8.243695 8.243695
8.243695 8.243695 8.243695 8.243695 8.243695
8.243695 8.243695 8.243695 8.243695 8.243695
8.243695 8.243695 8.243695 8.243695 8.243695
8.243695 8.243695 8.243695 8.243695 8.243695
8.243695 8.243695 8.243695 8.243695 8.243695
8.29406 8.29406 8.29406 8.29406 8.29406
8.29406 8.29406 8.29406 8.29406 8.29406
8.29406 8.29406 8.29406 8.29406 8.29406
8.29406 8.29406 8.29406 8.29406 8.29406
8.29406 8.29406 8.29406 8.29406 8.29406
8.29406 8.29406 8.29406 8.29406 8.29406
8.29406 8.29406 8.29406 8.29406 8.29406
8.29406 8.29406 8.29406 8.29406 8.29406
8.29406 8.29406 8.29406 8.29406 8.29406
8.29406 8.29406 8.29406 8.29406 8.29406
8.29406 8.29406 8.29406 8.29406 8.29406
8.29406 8.29406 8.29406 8.29406 8.29406
8.29406 8.29406 8.29406 8.29406 8.29406
8.29406 8.29406 8.29406 8.29406 8.29406
8.29406 8.29406 8.29406 8.29406 8.29406
8.29406 8.29406 8.29406 8.29406 8.29406
8.29406 8.29406 8.29406 8.29406 8.29406
8.29406 8.29406 8.29406 8.29406 8.29406
8.29406 8.29406 8.29406 8.29406 8.29406
8.29406 8.29406 8.29406 8.29406 8.29406
8.344424 8.344424 8.344424 8.344424 8.344424
8.344424 8.344424 8.344424 8.344424 8.344424
8.344424 8.344424 8.344424 8.344424 8.344424
8.344424 8.344424 8.344424 8.344424 8.344424
8.344424 8.344424 8.344424 8.344424 8.344424
8.344424 8.344424 8.344424 8.344424 8.344424
8.344424 8.344424 8.344424 8.344424 8.344424
8.344424 8.344424 8.344424 8.344424 8.344424
8.344424 8.344424 8.344424 8.344424 8.344424
8.344424 8.344424 8.344424 8.344424 8.344424
8.344424 8.344424 8.344424 8.344424 8.344424
8.344424 8.344424 8.344424 8.344424 8.344424
8.344424 8.344424 8.344424 8.344424 8.344424
8.344424 8.344424 8.344424 8.344424 8.344424
8.344424 8.344424 8.344424 8.344424 8.344424
8.344424 8.344424 8.344424 8.344424 8.344424
8.344424 8.344424 8.344424 8.344424 8.344424
8.344424 8.344424 8.344424 8.344424 8.344424
8.344424 8.344424 8.344424 8.344424 8.344424
8.344424 8.344424 8.344424 8.344424 8.344424
8.394789 8.394789 8.394789 8.394789 8.394789
8.394789 8.394789 8.394789 8.394789 8.394789
8.394789 8.394789 8.394789 8.394789 8.394789
8.394789 8.394789 8.394789 8.394789 8.394789
8.394789 8.394789 8.394789 8.394789 8.394789
8.394789 8.394789 8.394789 8.394789 8.394789
8.394789 8.394789 8.394789 8.394789 8.394789
8.394789 8.394789 8.394789 8.394789 8.394789
8.394789 8.394789 8.394789 8.394789 8.394789
8.394789 8.394789 8.394789 8.394789 8.394789
8.394789 8.394789 8.394789 8.394789 8.394789
8.394789 8.394789 8.394789 8.394789 8.394789
8.394789 8.394789 8.394789 8.394789 8.394789
8.394789 8.394789 8.394789 8.394789 8.394789
8.394789 8.394789 8.394789 8.394789 8.394789
8.394789 8.394789 8.394789 8.394789 8.394789
8.394789 8.394789 8.394789 8.394789 8.394789
8.394789 8.394789 8.394789 8.394789 8.394789
8.394789 8.394789 8.394789 8.394789 8.394789
8.394789 8.394789 8.394789 8.394789 8.394789
8.449658 8.449658 8.449658 8.449658 8.449658
8.449658 8.449658 8.449658 8.449658 8.449658
8.449658 8.449658 8.449658 8.449658 8.449658
8.449658 8.449658 8.449658 8.449658 8.449658
8.449658 8.449658 8.449658 8.449658 8.449658
8.449658 8.449658 8.449658 8.449658 8.449658
8.449658 8.449658 8.449658 8.449658 8.449658
8.449658 8.449658 8.449658 8.449658 8.449658
8.449658 8.449658 8.449658 8.449658 8.449658
8.449658 8.449658 8.449658 8.449658 8.449658
8.449658 8.449658 8.449658 8.449658 8.449658
8.449658 8.449658 8.449658 8.449658 8.449658
8.449658 8.449658 8.449658 8.449658 8.449658
8.449658 8.449658 8.449658 8.449658 8.449658
8.449658 8.449658 8.449658 8.449658 8.449658
8.449658 8.449658 8.449658 8.449658 8.449658
8.449658 8.449658 8.449658 8.449658 8.449658
8.449658 8.449658 8.449658 8.449658 8.449658
8.449658 8.449658 8.449658 8.449658 8.449658
8.449658 8.449658 8.449658 8.449658 8.449658
8.516405 8.516405 8.516405 8.516405 8.516405
8.516405 8.516405 8.516405 8.516405 8.516405
8.516405 8.516405 8.516405 8.516405 8.516405
8.516405 8.516405 8.516405 8.516405 8.516405
8.516405 8.516405 8.516405 8.516405 8.516405
8.516405 8.516405 8.516405 8.516405 8.516405
8.516405 8.516405 8.516405 8.516405 8.516405
8.516405 8.516405 8.516405 8.516405 8.516405
8.516405 8.516405 8.516405 8.516405 8.516405
8.516405 8.516405 8.516405 8.516405 8.516405
8.516405 8.516405 8.516405 8.516405 8.516405
8.516405 8.516405 8.516405 8.516405 8.516405
8.516405 8.516405 8.516405 8.516405 8.516405
8.516405 8.516405 8.516405 8.516405 8.516405
8.516405 8.516405 8.516405 8.516405 8.516405
8.516405 8.516405 8.516405 8.516405 8.516405
8.516405 8.516405 8.516405 8.516405 8.516405
8.516405 8.516405 8.516405 8.516405 8.516405
8.516405 8.516405 8.516405 8.516405 8.516405
8.516405 8.516405 8.516405 8.516405 8.516405
8.583152 8.583152 8.583152 8.583152 8.583152
8.583152 8.583152 8.583152 8.583152 8.583152
8.583152 8.583152 8.583152 8.583152 8.583152
8.583152 8.583152 8.583152 8.583152 8.583152
8.583152 8.583152 8.583152 8.583152 8.583152
8.583152 8.583152 8.583152 8.583152 8.583152
8.583152 8.583152 8.583152 8.583152 8.583152
8.583152 8.583152 8.583152 8.583152 8.583152
8.583152 8.583152 8.583152 8.583152 8.583152
8.583152 8.583152 8.583152 8.583152 8.583152
8.583152 8.583152 8.583152 8.583152 8.583152
8.583152 8.583152 8.583152 8.583152 8.583152
8.583152 8.583152 8.583152 8.583152 8.583152
8.583152 8.583152 8.583152 8.583152 8.583152
8.583152 8.583152 8.583152 8.583152 8.583152
8.583152 8.583152 8.583152 8.583152 8.583152
8.583152 8.583152 8.583152 8.583152 8.583152
8.583152 8.583152 8.583152 8.583152 8.583152
8.583152 8.583152 8.583152 8.583152 8.583152
8.583152 8.583152 8.583152 8.583152 8.583152
8.649899 8.649899 8.649899 8.649899 8.649899
8.649899 8.649899 8.649899 8.649899 8.649899
8.649899 8.649899 8.649899 8.649899 8.649899
8.649899 8.649899 8.649899 8.649899 8.649899
8.649899 8.649899 8.649899 8.649899 8.649899
8.649899 8.649899 8.649899 8.649899 8.649899
8.649899 8.649899 8.649899 8.649899 8.649899
8.649899 8.649899 8.649899 8.649899 8.649899
8.649899 8.649899 8.649899 8.649899 8.649899
8.649899 8.649899 8.649899 8.649899 8.649899
8.649899 8.649899 8.649899 8.649899 8.649899
8.649899 8.649899 8.649899 8.649899 8.649899
8.649899 8.649899 8.649899 8.649899 8.649899
8.649899 8.649899 8.649899 8.649899 8.649899
8.649899 8.649899 8.649899 8.649899 8.649899
8.649899 8.649899 8.649899 8.649899 8.649899
8.649899 8.649899 8.649899 8.649899 8.649899
8.649899 8.649899 8.649899 8.649899 8.649899
8.649899 8.649899 8.649899 8.649899 8.649899
8.649899 8.649899 8.649899 8.649899 8.649899
8.716646 8.716646 8.716646 8.716646 8.716646
8.716646 8.716646 8.716646 8.716646 8.716646
8.716646 8.716646 8.716646 8.716646 8.716646
8.716646 8.716646 8.716646 8.716646 8.716646
8.716646 8.716646 8.716646 8.716646 8.716646
8.716646 8.716646 8.716646 8.716646 8.716646
8.716646 8.716646 8.716646 8.716646 8.716646
8.716646 8.716646 8.716646 8.716646 8.716646
8.716646 8.716646 8.716646 8.716646 8.716646
8.716646 8.716646 8.716646 8.716646 8.716646
8.716646 8.716646 8.716646 8.716646 8.716646
8.716646 8.716646 8.716646 8.716646 8.716646
8.716646 8.716646 8.716646 8.716646 8.716646
8.716646 8.716646 8.716646 8.716646 8.716646
8.716646 8.716646 8.716646 8.716646 8.716646
8.716646 8.716646 8.716646 8.716646 8.716646
8.716646 8.716646 8.716646 8.716646 8.716646
8.716646 8.716646 8.716646 8.716646 8.716646
8.716646 8.716646 8.716646 8.716646 8.716646
8.716646 8.716646 8.716646 8.716646 8.716646
8.783392 8.783392 8.783392 8.783392 8.783392
8.783392 8.783392 8.783392 8.783392 8.783392
8.783392 8.783392 8.783392 8.783392 8.783392
8.783392 8.783392 8.783392 8.783392 8.783392
8.783392 8.783392 8.783392 8.783392 8.783392
8.783392 8.783392 8.783392 8.783392 8.783392
8.783392 8.783392 8.783392 8.783392 8.783392
8.783392 8.783392 8.783392 8.783392 8.783392
8.783392 8.783392 8.783392 8.783392 8.783392
8.783392 8.783392 8.783392 8.783392 8.783392
8.783392 8.783392 8.783392 8.783392 8.783392
8.783392 8.783392 8.783392 8.783392 8.783392
8.783392 8.783392 8.783392 8.783392 8.783392
8.783392 8.783392 8.783392 8.783392 8.783392
8.783392 8.783392 8.783392 8.783392 8.783392
8.783392 8.783392 8.783392 8.783392 8.783392
8.783392 8.783392 8.783392 8.783392 8.783392
8.783392 8.783392 8.783392 8.783392 8.783392
8.783392 8.783392 8.783392 8.783392 8.783392
8.783392 8.783392 8.783392 8.783392 8.783392
8.850139 8.850139 8.850139 8.850139 8.850139
8.850139 8.850139 8.850139 8.850139 8.850139
8.850139 8.850139 8.850139 8.850139 8.850139
8.850139 8.850139 8.850139 8.850139 8.850139
8.850139 8.850139 8.850139 8.850139 8.850139
8.850139 8.850139 8.850139 8.850139 8.850139
8.850139 8.850139 8.850139 8.850139 8.850139
8.850139 8.850139 8.850139 8.850139 8.850139
8.850139 8.850139 8.850139 8.850139 8.850139
8.850139 8.850139 8.850139 8.850139 8.850139
8.850139 8.850139 8.850139 8.850139 8.850139
8.850139 8.850139 8.850139 8.850139 8.850139
8.850139 8.850139 8.850139 8.850139 8.850139
8.850139 8.850139 8.850139 8.850139 8.850139
8.850139 8.850139 8.850139 8.850139 8.850139
8.850139 8.850139 8.850139 8.850139 8.850139
8.850139 8.850139 8.850139 8.850139 8.850139
8.850139 8.850139 8.850139 8.850139 8.850139
8.850139 8.850139 8.850139 8.850139 8.850139
8.850139 8.850139 8.850139 8.850139 8.850139
8.916886 8.916886 8.916886 8.916886 8.916886
8.916886 8.916886 8.916886 8.916886 8.916886
8.916886 8.916886 8.916886 8.916886 8.916886
8.916886 8.916886 8.916886 8.916886 8.916886
8.916886 8.916886 8.916886 8.916886 8.916886
8.916886 8.916886 8.916886 8.916886 8.916886
8.916886 8.916886 8.916886 8.916886 8.916886
8.916886 8.916886 8.916886 8.916886 8.916886
8.916886 8.916886 8.916886 8.916886 8.916886
8.916886 8.916886 8.916886 8.916886 8.916886
8.916886 8.916886 8.916886 8.916886 8.916886
8.916886 8.916886 8.916886 8.916886 8.916886
8.916886 8.916886 8.916886 8.916886 8.916886
8.916886 8.916886 8.916886 8.916886 8.916886
8.916886 8.916886 8.916886 8.916886 8.916886
8.916886 8.916886 8.916886 8.916886 8.916886
8.916886 8.916886 8.916886 8.916886 8.916886
8.916886 8.916886 8.916886 8.916886 8.916886
8.916886 8.916886 8.916886 8.916886 8.916886
8.916886 8.916886 8.916886 8.916886 8.916886
8.983633 8.983633 8.983633 8.983633 8.983633
8.983633 8.983633 8.983633 8.983633 8.983633
8.983633 8.983633 8.983633 8.983633 8.983633
8.983633 8.983633 8.983633 8.983633 8.983633
8.983633 8.983633 8.983633 8.983633 8.983633
8.983633 8.983633 8.983633 8.983633 8.983633
8.983633 8.983633 8.983633 8.983633 8.983633
8.983633 8.983633 8.983633 8.983633 8.983633
8.983633 8.983633 8.983633 8.983633 8.983633
8.983633 8.983633 8.983633 8.983633 8.983633
8.983633 8.983633 8.983633 8.983633 8.983633
8.983633 8.983633 8.983633 8.983633 8.983633
8.983633 8.983633 8.983633 8.983633 8.983633
8.983633 8.983633 8.983633 8.983633 8.983633
8.983633 8.983633 8.983633 8.983633 8.983633
8.983633 8.983633 8.983633 8.983633 8.983633
8.983633 8.983633 8.983633 8.983633 8.983633
8.983633 8.983633 8.983633 8.983633 8.983633
8.983633 8.983633 8.983633 8.983633 8.983633
8.983633 8.983633 8.983633 8.983633 8.983633
9.05038 9.05038 9.05038 9.05038 9.05038
9.05038 9.05038 9.05038 9.05038 9.05038
9.05038 9.05038 9.05038 9.05038 9.05038
9.05038 9.05038 9.05038 9.05038 9.05038
9.05038 9.05038 9.05038 9.05038 9.05038
9.05038 9.05038 9.05038 9.05038 9.05038
9.05038 9.05038 9.05038 9.05038 9.05038
9.05038 9.05038 9.05038 9.05038 9.05038
9.05038 9.05038 9.05038 9.05038 9.05038
9.05038 9.05038 9.05038 9.05038 9.05038
9.05038 9.05038 9.05038 9.05038 9.05038
9.05038 9.05038 9.05038 9.05038 9.05038
9.05038 9.05038 9.05038 9.05038 9.05038
9.05038 9.05038 9.05038 9.05038 9.05038
9.05038 9.05038 9.05038 9.05038 9.05038
9.05038 9.05038 9.05038 9.05038 9.05038
9.05038 9.05038 9.05038 9.05038 9.05038
9.05038 9.05038 9.05038 9.05038 9.05038
9.05038 9.05038 9.05038 9.05038 9.05038
9.05038 9.05038 9.05038 9.05038 9.05038
9.117126 9.117126 9.117126 9.117126 9.117126
9.117126 9.117126 9.117126 9.117126 9.117126
9.117126 9.117126 9.117126 9.117126 9.117126
9.117126 9.117126 9.117126 9.117126 9.117126
9.117126 9.117126 9.117126 9.117126 9.117126
9.117126 9.117126 9.117126 9.117126 9.117126
9.117126 9.117126 9.117126 9.117126 9.117126
9.117126 9.117126 9.117126 9.117126 9.117126
9.117126 9.117126 9.117126 9.117126 9.117126
9.117126 9.117126 9.117126 9.117126 9.117126
9.117126 9.117126 9.117126 9.117126 9.117126
9.117126 9.117126 9.117126 9.117126 9.117126
9.117126 9.117126 9.117126 9.117126 9.117126
9.117126 9.117126 9.117126 9.117126 9.117126
9.117126 9.117126 9.117126 9.117126 9.117126
9.117126 9.117126 9.117126 9.117126 9.117126
9.117126 9.117126 9.117126 9.117126 9.117126
9.117126 9.117126 9.117126 9.117126 9.117126
9.117126 9.117126 9.117126 9.117126 9.117126
9.117126 9.117126 9.117126 9.117126 9.117126
9.183873 9.183873 9.183873 9.183873 9.183873
9.183873 9.183873 9.183873 9.183873 9.183873
9.183873 9.183873 9.183873 9.183873 9.183873
9.183873 9.183873 9.183873 9.183873 9.183873
9.183873 9.183873 9.183873 9.183873 9.183873
9.183873 9.183873 9.183873 9.183873 9.183873
9.183873 9.183873 9.183873 9.183873 9.183873
9.183873 9.183873 9.183873 9.183873 9.183873
9.183873 9.183873 9.183873 9.183873 9.183873
9.183873 9.183873 9.183873 9.183873 9.183873
9.183873 9.183873 9.183873 9.183873 9.183873
9.183873 9.183873 9.183873 9.183873 9.183873
9.183873 9.183873 9.183873 9.183873 9.183873
9.183873 9.183873 9.183873 9.183873 9.183873
9.183873 9.183873 9.183873 9.183873 9.183873
9.183873 9.183873 9.183873 9.183873 9.183873
9.183873 9.183873 9.183873 9.183873 9.183873
9.183873 9.183873 9.183873 9.183873 9.183873
9.183873 9.183873 9.183873 9.183873 9.183873
9.183873 9.183873 9.183873 9.183873 9.183873
9.25062 9.25062 9.25062 9.25062 9.25062
9.25062 9.25062 9.25062 9.25062 9.25062
9.25062 9.25062 9.25062 9.25062 9.25062
9.25062 9.25062 9.25062 9.25062 9.25062
9.25062 9.25062 9.25062 9.25062 9.25062
9.25062 9.25062 9.25062 9.25062 9.25062
9.25062 9.25062 9.25062 9.25062 9.25062
9.25062 9.25062 9.25062 9.25062 9.25062
9.25062 9.25062 9.25062 9.25062 9.25062
9.25062 9.25062 9.25062 9.25062 9.25062
9.25062 9.25062 9.25062 9.25062 9.25062
9.25062 9.25062 9.25062 9.25062 9.25062
9.25062 9.25062 9.25062 9.25062 9.25062
9.25062 9.25062 9.25062 9.25062 9.25062
9.25062 9.25062 9.25062 9.25062 9.25062
9.25062 9.25062 9.25062 9.25062 9.25062
9.25062 9.25062 9.25062 9.25062 9.25062
9.25062 9.25062 9.25062 9.25062 9.25062
9.25062 9.25062 9.25062 9.25062 9.25062
9.25062 9.25062 9.25062 9.25062 9.25062
9.317367 9.317367 9.317367 9.317367 9.317367
9.317367 9.317367 9.317367 9.317367 9.317367
9.317367 9.317367 9.317367 9.317367 9.317367
9.317367 9.317367 9.317367 9.317367 9.317367
9.317367 9.317367 9.317367 9.317367 9.317367
9.317367 9.317367 9.317367 9.317367 9.317367
9.317367 9.317367 9.317367 9.317367 9.317367
9.317367 9.317367 9.317367 9.317367 9.317367
9.317367 9.317367 9.317367 9.317367 9.317367
9.317367 9.317367 9.317367 9.317367 9.317367
9.317367 9.317367 9.317367 9.317367 9.317367
9.317367 9.317367 9.317367 9.317367 9.317367
9.317367 9.317367 9.317367 9.317367 9.317367
9.317367 9.317367 9.317367 9.317367 9.317367
9.317367 9.317367 9.317367 9.317367 9.317367
9.317367 9.317367 9.317367 9.317367 9.317367
9.317367 9.317367 9.317367 9.317367 9.317367
9.317367 9.317367 9.317367 9.317367 9.317367
9.317367 9.317367 9.317367 9.317367 9.317367
9.317367 9.317367 9.317367 9.317367 9.317367
9.384114 9.384114 9.384114 9.384114 9.384114
9.384114 9.384114 9.384114 9.384114 9.384114
9.384114 9.384114 9.384114 9.384114 9.384114
9.384114 9.384114 9.384114 9.384114 9.384114
9.384114 9.384114 9.384114 9.384114 9.384114
9.384114 9.384114 9.384114 9.384114 9.384114
9.384114 9.384114 9.384114 9.384114 9.384114
9.384114 9.384114 9.384114 9.384114 9.384114
9.384114 9.384114 9.384114 9.384114 9.384114
9.384114 9.384114 9.384114 9.384114 9.384114
9.384114 9.384114 9.384114 9.384114 9.384114
9.384114 9.384114 9.384114 9.384114 9.384114
9.384114 9.384114 9.384114 9.384114 9.384114
9.384114 9.384114 9.384114 9.384114 9.384114
9.384114 9.384114 9.384114 9.384114 9.384114
9.384114 9.384114 9.384114 9.384114 9.384114
9.384114 9.384114 9.384114 9.384114 9.384114
9.384114 9.384114 9.384114 9.384114 9.384114
9.384114 9.384114 9.384114 9.384114 9.384114
9.384114 9.384114 9.384114 9.384114 9.384114
9.45086 9.45086 9.45086 9.45086 9.45086
9.45086 9.45086 9.45086 9.45086 9.45086
9.45086 9.45086 9.45086 9.45086 9.45086
9.45086 9.45086 9.45086 9.45086 9.45086
9.45086 9.45086 9.45086 9.45086 9.45086
9.45086 9.45086 9.45086 9.45086 9.45086
9.45086 9.45086 9.45086 9.45086 9.45086
9.45086 9.45086 9.45086 9.45086 9.45086
9.45086 9.45086 9.45086 9.45086 9.45086
9.45086 9.45086 9.45086 9.45086 9.45086
9.45086 9.45086 9.45086 9.45086 9.45086
9.45086 9.45086 9.45086 9.45086 9.45086
9.45086 9.45086 9.45086 9.45086 9.45086
9.45086 9.45086 9.45086 9.45086 9.45086
9.45086 9.45086 9.45086 9.45086 9.45086
9.45086 9.45086 9.45086 9.45086 9.45086
9.45086 9.45086 9.45086 9.45086 9.45086
9.45086 9.45086 9.45086 9.45086 9.45086
9.45086 9.45086 9.45086 9.45086 9.45086
9.45086 9.45086 9.45086 9.45086 9.45086
9.517607 9.517607 9.517607 9.517607 9.517607
9.517607 9.517607 9.517607 9.517607 9.517607
9.517607 9.517607 9.517607 9.517607 9.517607
9.517607 9.517607 9.517607 9.517607 9.517607
9.517607 9.517607 9.517607 9.517607 9.517607
9.517607 9.517607 9.517607 9.517607 9.517607
9.517607 9.517607 9.517607 9.517607 9.517607
9.517607 9.517607 9.517607 9.517607 9.517607
9.517607 9.517607 9.517607 9.517607 9.517607
9.517607 9.517607 9.517607 9.517607 9.517607
9.517607 9.517607 9.517607 9.517607 9.517607
9.517607 9.517607 9.517607 9.517607 9.517607
9.517607 9.517607 9.517607 9.517607 9.517607
9.517607 9.517607 9.517607 9.517607 9.517607
9.517607 9.517607 9.517607 9.517607 9.517607
9.517607 9.517607 9.517607 9.517607 9.517607
9.517607 9.517607 9.517607 9.517607 9.517607
9.517607 9.517607 9.517607 9.517607 9.517607
9.517607 9.517607 9.517607 9.517607 9.517607
9.517607 9.517607 9.517607 9.517607 9.517607
9.584354 9.584354 9.584354 9.584354 9.584354
9.584354 9.584354 9.584354 9.584354 9.584354
9.584354 9.584354 9.584354 9.584354 9.584354
9.584354 9.584354 9.584354 9.584354 9.584354
9.584354 9.584354 9.584354 9.584354 9.584354
9.584354 9.584354 9.584354 9.584354 9.584354
9.584354 9.584354 9.584354 9.584354 9.584354
9.584354 9.584354 9.584354 9.584354 9.584354
9.584354 9.584354 9.584354 9.584354 9.584354
9.584354 9.584354 9.584354 9.584354 9.584354
9.584354 9.584354 9.584354 9.584354 9.584354
9.584354 9.584354 9.584354 9.584354 9.584354
9.584354 9.584354 9.584354 9.584354 9.584354
9.584354 9.584354 9.584354 9.584354 9.584354
9.584354 9.584354 9.584354 9.584354 9.584354
9.584354 9.584354 9.584354 9.584354 9.584354
9.584354 9.584354 9.584354 9.584354 9.584354
9.584354 9.584354 9.584354 9.584354 9.584354
9.584354 9.584354 9.584354 9.584354 9.584354
9.584354 9.584354 9.584354 9.584354 9.584354
9.651101 9.651101 9.651101 9.651101 9.651101
9.651101 9.651101 9.651101 9.651101 9.651101
9.651101 9.651101 9.651101 9.651101 9.651101
9.651101 9.651101 9.651101 9.651101 9.651101
9.651101 9.651101 9.651101 9.651101 9.651101
9.651101 9.651101 9.651101 9.651101 9.651101
9.651101 9.651101 9.651101 9.651101 9.651101
9.651101 9.651101 9.651101 9.651101 9.651101
9.651101 9.651101 9.651101 9.651101 9.651101
9.651101 9.651101 9.651101 9.651101 9.651101
9.651101 9.651101 9.651101 9.651101 9.651101
9.651101 9.651101 9.651101 9.651101 9.651101
9.651101 9.651101 9.651101 9.651101 9.651101
9.651101 9.651101 9.651101 9.651101 9.651101
9.651101 9.651101 9.651101 9.651101 9.651101
9.651101 9.651101 9.651101 9.651101 9.651101
9.651101 9.651101 9.651101 9.651101 9.651101
9.651101 9.651101 9.651101 9.651101 9.651101
9.651101 9.651101 9.651101 9.651101 9.651101
9.651101 9.651101 9.651101 9.651101 9.651101
9.717847 9.717847 9.717847 9.717847 9.717847
9.717847 9.717847 9.717847 9.717847 9.717847
9.717847 9.717847 9.717847 9.717847 9.717847
9.717847 9.717847 9.717847 9.717847 9.717847
9.717847 9.717847 9.717847 9.717847 9.717847
9.717847 9.717847 9.717847 9.717847 9.717847
9.717847 9.717847 9.717847 9.717847 9.717847
9.717847 9.717847 9.717847 9.717847 9.717847
9.717847 9.717847 9.717847 9.717847 9.717847
9.717847 9.717847 9.717847 9.717847 9.717847
9.717847 9.717847 9.717847 9.717847 9.717847
9.717847 9.717847 9.717847 9.717847 9.717847
9.717847 9.717847 9.717847 9.717847 9.717847
9.717847 9.717847 9.717847 9.717847 9.717847
9.717847 9.717847 9.717847 9.717847 9.717847
9.717847 9.717847 9.717847 9.717847 9.717847
9.717847 9.717847 9.717847 9.717847 9.717847
9.717847 9.717847 9.717847 9.717847 9.717847
9.717847 9.717847 9.717847 9.717847 9.717847
9.717847 9.717847 9.717847 9.717847 9.717847
9.784594 9.784594 9.784594 9.784594 9.784594
9.784594 9.784594 9.784594 9.784594 9.784594
9.784594 9.784594 9.784594 9.784594 9.784594
9.784594 9.784594 9.784594 9.784594 9.784594
9.784594 9.784594 9.784594 9.784594 9.784594
9.784594 9.784594 9.784594 9.784594 9.784594
9.784594 9.784594 9.784594 9.784594 9.784594
9.784594 9.784594 9.784594 9.784594 9.784594
9.784594 9.784594 9.784594 9.784594 9.784594
9.784594 9.784594 9.784594 9.784594 9.784594
9.784594 9.784594 9.784594 9.784594 9.784594
9.784594 9.784594 9.784594 9.784594 9.784594
9.784594 9.784594 9.784594 9.784594 9.784594
9.784594 9.784594 9.784594 9.784594 9.784594
9.784594 9.784594 9.784594 9.784594 9.784594
9.784594 9.784594 9.784594 9.784594 9.784594
9.784594 9.784594 9.784594 9.784594 9.784594
9.784594 9.784594 9.784594 9.784594 9.784594
9.784594 9.784594 9.784594 9.784594 9.784594
9.784594 9.784594 9.784594 9.784594 9.784594
9.851341 9.851341 9.851341 9.851341 9.851341
9.851341 9.851341 9.851341 9.851341 9.851341
9.851341 9.851341 9.851341 9.851341 9.851341
9.851341 9.851341 9.851341 9.851341 9.851341
9.851341 9.851341 9.851341 9.851341 9.851341
9.851341 9.851341 9.851341 9.851341 9.851341
9.851341 9.851341 9.851341 9.851341 9.851341
9.851341 9.851341 9.851341 9.851341 9.851341
9.851341 9.851341 9.851341 9.851341 9.851341
9.851341 9.851341 9.851341 9.851341 9.851341
9.851341 9.851341 9.851341 9.851341 9.851341
9.851341 9.851341 9.851341 9.851341 9.851341
9.851341 9.851341 9.851341 9.851341 9.851341
9.851341 9.851341 9.851341 9.851341 9.851341
9.851341 9.851341 9.851341 9.851341 9.851341
9.851341 9.851341 9.851341 9.851341 9.851341
9.851341 9.851341 9.851341 9.851341 9.851341
9.851341 9.851341 9.851341 9.851341 9.851341
9.851341 9.851341 9.851341 9.851341 9.851341
9.851341 9.851341 9.851341 9.851341 9.851341
9.918088 9.918088 9.918088 9.918088 9.918088
9.918088 9.918088 9.918088 9.918088 9.918088
9.918088 9.918088 9.918088 9.918088 9.918088
9.918088 9.918088 9.918088 9.918088 9.918088
9.918088 9.918088 9.918088 9.918088 9.918088
9.918088 9.918088 9.918088 9.918088 9.918088
9.918088 9.918088 9.918088 9.918088 9.918088
9.918088 9.918088 9.918088 9.918088 9.918088
9.918088 9.918088 9.918088 9.918088 9.918088
9.918088 9.918088 9.918088 9.918088 9.918088
9.918088 9.918088 9.918088 9.918088 9.918088
9.918088 9.918088 9.918088 9.918088 9.918088
9.918088 9.918088 9.918088 9.918088 9.918088
9.918088 9.918088 9.918088 9.918088 9.918088
9.918088 9.918088 9.918088 9.918088 9.918088
9.918088 9.918088 9.918088 9.918088 9.918088
9.918088 9.918088 9.918088 9.918088 9.918088
9.918088 9.918088 9.918088 9.918088 9.918088
9.918088 9.918088 9.918088 9.918088 9.918088
9.918088 9.918088 9.918088 9.918088 9.918088
9.984835 9.984835 9.984835 9.984835 9.984835
9.984835 9.984835 9.984835 9.984835 9.984835
9.984835 9.984835 9.984835 9.984835 9.984835
9.984835 9.984835 9.984835 9.984835 9.984835
9.984835 9.984835 9.984835 9.984835 9.984835
9.984835 9.984835 9.984835 9.984835 9.984835
9.984835 9.984835 9.984835 9.984835 9.984835
9.984835 9.984835 9.984835 9.984835 9.984835
9.984835 9.984835 9.984835 9.984835 9.984835
9.984835 9.984835 9.984835 9.984835 9.984835
9.984835 9.984835 9.984835 9.984835 9.984835
9.984835 9.984835 9.984835 9.984835 9.984835
9.984835 9.984835 9.984835 9.984835 9.984835
9.984835 9.984835 9.984835 9.984835 9.984835
9.984835 9.984835 9.984835 9.984835 9.984835
9.984835 9.984835 9.984835 9.984835 9.984835
9.984835 9.984835 9.984835 9.984835 9.984835
9.984835 9.984835 9.984835 9.984835 9.984835
9.984835 9.984835 9.984835 9.984835 9.984835
9.984835 9.984835 9.984835 9.984835 9.984835
10.05158 10.05158 10.05158 10.05158 10.05158
10.05158 10.05158 10.05158 10.05158 10.05158
10.05158 10.05158 10.05158 10.05158 10.05158
10.05158 10.05158 10.05158 10.05158 10.05158
10.05158 10.05158 10.05158 10.05158 10.05158
10.05158 10.05158 10.05158 10.05158 10.05158
10.05158 10.05158 10.05158 10.05158 10.05158
10.05158 10.05158 10.05158 10.05158 10.05158
10.05158 10.05158 10.05158 10.05158 10.05158
10.05158 10.05158 10.05158 10.05158 10.05158
10.05158 10.05158 10.05158 10.05158 10.05158
10.05158 10.05158 10.05158 10.05158 10.05158
10.05158 10.05158 10.05158 10.05158 10.05158
10.05158 10.05158 10.05158 10.05158 10.05158
10.05158 10.05158 10.05158 10.05158 10.05158
10.05158 10.05158 10.05158 10.05158 10.05158
10.05158 10.05158 10.05158 10.05158 10.05158
10.05158 10.05158 10.05158 10.05158 10.05158
10.05158 10.05158 10.05158 10.05158 10.05158
10.05158 10.05158 10.05158 10.05158 10.05158
10.11833 10.11833 10.11833 10.11833 10.11833
10.11833 10.11833 10.11833 10.11833 10.11833
10.11833 10.11833 10.11833 10.11833 10.11833
10.11833 10.11833 10.11833 10.11833 10.11833
10.11833 10.11833 10.11833 10.11833 10.11833
10.11833 10.11833 10.11833 10.11833 10.11833
10.11833 10.11833 10.11833 10.11833 10.11833
10.11833 10.11833 10.11833 10.11833 10.11833
10.11833 10.11833 10.11833 10.11833 10.11833
10.11833 10.11833 10.11833 10.11833 10.11833
10.11833 10.11833 10.11833 10.11833 10.11833
10.11833 10.11833 10.11833 10.11833 10.11833
10.11833 10.11833 10.11833 10.11833 10.11833
10.11833 10.11833 10.11833 10.11833 10.11833
10.11833 10.11833 10.11833 10.11833 10.11833
10.11833 10.11833 10.11833 10.11833 10.11833
10.11833 10.11833 10.11833 10.11833 10.11833
10.11833 10.11833 10.11833 10.11833 10.11833
10.11833 10.11833 10.11833 10.11833 10.11833
10.11833 10.11833 10.11833 10.11833 10.11833
10.18508 10.18508 10.18508 10.18508 10.18508
10.18508 10.18508 10.18508 10.18508 10.18508
10.18508 10.18508 10.18508 10.18508 10.18508
10.18508 10.18508 10.18508 10.18508 10.18508
10.18508 10.18508 10.18508 10.18508 10.18508
10.18508 10.18508 10.18508 10.18508 10.18508
10.18508 10.18508 10.18508 10.18508 10.18508
10.18508 10.18508 10.18508 10.18508 10.18508
10.18508 10.18508 10.18508 10.18508 10.18508
10.18508 10.18508 10.18508 10.18508 10.18508
10.18508 10.18508 10.18508 10.18508 10.18508
10.18508 10.18508 10.18508 10.18508 10.18508
10.18508 10.18508 10.18508 10.18508 10.18508
10.18508 10.18508 10.18508 10.18508 10.18508
10.18508 10.18508 10.18508 10.18508 10.18508
10.18508 10.18508 10.18508 10.18508 10.18508
10.18508 10.18508 10.18508 10.18508 10.18508
10.18508 10.18508 10.18508 10.18508 10.18508
10.18508 10.18508 10.18508 10.18508 10.18508
10.18508 10.18508 10.18508 10.18508 10.18508
10.25182 10.25182 10.25182 10.25182 10.25182
10.25182 10.25182 10.25182 10.25182 10.25182
10.25182 10.25182 10.25182 10.25182 10.25182
10.25182 10.25182 10.25182 10.25182 10.25182
10.25182 10.25182 10.25182 10.25182 10.25182
10.25182 10.25182 10.25182 10.25182 10.25182
10.25182 10.25182 10.25182 10.25182 10.25182
10.25182 10.25182 10.25182 10.25182 10.25182
10.25182 10.25182 10.25182 10.25182 10.25182
10.25182 10.25182 10.25182 10.25182 10.25182
10.25182 10.25182 10.25182 10.25182 10.25182
10.25182 10.25182 10.25182 10.25182 10.25182
10.25182 10.25182 10.25182 10.25182 10.25182
10.25182 10.25182 10.25182 10.25182 10.25182
10.25182 10.25182 10.25182 10.25182 10.25182
10.25182 10.25182 10.25182 10.25182 10.25182
10.25182 10.25182 10.25182 10.25182 10.25182
10.25182 10.25182 10.25182 10.25182 10.25182
10.25182 10.25182 10.25182 10.25182 10.25182
10.25182 10.25182 10.25182 10.25182 10.25182
10.31857 10.31857 10.31857 10.31857 10.31857
10.31857 10.31857 10.31857 10.31857 10.31857
10.31857 10.31857 10.31857 10.31857 10.31857
10.31857 10.31857 10.31857 10.31857 10.31857
10.31857 10.31857 10.31857 10.31857 10.31857
10.31857 10.31857 10.31857 10.31857 10.31857
10.31857 10.31857 10.31857 10.31857 10.31857
10.31857 10.31857 10.31857 10.31857 10.31857
10.31857 10.31857 10.31857 10.31857 10.31857
10.31857 10.31857 10.31857 10.31857 10.31857
10.31857 10.31857 10.31857 10.31857 10.31857
10.31857 10.31857 10.31857 10.31857 10.31857
10.31857 10.31857 10.31857 10.31857 10.31857
10.31857 10.31857 10.31857 10.31857 10.31857
10.31857 10.31857 10.31857 10.31857 10.31857
10.31857 10.31857 10.31857 10.31857 10.31857
10.31857 10.31857 10.31857 10.31857 10.31857
10.31857 10.31857 10.31857 10.31857 10.31857
10.31857 10.31857 10.31857 10.31857 10.31857
10.31857 10.31857 10.31857 10.31857 10.31857
10.38532 10.38532 10.38532 10.38532 10.38532
10.38532 10.38532 10.38532 10.38532 10.38532
10.38532 10.38532 10.38532 10.38532 10.38532
10.38532 10.38532 10.38532 10.38532 10.38532
10.38532 10.38532 10.38532 10.38532 10.38532
10.38532 10.38532 10.38532 10.38532 10.38532
10.38532 10.38532 10.38532 10.38532 10.38532
10.38532 10.38532 10.38532 10.38532 10.38532
10.38532 10.38532 10.38532 10.38532 10.38532
10.38532 10.38532 10.38532 10.38532 10.38532
10.38532 10.38532 10.38532 10.38532 10.38532
10.38532 10.38532 10.38532 10.38532 10.38532
10.38532 10.38532 10.38532 10.38532 10.38532
10.38532 10.38532 10.38532 10.38532 10.38532
10.38532 10.38532 10.38532 10.38532 10.38532
10.38532 10.38532 10.38532 10.38532 10.38532
10.38532 10.38532 10.38532 10.38532 10.38532
10.38532 10.38532 10.38532 10.38532 10.38532
10.38532 10.38532 10.38532 10.38532 10.38532
10.38532 10.38532 10.38532 10.38532 10.38532
10.45206 10.45206 10.45206 10.45206 10.45206
10.45206 10.45206 10.45206 10.45206 10.45206
10.45206 10.45206 10.45206 10.45206 10.45206
10.45206 10.45206 10.45206 10.45206 10.45206
10.45206 10.45206 10.45206 10.45206 10.45206
10.45206 10.45206 10.45206 10.45206 10.45206
10.45206 10.45206 10.45206 10.45206 10.45206
10.45206 10.45206 10.45206 10.45206 10.45206
10.45206 10.45206 10.45206 10.45206 10.45206
10.45206 10.45206 10.45206 10.45206 10.45206
10.45206 10.45206 10.45206 10.45206 10.45206
10.45206 10.45206 10.45206 10.45206 10.45206
10.45206 10.45206 10.45206 10.45206 10.45206
10.45206 10.45206 10.45206 10.45206 10.45206
10.45206 10.45206 10.45206 10.45206 10.45206
10.45206 10.45206 10.45206 10.45206 10.45206
10.45206 10.45206 10.45206 10.45206 10.45206
10.45206 10.45206 10.45206 10.45206 10.45206
10.45206 10.45206 10.45206 10.45206 10.45206
10.45206 10.45206 10.45206 10.45206 10.45206
10.51881 10.51881 10.51881 10.51881 10.51881
10.51881 10.51881 10.51881 10.51881 10.51881
10.51881 10.51881 10.51881 10.51881 10.51881
10.51881 10.51881 10.51881 10.51881 10.51881
10.51881 10.51881 10.51881 10.51881 10.51881
10.51881 10.51881 10.51881 10.51881 10.51881
10.51881 10.51881 10.51881 10.51881 10.51881
10.51881 10.51881 10.51881 10.51881 10.51881
10.51881 10.51881 10.51881 10.51881 10.51881
10.51881 10.51881 10.51881 10.51881 10.51881
10.51881 10.51881 10.51881 10.51881 10.51881
10.51881 10.51881 10.51881 10.51881 10.51881
10.51881 10.51881 10.51881 10.51881 10.51881
10.51881 10.51881 10.51881 10.51881 10.51881
10.51881 10.51881 10.51881 10.51881 10.51881
10.51881 10.51881 10.51881 10.51881 10.51881
10.51881 10.51881 10.51881 10.51881 10.51881
10.51881 10.51881 10.51881 10.51881 10.51881
10.51881 10.51881 10.51881 10.51881 10.51881
10.51881 10.51881 10.51881 10.51881 10.51881
10.58556 10.58556 10.58556 10.58556 10.58556
10.58556 10.58556 10.58556 10.58556 10.58556
10.58556 10.58556 10.58556 10.58556 10.58556
10.58556 10.58556 10.58556 10.58556 10.58556
10.58556 10.58556 10.58556 10.58556 10.58556
10.58556 10.58556 10.58556 10.58556 10.58556
10.58556 10.58556 10.58556 10.58556 10.58556
10.58556 10.58556 10.58556 10.58556 10.58556
10.58556 10.58556 10.58556 10.58556 10.58556
10.58556 10.58556 10.58556 10.58556 10.58556
10.58556 10.58556 10.58556 10.58556 10.58556
10.58556 10.58556 10.58556 10.58556 10.58556
10.58556 10.58556 10.58556 10.58556 10.58556
10.58556 10.58556 10.58556 10.58556 10.58556
10.58556 10.58556 10.58556 10.58556 10.58556
10.58556 10.58556 10.58556 10.58556 10.58556
10.58556 10.58556 10.58556 10.58556 10.58556
10.58556 10.58556 10.58556 10.58556 10.58556
10.58556 10.58556 10.58556 10.58556 10.58556
10.58556 10.58556 10.58556 10.58556 10.58556
10.6523 10.6523 10.6523 10.6523 10.6523
10.6523 10.6523 10.6523 10.6523 10.6523
10.6523 10.6523 10.6523 10.6523 10.6523
10.6523 10.6523 10.6523 10.6523 10.6523
10.6523 10.6523 10.6523 10.6523 10.6523
10.6523 10.6523 10.6523 10.6523 10.6523
10.6523 10.6523 10.6523 10.6523 10.6523
10.6523 10.6523 10.6523 10.6523 10.6523
10.6523 10.6523 10.6523 10.6523 10.6523
10.6523 10.6523 10.6523 10.6523 10.6523
10.6523 10.6523 10.6523 10.6523 10.6523
10.6523 10.6523 10.6523 10.6523 10.6523
10.6523 10.6523 10.6523 10.6523 10.6523
10.6523 10.6523 10.6523 10.6523 10.6523
10.6523 10.6523 10.6523 10.6523 10.6523
10.6523 10.6523 10.6523 10.6523 10.6523
10.6523 10.6523 10.6523 10.6523 10.6523
10.6523 10.6523 10.6523 10.6523 10.6523
10.6523 10.6523 10.6523 10.6523 10.6523
10.6523 10.6523 10.6523 10.6523 10.6523
10.71905 10.71905 10.71905 10.71905 10.71905
10.71905 10.71905 10.71905 10.71905 10.71905
10.71905 10.71905 10.71905 10.71905 10.71905
10.71905 10.71905 10.71905 10.71905 10.71905
10.71905 10.71905 10.71905 10.71905 10.71905
10.71905 10.71905 10.71905 10.71905 10.71905
10.71905 10.71905 10.71905 10.71905 10.71905
10.71905 10.71905 10.71905 10.71905 10.71905
10.71905 10.71905 10.71905 10.71905 10.71905
10.71905 10.71905 10.71905 10.71905 10.71905
10.71905 10.71905 10.71905 10.71905 10.71905
10.71905 10.71905 10.71905 10.71905 10.71905
10.71905 10.71905 10.71905 10.71905 10.71905
10.71905 10.71905 10.71905 10.71905 10.71905
10.71905 10.71905 10.71905 10.71905 10.71905
10.71905 10.71905 10.71905 10.71905 10.71905
10.71905 10.71905 10.71905 10.71905 10.71905
10.71905 10.71905 10.71905 10.71905 10.71905
10.71905 10.71905 10.71905 10.71905 10.71905
10.71905 10.71905 10.71905 10.71905 10.71905
10.7858 10.7858 10.7858 10.7858 10.7858
10.7858 10.7858 10.7858 10.7858 10.7858
10.7858 10.7858 10.7858 10.7858 10.7858
10.7858 10.7858 10.7858 10.7858 10.7858
10.7858 10.7858 10.7858 10.7858 10.7858
10.7858 10.7858 10.7858 10.7858 10.7858
10.7858 10.7858 10.7858 10.7858 10.7858
10.7858 10.7858 10.7858 10.7858 10.7858
10.7858 10.7858 10.7858 10.7858 10.7858
10.7858 10.7858 10.7858 10.7858 10.7858
10.7858 10.7858 10.7858 10.7858 10.7858
10.7858 10.7858 10.7858 10.7858 10.7858
10.7858 10.7858 10.7858 10.7858 10.7858
10.7858 10.7858 10.7858 10.7858 10.7858
10.7858 10.7858 10.7858 10.7858 10.7858
10.7858 10.7858 10.7858 10.7858 10.7858
10.7858 10.7858 10.7858 10.7858 10.7858
10.7858 10.7858 10.7858 10.7858 10.7858
10.7858 10.7858 10.7858 10.7858 10.7858
10.7858 10.7858 10.7858 10.7858 10.7858
10.85254 10.85254 10.85254 10.85254 10.85254
10.85254 10.85254 10.85254 10.85254 10.85254
10.85254 10.85254 10.85254 10.85254 10.85254
10.85254 10.85254 10.85254 10.85254 10.85254
10.85254 10.85254 10.85254 10.85254 10.85254
10.85254 10.85254 10.85254 10.85254 10.85254
10.85254 10.85254 10.85254 10.85254 10.85254
10.85254 10.85254 10.85254 10.85254 10.85254
10.85254 10.85254 10.85254 10.85254 10.85254
10.85254 10.85254 10.85254 10.85254 10.85254
10.85254 10.85254 10.85254 10.85254 10.85254
10.85254 10.85254 10.85254 10.85254 10.85254
10.85254 10.85254 10.85254 10.85254 10.85254
10.85254 10.85254 10.85254 10.85254 10.85254
10.85254 10.85254 10.85254 10.85254 10.85254
10.85254 10.85254 10.85254 10.85254 10.85254
10.85254 10.85254 10.85254 10.85254 10.85254
10.85254 10.85254 10.85254 10.85254 10.85254
10.85254 10.85254 10.85254 10.85254 10.85254
10.85254 10.85254 10.85254 10.85254 10.85254
10.91929 10.91929 10.91929 10.91929 10.91929
10.91929 10.91929 10.91929 10.91929 10.91929
10.91929 10.91929 10.91929 10.91929 10.91929
10.91929 10.91929 10.91929 10.91929 10.91929
10.91929 10.91929 10.91929 10.91929 10.91929
10.91929 10.91929 10.91929 10.91929 10.91929
10.91929 10.91929 10.91929 10.91929 10.91929
10.91929 10.91929 10.91929 10.91929 10.91929
10.91929 10.91929 10.91929 10.91929 10.91929
10.91929 10.91929 10.91929 10.91929 10.91929
10.91929 10.91929 10.91929 10.91929 10.91929
10.91929 10.91929 10.91929 10.91929 10.91929
10.91929 10.91929 10.91929 10.91929 10.91929
10.91929 10.91929 10.91929 10.91929 10.91929
10.91929 10.91929 10.91929 10.91929 10.91929
10.91929 10.91929 10.91929 10.91929 10.91929
10.91929 10.91929 10.91929 10.91929 10.91929
10.91929 10.91929 10.91929 10.91929 10.91929
10.91929 10.91929 10.91929 10.91929 10.91929
10.91929 10.91929 10.91929 10.91929 10.91929
10.98604 10.98604 10.98604 10.98604 10.98604
10.98604 10.98604 10.98604 10.98604 10.98604
10.98604 10.98604 10.98604 10.98604 10.98604
10.98604 10.98604 10.98604 10.98604 10.98604
10.98604 10.98604 10.98604 10.98604 10.98604
10.98604 10.98604 10.98604 10.98604 10.98604
10.98604 10.98604 10.98604 10.98604 10.98604
10.98604 10.98604 10.98604 10.98604 10.98604
10.98604 10.98604 10.98604 10.98604 10.98604
10.98604 10.98604 10.98604 10.98604 10.98604
10.98604 10.98604 10.98604 10.98604 10.98604
10.98604 10.98604 10.98604 10.98604 10.98604
10.98604 10.98604 10.98604 10.98604 10.98604
10.98604 10.98604 10.98604 10.98604 10.98604
10.98604 10.98604 10.98604 10.98604 10.98604
10.98604 10.98604 10.98604 10.98604 10.98604
10.98604 10.98604 10.98604 10.98604 10.98604
10.98604 10.98604 10.98604 10.98604 10.98604
10.98604 10.98604 10.98604 10.98604 10.98604
10.98604 10.98604 10.98604 10.98604 10.98604
11.05278 11.05278 11.05278 11.05278 11.05278
11.05278 11.05278 11.05278 11.05278 11.05278
11.05278 11.05278 11.05278 11.05278 11.05278
11.05278 11.05278 11.05278 11.05278 11.05278
11.05278 11.05278 11.05278 11.05278 11.05278
11.05278 11.05278 11.05278 11.05278 11.05278
11.05278 11.05278 11.05278 11.05278 11.05278
11.05278 11.05278 11.05278 11.05278 11.05278
11.05278 11.05278 11.05278 11.05278 11.05278
11.05278 11.05278 11.05278 11.05278 11.05278
11.05278 11.05278 11.05278 11.05278 11.05278
11.05278 11.05278 11.05278 11.05278 11.05278
11.05278 11.05278 11.05278 11.05278 11.05278
11.05278 11.05278 11.05278 11.05278 11.05278
11.05278 11.05278 11.05278 11.05278 11.05278
11.05278 11.05278 11.05278 11.05278 11.05278
11.05278 11.05278 11.05278 11.05278 11.05278
11.05278 11.05278 11.05278 11.05278 11.05278
11.05278 11.05278 11.05278 11.05278 11.05278
11.05278 11.05278 11.05278 11.05278 11.05278
11.11953 11.11953 11.11953 11.11953 11.11953
11.11953 11.11953 11.11953 11.11953 11.11953
11.11953 11.11953 11.11953 11.11953 11.11953
11.11953 11.11953 11.11953 11.11953 11.11953
11.11953 11.11953 11.11953 11.11953 11.11953
11.11953 11.11953 11.11953 11.11953 11.11953
11.11953 11.11953 11.11953 11.11953 11.11953
11.11953 11.11953 11.11953 11.11953 11.11953
11.11953 11.11953 11.11953 11.11953 11.11953
11.11953 11.11953 11.11953 11.11953 11.11953
11.11953 11.11953 11.11953 11.11953 11.11953
11.11953 11.11953 11.11953 11.11953 11.11953
11.11953 11.11953 11.11953 11.11953 11.11953
11.11953 11.11953 11.11953 11.11953 11.11953
11.11953 11.11953 11.11953 11.11953 11.11953
11.11953 11.11953 11.11953 11.11953 11.11953
11.11953 11.11953 11.11953 11.11953 11.11953
11.11953 11.11953 11.11953 11.11953 11.11953
11.11953 11.11953 11.11953 11.11953 11.11953
11.11953 11.11953 11.11953 11.11953 11.11953
11.18628 11.18628 11.18628 11.18628 11.18628
11.18628 11.18628 11.18628 11.18628 11.18628
11.18628 11.18628 11.18628 11.18628 11.18628
11.18628 11.18628 11.18628 11.18628 11.18628
11.18628 11.18628 11.18628 11.18628 11.18628
11.18628 11.18628 11.18628 11.18628 11.18628
11.18628 11.18628 11.18628 11.18628 11.18628
11.18628 11.18628 11.18628 11.18628 11.18628
11.18628 11.18628 11.18628 11.18628 11.18628
11.18628 11.18628 11.18628 11.18628 11.18628
11.18628 11.18628 11.18628 11.18628 11.18628
11.18628 11.18628 11.18628 11.18628 11.18628
11.18628 11.18628 11.18628 11.18628 11.18628
11.18628 11.18628 11.18628 11.18628 11.18628
11.18628 11.18628 11.18628 11.18628 11.18628
11.18628 11.18628 11.18628 11.18628 11.18628
11.18628 11.18628 11.18628 11.18628 11.18628
11.18628 11.18628 11.18628 11.18628 11.18628
11.18628 11.18628 11.18628 11.18628 11.18628
11.18628 11.18628 11.18628 11.18628 11.18628
11.25302 11.25302 11.25302 11.25302 11.25302
11.25302 11.25302 11.25302 11.25302 11.25302
11.25302 11.25302 11.25302 11.25302 11.25302
11.25302 11.25302 11.25302 11.25302 11.25302
11.25302 11.25302 11.25302 11.25302 11.25302
11.25302 11.25302 11.25302 11.25302 11.25302
11.25302 11.25302 11.25302 11.25302 11.25302
11.25302 11.25302 11.25302 11.25302 11.25302
11.25302 11.25302 11.25302 11.25302 11.25302
11.25302 11.25302 11.25302 11.25302 11.25302
11.25302 11.25302 11.25302 11.25302 11.25302
11.25302 11.25302 11.25302 11.25302 11.25302
11.25302 11.25302 11.25302 11.25302 11.25302
11.25302 11.25302 11.25302 11.25302 11.25302
11.25302 11.25302 11.25302 11.25302 11.25302
11.25302 11.25302 11.25302 11.25302 11.25302
11.25302 11.25302 11.25302 11.25302 11.25302
11.25302 11.25302 11.25302 11.25302 11.25302
11.25302 11.25302 11.25302 11.25302 11.25302
11.25302 11.25302 11.25302 11.25302 11.25302
11.31977 11.31977 11.31977 11.31977 11.31977
11.31977 11.31977 11.31977 11.31977 11.31977
11.31977 11.31977 11.31977 11.31977 11.31977
11.31977 11.31977 11.31977 11.31977 11.31977
11.31977 11.31977 11.31977 11.31977 11.31977
11.31977 11.31977 11.31977 11.31977 11.31977
11.31977 11.31977 11.31977 11.31977 11.31977
11.31977 11.31977 11.31977 11.31977 11.31977
11.31977 11.31977 11.31977 11.31977 11.31977
11.31977 11.31977 11.31977 11.31977 11.31977
11.31977 11.31977 11.31977 11.31977 11.31977
11.31977 11.31977 11.31977 11.31977 11.31977
11.31977 11.31977 11.31977 11.31977 11.31977
11.31977 11.31977 11.31977 11.31977 11.31977
11.31977 11.31977 11.31977 11.31977 11.31977
11.31977 11.31977 11.31977 11.31977 11.31977
11.31977 11.31977 11.31977 11.31977 11.31977
11.31977 11.31977 11.31977 11.31977 11.31977
11.31977 11.31977 11.31977 11.31977 11.31977
11.31977 11.31977 11.31977 11.31977 11.31977
11.38652 11.38652 11.38652 11.38652 11.38652
11.38652 11.38652 11.38652 11.38652 11.38652
11.38652 11.38652 11.38652 11.38652 11.38652
11.38652 11.38652 11.38652 11.38652 11.38652
11.38652 11.38652 11.38652 11.38652 11.38652
11.38652 11.38652 11.38652 11.38652 11.38652
11.38652 11.38652 11.38652 11.38652 11.38652
11.38652 11.38652 11.38652 11.38652 11.38652
11.38652 11.38652 11.38652 11.38652 11.38652
11.38652 11.38652 11.38652 11.38652 11.38652
11.38652 11.38652 11.38652 11.38652 11.38652
11.38652 11.38652 11.38652 11.38652 11.38652
11.38652 11.38652 11.38652 11.38652 11.38652
11.38652 11.38652 11.38652 11.38652 11.38652
11.38652 11.38652 11.38652 11.38652 11.38652
11.38652 11.38652 11.38652 11.38652 11.38652
11.38652 11.38652 11.38652 11.38652 11.38652
11.38652 11.38652 11.38652 11.38652 11.38652
11.38652 11.38652 11.38652 11.38652 11.38652
11.38652 11.38652 11.38652 11.38652 11.38652
11.45326 11.45326 11.45326 11.45326 11.45326
11.45326 11.45326 11.45326 11.45326 11.45326
11.45326 11.45326 11.45326 11.45326 11.45326
11.45326 11.45326 11.45326 11.45326 11.45326
11.45326 11.45326 11.45326 11.45326 11.45326
11.45326 11.45326 11.45326 11.45326 11.45326
11.45326 11.45326 11.45326 11.45326 11.45326
11.45326 11.45326 11.45326 11.45326 11.45326
11.45326 11.45326 11.45326 11.45326 11.45326
11.45326 11.45326 11.45326 11.45326 11.45326
11.45326 11.45326 11.45326 11.45326 11.45326
11.45326 11.45326 11.45326 11.45326 11.45326
11.45326 11.45326 11.45326 11.45326 11.45326
11.45326 11.45326 11.45326 11.45326 11.45326
11.45326 11.45326 11.45326 11.45326 11.45326
11.45326 11.45326 11.45326 11.45326 11.45326
11.45326 11.45326 11.45326 11.45326 11.45326
11.45326 11.45326 11.45326 11.45326 11.45326
11.45326 11.45326 11.45326 11.45326 11.45326
11.45326 11.45326 11.45326 11.45326 11.45326
11.52001 11.52001 11.52001 11.52001 11.52001
11.52001 11.52001 11.52001 11.52001 11.52001
11.52001 11.52001 11.52001 11.52001 11.52001
11.52001 11.52001 11.52001 11.52001 11.52001
11.52001 11.52001 11.52001 11.52001 11.52001
11.52001 11.52001 11.52001 11.52001 11.52001
11.52001 11.52001 11.52001 11.52001 11.52001
11.52001 11.52001 11.52001 11.52001 11.52001
11.52001 11.52001 11.52001 11.52001 11.52001
11.52001 11.52001 11.52001 11.52001 11.52001
11.52001 11.52001 11.52001 11.52001 11.52001
11.52001 11.52001 11.52001 11.52001 11.52001
11.52001 11.52001 11.52001 11.52001 11.52001
11.52001 11.52001 11.52001 11.52001 11.52001
11.52001 11.52001 11.52001 11.52001 11.52001
11.52001 11.52001 11.52001 11.52001 11.52001
11.52001 11.52001 11.52001 11.52001 11.52001
11.52001 11.52001 11.52001 11.52001 11.52001
11.52001 11.52001 11.52001 11.52001 11.52001
11.52001 11.52001 11.52001 11.52001 11.52001
11.58676 11.58676 11.58676 11.58676 11.58676
11.58676 11.58676 11.58676 11.58676 11.58676
11.58676 11.58676 11.58676 11.58676 11.58676
11.58676 11.58676 11.58676 11.58676 11.58676
11.58676 11.58676 11.58676 11.58676 11.58676
11.58676 11.58676 11.58676 11.58676 11.58676
11.58676 11.58676 11.58676 11.58676 11.58676
11.58676 11.58676 11.58676 11.58676 11.58676
11.58676 11.58676 11.58676 11.58676 11.58676
11.58676 11.58676 11.58676 11.58676 11.58676
11.58676 11.58676 11.58676 11.58676 11.58676
11.58676 11.58676 11.58676 11.58676 11.58676
11.58676 11.58676 11.58676 11.58676 11.58676
11.58676 11.58676 11.58676 11.58676 11.58676
11.58676 11.58676 11.58676 11.58676 11.58676
11.58676 11.58676 11.58676 11.58676 11.58676
11.58676 11.58676 11.58676 11.58676 11.58676
11.58676 11.58676 11.58676 11.58676 11.58676
11.58676 11.58676 11.58676 11.58676 11.58676
11.58676 11.58676 11.58676 11.58676 11.58676
11.6535 11.6535 11.6535 11.6535 11.6535
11.6535 11.6535 11.6535 11.6535 11.6535
11.6535 11.6535 11.6535 11.6535 11.6535
11.6535 11.6535 11.6535 11.6535 11.6535
11.6535 11.6535 11.6535 11.6535 11.6535
11.6535 11.6535 11.6535 11.6535 11.6535
11.6535 11.6535 11.6535 11.6535 11.6535
11.6535 11.6535 11.6535 11.6535 11.6535
11.6535 11.6535 11.6535 11.6535 11.6535
11.6535 11.6535 11.6535 11.6535 11.6535
11.6535 11.6535 11.6535 11.6535 11.6535
11.6535 11.6535 11.6535 11.6535 11.6535
11.6535 11.6535 11.6535 11.6535 11.6535
11.6535 11.6535 11.6535 11.6535 11.6535
11.6535 11.6535 11.6535 11.6535 11.6535
11.6535 11.6535 11.6535 11.6535 11.6535
11.6535 11.6535 11.6535 11.6535 11.6535
11.6535 11.6535 11.6535 11.6535 11.6535
11.6535 11.6535 11.6535 11.6535 11.6535
11.6535 11.6535 11.6535 11.6535 11.6535
11.72025 11.72025 11.72025 11.72025 11.72025
11.72025 11.72025 11.72025 11.72025 11.72025
11.72025 11.72025 11.72025 11.72025 11.72025
11.72025 11.72025 11.72025 11.72025 11.72025
11.72025 11.72025 11.72025 11.72025 11.72025
11.72025 11.72025 11.72025 11.72025 11.72025
11.72025 11.72025 11.72025 11.72025 11.72025
11.72025 11.72025 11.72025 11.72025 11.72025
11.72025 11.72025 11.72025 11.72025 11.72025
11.72025 11.72025 11.72025 11.72025 11.72025
11.72025 11.72025 11.72025 11.72025 11.72025
11.72025 11.72025 11.72025 11.72025 11.72025
11.72025 11.72025 11.72025 11.72025 11.72025
11.72025 11.72025 11.72025 11.72025 11.72025
11.72025 11.72025 11.72025 11.72025 11.72025
11.72025 11.72025 11.72025 11.72025 11.72025
11.72025 11.72025 11.72025 11.72025 11.72025
11.72025 11.72025 11.72025 11.72025 11.72025
11.72025 11.72025 11.72025 11.72025 11.72025
11.72025 11.72025 11.72025 11.72025 11.72025
11.787 11.787 11.787 11.787 11.787
11.787 11.787 11.787 11.787 11.787
11.787 11.787 11.787 11.787 11.787
11.787 11.787 11.787 11.787 11.787
11.787 11.787 11.787 11.787 11.787
11.787 11.787 11.787 11.787 11.787
11.787 11.787 11.787 11.787 11.787
11.787 11.787 11.787 11.787 11.787
11.787 11.787 11.787 11.787 11.787
11.787 11.787 11.787 11.787 11.787
11.787 11.787 11.787 11.787 11.787
11.787 11.787 11.787 11.787 11.787
11.787 11.787 11.787 11.787 11.787
11.787 11.787 11.787 11.787 11.787
11.787 11.787 11.787 11.787 11.787
11.787 11.787 11.787 11.787 11.787
11.787 11.787 11.787 11.787 11.787
11.787 11.787 11.787 11.787 11.787
11.787 11.787 11.787 11.787 11.787
11.787 11.787 11.787 11.787 11.787
11.85374 11.85374 11.85374 11.85374 11.85374
11.85374 11.85374 11.85374 11.85374 11.85374
11.85374 11.85374 11.85374 11.85374 11.85374
11.85374 11.85374 11.85374 11.85374 11.85374
11.85374 11.85374 11.85374 11.85374 11.85374
11.85374 11.85374 11.85374 11.85374 11.85374
11.85374 11.85374 11.85374 11.85374 11.85374
11.85374 11.85374 11.85374 11.85374 11.85374
11.85374 11.85374 11.85374 11.85374 11.85374
11.85374 11.85374 11.85374 11.85374 11.85374
11.85374 11.85374 11.85374 11.85374 11.85374
11.85374 11.85374 11.85374 11.85374 11.85374
11.85374 11.85374 11.85374 11.85374 11.85374
11.85374 11.85374 11.85374 11.85374 11.85374
11.85374 11.85374 11.85374 11.85374 11.85374
11.85374 11.85374 11.85374 11.85374 11.85374
11.85374 11.85374 11.85374 11.85374 11.85374
11.85374 11.85374 11.85374 11.85374 11.85374
11.85374 11.85374 11.85374 11.85374 11.85374
11.85374 11.85374 11.85374 11.85374 11.85374
11.92049 11.92049 11.92049 11.92049 11.92049
11.92049 11.92049 11.92049 11.92049 11.92049
11.92049 11.92049 11.92049 11.92049 11.92049
11.92049 11.92049 11.92049 11.92049 11.92049
11.92049 11.92049 11.92049 11.92049 11.92049
11.92049 11.92049 11.92049 11.92049 11.92049
11.92049 11.92049 11.92049 11.92049 11.92049
11.92049 11.92049 11.92049 11.92049 11.92049
11.92049 11.92049 11.92049 11.92049 11.92049
11.92049 11.92049 11.92049 11.92049 11.92049
11.92049 11.92049 11.92049 11.92049 11.92049
11.92049 11.92049 11.92049 11.92049 11.92049
11.92049 11.92049 11.92049 11.92049 11.92049
11.92049 11.92049 11.92049 11.92049 11.92049
11.92049 11.92049 11.92049 11.92049 11.92049
11.92049 11.92049 11.92049 11.92049 11.92049
11.92049 11.92049 11.92049 11.92049 11.92049
11.92049 11.92049 11.92049 11.92049 11.92049
11.92049 11.92049 11.92049 11.92049 11.92049
11.92049 11.92049 11.92049 11.92049 11.92049
11.98724 11.98724 11.98724 11.98724 11.98724
11.98724 11.98724 11.98724 11.98724 11.98724
11.98724 11.98724 11.98724 11.98724 11.98724
11.98724 11.98724 11.98724 11.98724 11.98724
11.98724 11.98724 11.98724 11.98724 11.98724
11.98724 11.98724 11.98724 11.98724 11.98724
11.98724 11.98724 11.98724 11.98724 11.98724
11.98724 11.98724 11.98724 11.98724 11.98724
11.98724 11.98724 11.98724 11.98724 11.98724
11.98724 11.98724 11.98724 11.98724 11.98724
11.98724 11.98724 11.98724 11.98724 11.98724
11.98724 11.98724 11.98724 11.98724 11.98724
11.98724 11.98724 11.98724 11.98724 11.98724
11.98724 11.98724 11.98724 11.98724 11.98724
11.98724 11.98724 11.98724 11.98724 11.98724
11.98724 11.98724 11.98724 11.98724 11.98724
11.98724 11.98724 11.98724 11.98724 11.98724
11.98724 11.98724 11.98724 11.98724 11.98724
11.98724 11.98724 11.98724 11.98724 11.98724
11.98724 11.98724 11.98724 11.98724 11.98724
12.05399 12.05399 12.05399 12.05399 12.05399
12.05399 12.05399 12.05399 12.05399 12.05399
12.05399 12.05399 12.05399 12.05399 12.05399
12.05399 12.05399 12.05399 12.05399 12.05399
12.05399 12.05399 12.05399 12.05399 12.05399
12.05399 12.05399 12.05399 12.05399 12.05399
12.05399 12.05399 12.05399 12.05399 12.05399
12.05399 12.05399 12.05399 12.05399 12.05399
12.05399 12.05399 12.05399 12.05399 12.05399
12.05399 12.05399 12.05399 12.05399 12.05399
12.05399 12.05399 12.05399 12.05399 12.05399
12.05399 12.05399 12.05399 12.05399 12.05399
12.05399 12.05399 12.05399 12.05399 12.05399
12.05399 12.05399 12.05399 12.05399 12.05399
12.05399 12.05399 12.05399 12.05399 12.05399
12.05399 12.05399 12.05399 12.05399 12.05399
12.05399 12.05399 12.05399 12.05399 12.05399
12.05399 12.05399 12.05399 12.05399 12.05399
12.05399 12.05399 12.05399 12.05399 12.05399
12.05399 12.05399 12.05399 12.05399 12.05399
12.12073 12.12073 12.12073 12.12073 12.12073
12.12073 12.12073 12.12073 12.12073 12.12073
12.12073 12.12073 12.12073 12.12073 12.12073
12.12073 12.12073 12.12073 12.12073 12.12073
12.12073 12.12073 12.12073 12.12073 12.12073
12.12073 12.12073 12.12073 12.12073 12.12073
12.12073 12.12073 12.12073 12.12073 12.12073
12.12073 12.12073 12.12073 12.12073 12.12073
12.12073 12.12073 12.12073 12.12073 12.12073
12.12073 12.12073 12.12073 12.12073 12.12073
12.12073 12.12073 12.12073 12.12073 12.12073
12.12073 12.12073 12.12073 12.12073 12.12073
12.12073 12.12073 12.12073 12.12073 12.12073
12.12073 12.12073 12.12073 12.12073 12.12073
12.12073 12.12073 12.12073 12.12073 12.12073
12.12073 12.12073 12.12073 12.12073 12.12073
12.12073 12.12073 12.12073 12.12073 12.12073
12.12073 12.12073 12.12073 12.12073 12.12073
12.12073 12.12073 12.12073 12.12073 12.12073
12.12073 12.12073 12.12073 12.12073 12.12073
