24.11497 24.11497 24.11497 24.11497 24.11497
24.11497 24.11497 24.11497 24.11497 24.11497
24.11497 24.11497 24.11497 24.11497 24.11497
24.11497 24.11497 24.11497 24.11497 24.11497
24.11497 24.11497 24.11497 24.11497 24.11497
24.11497 24.11497 24.11497 24.11497 24.11497
24.11497 24.11497 24.11497 24.11497 24.11497
24.11497 24.11497 24.11497 24.11497 24.11497
24.11497 24.11497 24.11497 24.11497 24.11497
24.11497 24.11497 24.11497 24.11497 24.11497
24.11497 24.11497 24.11497 24.11497 24.11497
24.11497 24.11497 24.11497 24.11497 24.11497
24.11497 24.11497 24.11497 24.11497 24.11497
24.11497 24.11497 24.11497 24.11497 24.11497
24.11497 24.11497 24.11497 24.11497 24.11497
24.11497 24.11497 24.11497 24.11497 24.11497
24.11497 24.11497 24.11497 24.11497 24.11497
24.11497 24.11497 24.11497 24.11497 24.11497
24.11497 24.11497 24.11497 24.11497 24.11497
24.11497 24.11497 24.11497 24.11497 24.11497
24.06816 24.06816 24.06816 24.06816 24.06816
24.06816 24.06816 24.06816 24.06816 24.06816
24.06816 24.06816 24.06816 24.06816 24.06816
24.06816 24.06816 24.06816 24.06816 24.06816
24.06816 24.06816 24.06816 24.06816 24.06816
24.06816 24.06816 24.06816 24.06816 24.06816
24.06816 24.06816 24.06816 24.06816 24.06816
24.06816 24.06816 24.06816 24.06816 24.06816
24.06816 24.06816 24.06816 24.06816 24.06816
24.06816 24.06816 24.06816 24.06816 24.06816
24.06816 24.06816 24.06816 24.06816 24.06816
24.06816 24.06816 24.06816 24.06816 24.06816
24.06816 24.06816 24.06816 24.06816 24.06816
24.06816 24.06816 24.06816 24.06816 24.06816
24.06816 24.06816 24.06816 24.06816 24.06816
24.06816 24.06816 24.06816 24.06816 24.06816
24.06816 24.06816 24.06816 24.06816 24.06816
24.06816 24.06816 24.06816 24.06816 24.06816
24.06816 24.06816 24.06816 24.06816 24.06816
24.06816 24.06816 24.06816 24.06816 24.06816
24.02135 24.02135 24.02135 24.02135 24.02135
24.02135 24.02135 24.02135 24.02135 24.02135
24.02135 24.02135 24.02135 24.02135 24.02135
24.02135 24.02135 24.02135 24.02135 24.02135
24.02135 24.02135 24.02135 24.02135 24.02135
24.02135 24.02135 24.02135 24.02135 24.02135
24.02135 24.02135 24.02135 24.02135 24.02135
24.02135 24.02135 24.02135 24.02135 24.02135
24.02135 24.02135 24.02135 24.02135 24.02135
24.02135 24.02135 24.02135 24.02135 24.02135
24.02135 24.02135 24.02135 24.02135 24.02135
24.02135 24.02135 24.02135 24.02135 24.02135
24.02135 24.02135 24.02135 24.02135 24.02135
24.02135 24.02135 24.02135 24.02135 24.02135
24.02135 24.02135 24.02135 24.02135 24.02135
24.02135 24.02135 24.02135 24.02135 24.02135
24.02135 24.02135 24.02135 24.02135 24.02135
24.02135 24.02135 24.02135 24.02135 24.02135
24.02135 24.02135 24.02135 24.02135 24.02135
24.02135 24.02135 24.02135 24.02135 24.02135
23.97453 23.97453 23.97453 23.97453 23.97453
23.97453 23.97453 23.97453 23.97453 23.97453
23.97453 23.97453 23.97453 23.97453 23.97453
23.97453 23.97453 23.97453 23.97453 23.97453
23.97453 23.97453 23.97453 23.97453 23.97453
23.97453 23.97453 23.97453 23.97453 23.97453
23.97453 23.97453 23.97453 23.97453 23.97453
23.97453 23.97453 23.97453 23.97453 23.97453
23.97453 23.97453 23.97453 23.97453 23.97453
23.97453 23.97453 23.97453 23.97453 23.97453
23.97453 23.97453 23.97453 23.97453 23.97453
23.97453 23.97453 23.97453 23.97453 23.97453
23.97453 23.97453 23.97453 23.97453 23.97453
23.97453 23.97453 23.97453 23.97453 23.97453
23.97453 23.97453 23.97453 23.97453 23.97453
23.97453 23.97453 23.97453 23.97453 23.97453
23.97453 23.97453 23.97453 23.97453 23.97453
23.97453 23.97453 23.97453 23.97453 23.97453
23.97453 23.97453 23.97453 23.97453 23.97453
23.97453 23.97453 23.97453 23.97453 23.97453
23.92772 23.92772 23.92772 23.92772 23.92772
23.92772 23.92772 23.92772 23.92772 23.92772
23.92772 23.92772 23.92772 23.92772 23.92772
23.92772 23.92772 23.92772 23.92772 23.92772
23.92772 23.92772 23.92772 23.92772 23.92772
23.92772 23.92772 23.92772 23.92772 23.92772
23.92772 23.92772 23.92772 23.92772 23.92772
23.92772 23.92772 23.92772 23.92772 23.92772
23.92772 23.92772 23.92772 23.92772 23.92772
23.92772 23.92772 23.92772 23.92772 23.92772
23.92772 23.92772 23.92772 23.92772 23.92772
23.92772 23.92772 23.92772 23.92772 23.92772
23.92772 23.92772 23.92772 23.92772 23.92772
23.92772 23.92772 23.92772 23.92772 23.92772
23.92772 23.92772 23.92772 23.92772 23.92772
23.92772 23.92772 23.92772 23.92772 23.92772
23.92772 23.92772 23.92772 23.92772 23.92772
23.92772 23.92772 23.92772 23.92772 23.92772
23.92772 23.92772 23.92772 23.92772 23.92772
23.92772 23.92772 23.92772 23.92772 23.92772
23.88091 23.88091 23.88091 23.88091 23.88091
23.88091 23.88091 23.88091 23.88091 23.88091
23.88091 23.88091 23.88091 23.88091 23.88091
23.88091 23.88091 23.88091 23.88091 23.88091
23.88091 23.88091 23.88091 23.88091 23.88091
23.88091 23.88091 23.88091 23.88091 23.88091
23.88091 23.88091 23.88091 23.88091 23.88091
23.88091 23.88091 23.88091 23.88091 23.88091
23.88091 23.88091 23.88091 23.88091 23.88091
23.88091 23.88091 23.88091 23.88091 23.88091
23.88091 23.88091 23.88091 23.88091 23.88091
23.88091 23.88091 23.88091 23.88091 23.88091
23.88091 23.88091 23.88091 23.88091 23.88091
23.88091 23.88091 23.88091 23.88091 23.88091
23.88091 23.88091 23.88091 23.88091 23.88091
23.88091 23.88091 23.88091 23.88091 23.88091
23.88091 23.88091 23.88091 23.88091 23.88091
23.88091 23.88091 23.88091 23.88091 23.88091
23.88091 23.88091 23.88091 23.88091 23.88091
23.88091 23.88091 23.88091 23.88091 23.88091
23.8341 23.8341 23.8341 23.8341 23.8341
23.8341 23.8341 23.8341 23.8341 23.8341
23.8341 23.8341 23.8341 23.8341 23.8341
23.8341 23.8341 23.8341 23.8341 23.8341
23.8341 23.8341 23.8341 23.8341 23.8341
23.8341 23.8341 23.8341 23.8341 23.8341
23.8341 23.8341 23.8341 23.8341 23.8341
23.8341 23.8341 23.8341 23.8341 23.8341
23.8341 23.8341 23.8341 23.8341 23.8341
23.8341 23.8341 23.8341 23.8341 23.8341
23.8341 23.8341 23.8341 23.8341 23.8341
23.8341 23.8341 23.8341 23.8341 23.8341
23.8341 23.8341 23.8341 23.8341 23.8341
23.8341 23.8341 23.8341 23.8341 23.8341
23.8341 23.8341 23.8341 23.8341 23.8341
23.8341 23.8341 23.8341 23.8341 23.8341
23.8341 23.8341 23.8341 23.8341 23.8341
23.8341 23.8341 23.8341 23.8341 23.8341
23.8341 23.8341 23.8341 23.8341 23.8341
23.8341 23.8341 23.8341 23.8341 23.8341
23.78729 23.78729 23.78729 23.78729 23.78729
23.78729 23.78729 23.78729 23.78729 23.78729
23.78729 23.78729 23.78729 23.78729 23.78729
23.78729 23.78729 23.78729 23.78729 23.78729
23.78729 23.78729 23.78729 23.78729 23.78729
23.78729 23.78729 23.78729 23.78729 23.78729
23.78729 23.78729 23.78729 23.78729 23.78729
23.78729 23.78729 23.78729 23.78729 23.78729
23.78729 23.78729 23.78729 23.78729 23.78729
23.78729 23.78729 23.78729 23.78729 23.78729
23.78729 23.78729 23.78729 23.78729 23.78729
23.78729 23.78729 23.78729 23.78729 23.78729
23.78729 23.78729 23.78729 23.78729 23.78729
23.78729 23.78729 23.78729 23.78729 23.78729
23.78729 23.78729 23.78729 23.78729 23.78729
23.78729 23.78729 23.78729 23.78729 23.78729
23.78729 23.78729 23.78729 23.78729 23.78729
23.78729 23.78729 23.78729 23.78729 23.78729
23.78729 23.78729 23.78729 23.78729 23.78729
23.78729 23.78729 23.78729 23.78729 23.78729
23.74048 23.74048 23.74048 23.74048 23.74048
23.74048 23.74048 23.74048 23.74048 23.74048
23.74048 23.74048 23.74048 23.74048 23.74048
23.74048 23.74048 23.74048 23.74048 23.74048
23.74048 23.74048 23.74048 23.74048 23.74048
23.74048 23.74048 23.74048 23.74048 23.74048
23.74048 23.74048 23.74048 23.74048 23.74048
23.74048 23.74048 23.74048 23.74048 23.74048
23.74048 23.74048 23.74048 23.74048 23.74048
23.74048 23.74048 23.74048 23.74048 23.74048
23.74048 23.74048 23.74048 23.74048 23.74048
23.74048 23.74048 23.74048 23.74048 23.74048
23.74048 23.74048 23.74048 23.74048 23.74048
23.74048 23.74048 23.74048 23.74048 23.74048
23.74048 23.74048 23.74048 23.74048 23.74048
23.74048 23.74048 23.74048 23.74048 23.74048
23.74048 23.74048 23.74048 23.74048 23.74048
23.74048 23.74048 23.74048 23.74048 23.74048
23.74048 23.74048 23.74048 23.74048 23.74048
23.74048 23.74048 23.74048 23.74048 23.74048
23.69367 23.69367 23.69367 23.69367 23.69367
23.69367 23.69367 23.69367 23.69367 23.69367
23.69367 23.69367 23.69367 23.69367 23.69367
23.69367 23.69367 23.69367 23.69367 23.69367
23.69367 23.69367 23.69367 23.69367 23.69367
23.69367 23.69367 23.69367 23.69367 23.69367
23.69367 23.69367 23.69367 23.69367 23.69367
23.69367 23.69367 23.69367 23.69367 23.69367
23.69367 23.69367 23.69367 23.69367 23.69367
23.69367 23.69367 23.69367 23.69367 23.69367
23.69367 23.69367 23.69367 23.69367 23.69367
23.69367 23.69367 23.69367 23.69367 23.69367
23.69367 23.69367 23.69367 23.69367 23.69367
23.69367 23.69367 23.69367 23.69367 23.69367
23.69367 23.69367 23.69367 23.69367 23.69367
23.69367 23.69367 23.69367 23.69367 23.69367
23.69367 23.69367 23.69367 23.69367 23.69367
23.69367 23.69367 23.69367 23.69367 23.69367
23.69367 23.69367 23.69367 23.69367 23.69367
23.69367 23.69367 23.69367 23.69367 23.69367
23.64685 23.64685 23.64685 23.64685 23.64685
23.64685 23.64685 23.64685 23.64685 23.64685
23.64685 23.64685 23.64685 23.64685 23.64685
23.64685 23.64685 23.64685 23.64685 23.64685
23.64685 23.64685 23.64685 23.64685 23.64685
23.64685 23.64685 23.64685 23.64685 23.64685
23.64685 23.64685 23.64685 23.64685 23.64685
23.64685 23.64685 23.64685 23.64685 23.64685
23.64685 23.64685 23.64685 23.64685 23.64685
23.64685 23.64685 23.64685 23.64685 23.64685
23.64685 23.64685 23.64685 23.64685 23.64685
23.64685 23.64685 23.64685 23.64685 23.64685
23.64685 23.64685 23.64685 23.64685 23.64685
23.64685 23.64685 23.64685 23.64685 23.64685
23.64685 23.64685 23.64685 23.64685 23.64685
23.64685 23.64685 23.64685 23.64685 23.64685
23.64685 23.64685 23.64685 23.64685 23.64685
23.64685 23.64685 23.64685 23.64685 23.64685
23.64685 23.64685 23.64685 23.64685 23.64685
23.64685 23.64685 23.64685 23.64685 23.64685
23.60004 23.60004 23.60004 23.60004 23.60004
23.60004 23.60004 23.60004 23.60004 23.60004
23.60004 23.60004 23.60004 23.60004 23.60004
23.60004 23.60004 23.60004 23.60004 23.60004
23.60004 23.60004 23.60004 23.60004 23.60004
23.60004 23.60004 23.60004 23.60004 23.60004
23.60004 23.60004 23.60004 23.60004 23.60004
23.60004 23.60004 23.60004 23.60004 23.60004
23.60004 23.60004 23.60004 23.60004 23.60004
23.60004 23.60004 23.60004 23.60004 23.60004
23.60004 23.60004 23.60004 23.60004 23.60004
23.60004 23.60004 23.60004 23.60004 23.60004
23.60004 23.60004 23.60004 23.60004 23.60004
23.60004 23.60004 23.60004 23.60004 23.60004
23.60004 23.60004 23.60004 23.60004 23.60004
23.60004 23.60004 23.60004 23.60004 23.60004
23.60004 23.60004 23.60004 23.60004 23.60004
23.60004 23.60004 23.60004 23.60004 23.60004
23.60004 23.60004 23.60004 23.60004 23.60004
23.60004 23.60004 23.60004 23.60004 23.60004
23.55323 23.55323 23.55323 23.55323 23.55323
23.55323 23.55323 23.55323 23.55323 23.55323
23.55323 23.55323 23.55323 23.55323 23.55323
23.55323 23.55323 23.55323 23.55323 23.55323
23.55323 23.55323 23.55323 23.55323 23.55323
23.55323 23.55323 23.55323 23.55323 23.55323
23.55323 23.55323 23.55323 23.55323 23.55323
23.55323 23.55323 23.55323 23.55323 23.55323
23.55323 23.55323 23.55323 23.55323 23.55323
23.55323 23.55323 23.55323 23.55323 23.55323
23.55323 23.55323 23.55323 23.55323 23.55323
23.55323 23.55323 23.55323 23.55323 23.55323
23.55323 23.55323 23.55323 23.55323 23.55323
23.55323 23.55323 23.55323 23.55323 23.55323
23.55323 23.55323 23.55323 23.55323 23.55323
23.55323 23.55323 23.55323 23.55323 23.55323
23.55323 23.55323 23.55323 23.55323 23.55323
23.55323 23.55323 23.55323 23.55323 23.55323
23.55323 23.55323 23.55323 23.55323 23.55323
23.55323 23.55323 23.55323 23.55323 23.55323
23.52188 23.52188 23.52188 23.52188 23.52188
23.52188 23.52188 23.52188 23.52188 23.52188
23.52188 23.52188 23.52188 23.52188 23.52188
23.52188 23.52188 23.52188 23.52188 23.52188
23.52188 23.52188 23.52188 23.52188 23.52188
23.52188 23.52188 23.52188 23.52188 23.52188
23.52188 23.52188 23.52188 23.52188 23.52188
23.52188 23.52188 23.52188 23.52188 23.52188
23.52188 23.52188 23.52188 23.52188 23.52188
23.52188 23.52188 23.52188 23.52188 23.52188
23.52188 23.52188 23.52188 23.52188 23.52188
23.52188 23.52188 23.52188 23.52188 23.52188
23.52188 23.52188 23.52188 23.52188 23.52188
23.52188 23.52188 23.52188 23.52188 23.52188
23.52188 23.52188 23.52188 23.52188 23.52188
23.52188 23.52188 23.52188 23.52188 23.52188
23.52188 23.52188 23.52188 23.52188 23.52188
23.52188 23.52188 23.52188 23.52188 23.52188
23.52188 23.52188 23.52188 23.52188 23.52188
23.52188 23.52188 23.52188 23.52188 23.52188
23.4998 23.4998 23.4998 23.4998 23.4998
23.4998 23.4998 23.4998 23.4998 23.4998
23.4998 23.4998 23.4998 23.4998 23.4998
23.4998 23.4998 23.4998 23.4998 23.4998
23.4998 23.4998 23.4998 23.4998 23.4998
23.4998 23.4998 23.4998 23.4998 23.4998
23.4998 23.4998 23.4998 23.4998 23.4998
23.4998 23.4998 23.4998 23.4998 23.4998
23.4998 23.4998 23.4998 23.4998 23.4998
23.4998 23.4998 23.4998 23.4998 23.4998
23.4998 23.4998 23.4998 23.4998 23.4998
23.4998 23.4998 23.4998 23.4998 23.4998
23.4998 23.4998 23.4998 23.4998 23.4998
23.4998 23.4998 23.4998 23.4998 23.4998
23.4998 23.4998 23.4998 23.4998 23.4998
23.4998 23.4998 23.4998 23.4998 23.4998
23.4998 23.4998 23.4998 23.4998 23.4998
23.4998 23.4998 23.4998 23.4998 23.4998
23.4998 23.4998 23.4998 23.4998 23.4998
23.4998 23.4998 23.4998 23.4998 23.4998
23.47772 23.47772 23.47772 23.47772 23.47772
23.47772 23.47772 23.47772 23.47772 23.47772
23.47772 23.47772 23.47772 23.47772 23.47772
23.47772 23.47772 23.47772 23.47772 23.47772
23.47772 23.47772 23.47772 23.47772 23.47772
23.47772 23.47772 23.47772 23.47772 23.47772
23.47772 23.47772 23.47772 23.47772 23.47772
23.47772 23.47772 23.47772 23.47772 23.47772
23.47772 23.47772 23.47772 23.47772 23.47772
23.47772 23.47772 23.47772 23.47772 23.47772
23.47772 23.47772 23.47772 23.47772 23.47772
23.47772 23.47772 23.47772 23.47772 23.47772
23.47772 23.47772 23.47772 23.47772 23.47772
23.47772 23.47772 23.47772 23.47772 23.47772
23.47772 23.47772 23.47772 23.47772 23.47772
23.47772 23.47772 23.47772 23.47772 23.47772
23.47772 23.47772 23.47772 23.47772 23.47772
23.47772 23.47772 23.47772 23.47772 23.47772
23.47772 23.47772 23.47772 23.47772 23.47772
23.47772 23.47772 23.47772 23.47772 23.47772
23.45564 23.45564 23.45564 23.45564 23.45564
23.45564 23.45564 23.45564 23.45564 23.45564
23.45564 23.45564 23.45564 23.45564 23.45564
23.45564 23.45564 23.45564 23.45564 23.45564
23.45564 23.45564 23.45564 23.45564 23.45564
23.45564 23.45564 23.45564 23.45564 23.45564
23.45564 23.45564 23.45564 23.45564 23.45564
23.45564 23.45564 23.45564 23.45564 23.45564
23.45564 23.45564 23.45564 23.45564 23.45564
23.45564 23.45564 23.45564 23.45564 23.45564
23.45564 23.45564 23.45564 23.45564 23.45564
23.45564 23.45564 23.45564 23.45564 23.45564
23.45564 23.45564 23.45564 23.45564 23.45564
23.45564 23.45564 23.45564 23.45564 23.45564
23.45564 23.45564 23.45564 23.45564 23.45564
23.45564 23.45564 23.45564 23.45564 23.45564
23.45564 23.45564 23.45564 23.45564 23.45564
23.45564 23.45564 23.45564 23.45564 23.45564
23.45564 23.45564 23.45564 23.45564 23.45564
23.45564 23.45564 23.45564 23.45564 23.45564
23.43356 23.43356 23.43356 23.43356 23.43356
23.43356 23.43356 23.43356 23.43356 23.43356
23.43356 23.43356 23.43356 23.43356 23.43356
23.43356 23.43356 23.43356 23.43356 23.43356
23.43356 23.43356 23.43356 23.43356 23.43356
23.43356 23.43356 23.43356 23.43356 23.43356
23.43356 23.43356 23.43356 23.43356 23.43356
23.43356 23.43356 23.43356 23.43356 23.43356
23.43356 23.43356 23.43356 23.43356 23.43356
23.43356 23.43356 23.43356 23.43356 23.43356
23.43356 23.43356 23.43356 23.43356 23.43356
23.43356 23.43356 23.43356 23.43356 23.43356
23.43356 23.43356 23.43356 23.43356 23.43356
23.43356 23.43356 23.43356 23.43356 23.43356
23.43356 23.43356 23.43356 23.43356 23.43356
23.43356 23.43356 23.43356 23.43356 23.43356
23.43356 23.43356 23.43356 23.43356 23.43356
23.43356 23.43356 23.43356 23.43356 23.43356
23.43356 23.43356 23.43356 23.43356 23.43356
23.43356 23.43356 23.43356 23.43356 23.43356
23.41148 23.41148 23.41148 23.41148 23.41148
23.41148 23.41148 23.41148 23.41148 23.41148
23.41148 23.41148 23.41148 23.41148 23.41148
23.41148 23.41148 23.41148 23.41148 23.41148
23.41148 23.41148 23.41148 23.41148 23.41148
23.41148 23.41148 23.41148 23.41148 23.41148
23.41148 23.41148 23.41148 23.41148 23.41148
23.41148 23.41148 23.41148 23.41148 23.41148
23.41148 23.41148 23.41148 23.41148 23.41148
23.41148 23.41148 23.41148 23.41148 23.41148
23.41148 23.41148 23.41148 23.41148 23.41148
23.41148 23.41148 23.41148 23.41148 23.41148
23.41148 23.41148 23.41148 23.41148 23.41148
23.41148 23.41148 23.41148 23.41148 23.41148
23.41148 23.41148 23.41148 23.41148 23.41148
23.41148 23.41148 23.41148 23.41148 23.41148
23.41148 23.41148 23.41148 23.41148 23.41148
23.41148 23.41148 23.41148 23.41148 23.41148
23.41148 23.41148 23.41148 23.41148 23.41148
23.41148 23.41148 23.41148 23.41148 23.41148
23.3894 23.3894 23.3894 23.3894 23.3894
23.3894 23.3894 23.3894 23.3894 23.3894
23.3894 23.3894 23.3894 23.3894 23.3894
23.3894 23.3894 23.3894 23.3894 23.3894
23.3894 23.3894 23.3894 23.3894 23.3894
23.3894 23.3894 23.3894 23.3894 23.3894
23.3894 23.3894 23.3894 23.3894 23.3894
23.3894 23.3894 23.3894 23.3894 23.3894
23.3894 23.3894 23.3894 23.3894 23.3894
23.3894 23.3894 23.3894 23.3894 23.3894
23.3894 23.3894 23.3894 23.3894 23.3894
23.3894 23.3894 23.3894 23.3894 23.3894
23.3894 23.3894 23.3894 23.3894 23.3894
23.3894 23.3894 23.3894 23.3894 23.3894
23.3894 23.3894 23.3894 23.3894 23.3894
23.3894 23.3894 23.3894 23.3894 23.3894
23.3894 23.3894 23.3894 23.3894 23.3894
23.3894 23.3894 23.3894 23.3894 23.3894
23.3894 23.3894 23.3894 23.3894 23.3894
23.3894 23.3894 23.3894 23.3894 23.3894
23.36732 23.36732 23.36732 23.36732 23.36732
23.36732 23.36732 23.36732 23.36732 23.36732
23.36732 23.36732 23.36732 23.36732 23.36732
23.36732 23.36732 23.36732 23.36732 23.36732
23.36732 23.36732 23.36732 23.36732 23.36732
23.36732 23.36732 23.36732 23.36732 23.36732
23.36732 23.36732 23.36732 23.36732 23.36732
23.36732 23.36732 23.36732 23.36732 23.36732
23.36732 23.36732 23.36732 23.36732 23.36732
23.36732 23.36732 23.36732 23.36732 23.36732
23.36732 23.36732 23.36732 23.36732 23.36732
23.36732 23.36732 23.36732 23.36732 23.36732
23.36732 23.36732 23.36732 23.36732 23.36732
23.36732 23.36732 23.36732 23.36732 23.36732
23.36732 23.36732 23.36732 23.36732 23.36732
23.36732 23.36732 23.36732 23.36732 23.36732
23.36732 23.36732 23.36732 23.36732 23.36732
23.36732 23.36732 23.36732 23.36732 23.36732
23.36732 23.36732 23.36732 23.36732 23.36732
23.36732 23.36732 23.36732 23.36732 23.36732
23.34524 23.34524 23.34524 23.34524 23.34524
23.34524 23.34524 23.34524 23.34524 23.34524
23.34524 23.34524 23.34524 23.34524 23.34524
23.34524 23.34524 23.34524 23.34524 23.34524
23.34524 23.34524 23.34524 23.34524 23.34524
23.34524 23.34524 23.34524 23.34524 23.34524
23.34524 23.34524 23.34524 23.34524 23.34524
23.34524 23.34524 23.34524 23.34524 23.34524
23.34524 23.34524 23.34524 23.34524 23.34524
23.34524 23.34524 23.34524 23.34524 23.34524
23.34524 23.34524 23.34524 23.34524 23.34524
23.34524 23.34524 23.34524 23.34524 23.34524
23.34524 23.34524 23.34524 23.34524 23.34524
23.34524 23.34524 23.34524 23.34524 23.34524
23.34524 23.34524 23.34524 23.34524 23.34524
23.34524 23.34524 23.34524 23.34524 23.34524
23.34524 23.34524 23.34524 23.34524 23.34524
23.34524 23.34524 23.34524 23.34524 23.34524
23.34524 23.34524 23.34524 23.34524 23.34524
23.34524 23.34524 23.34524 23.34524 23.34524
23.32316 23.32316 23.32316 23.32316 23.32316
23.32316 23.32316 23.32316 23.32316 23.32316
23.32316 23.32316 23.32316 23.32316 23.32316
23.32316 23.32316 23.32316 23.32316 23.32316
23.32316 23.32316 23.32316 23.32316 23.32316
23.32316 23.32316 23.32316 23.32316 23.32316
23.32316 23.32316 23.32316 23.32316 23.32316
23.32316 23.32316 23.32316 23.32316 23.32316
23.32316 23.32316 23.32316 23.32316 23.32316
23.32316 23.32316 23.32316 23.32316 23.32316
23.32316 23.32316 23.32316 23.32316 23.32316
23.32316 23.32316 23.32316 23.32316 23.32316
23.32316 23.32316 23.32316 23.32316 23.32316
23.32316 23.32316 23.32316 23.32316 23.32316
23.32316 23.32316 23.32316 23.32316 23.32316
23.32316 23.32316 23.32316 23.32316 23.32316
23.32316 23.32316 23.32316 23.32316 23.32316
23.32316 23.32316 23.32316 23.32316 23.32316
23.32316 23.32316 23.32316 23.32316 23.32316
23.32316 23.32316 23.32316 23.32316 23.32316
23.30109 23.30109 23.30109 23.30109 23.30109
23.30109 23.30109 23.30109 23.30109 23.30109
23.30109 23.30109 23.30109 23.30109 23.30109
23.30109 23.30109 23.30109 23.30109 23.30109
23.30109 23.30109 23.30109 23.30109 23.30109
23.30109 23.30109 23.30109 23.30109 23.30109
23.30109 23.30109 23.30109 23.30109 23.30109
23.30109 23.30109 23.30109 23.30109 23.30109
23.30109 23.30109 23.30109 23.30109 23.30109
23.30109 23.30109 23.30109 23.30109 23.30109
23.30109 23.30109 23.30109 23.30109 23.30109
23.30109 23.30109 23.30109 23.30109 23.30109
23.30109 23.30109 23.30109 23.30109 23.30109
23.30109 23.30109 23.30109 23.30109 23.30109
23.30109 23.30109 23.30109 23.30109 23.30109
23.30109 23.30109 23.30109 23.30109 23.30109
23.30109 23.30109 23.30109 23.30109 23.30109
23.30109 23.30109 23.30109 23.30109 23.30109
23.30109 23.30109 23.30109 23.30109 23.30109
23.30109 23.30109 23.30109 23.30109 23.30109
23.27901 23.27901 23.27901 23.27901 23.27901
23.27901 23.27901 23.27901 23.27901 23.27901
23.27901 23.27901 23.27901 23.27901 23.27901
23.27901 23.27901 23.27901 23.27901 23.27901
23.27901 23.27901 23.27901 23.27901 23.27901
23.27901 23.27901 23.27901 23.27901 23.27901
23.27901 23.27901 23.27901 23.27901 23.27901
23.27901 23.27901 23.27901 23.27901 23.27901
23.27901 23.27901 23.27901 23.27901 23.27901
23.27901 23.27901 23.27901 23.27901 23.27901
23.27901 23.27901 23.27901 23.27901 23.27901
23.27901 23.27901 23.27901 23.27901 23.27901
23.27901 23.27901 23.27901 23.27901 23.27901
23.27901 23.27901 23.27901 23.27901 23.27901
23.27901 23.27901 23.27901 23.27901 23.27901
23.27901 23.27901 23.27901 23.27901 23.27901
23.27901 23.27901 23.27901 23.27901 23.27901
23.27901 23.27901 23.27901 23.27901 23.27901
23.27901 23.27901 23.27901 23.27901 23.27901
23.27901 23.27901 23.27901 23.27901 23.27901
23.25693 23.25693 23.25693 23.25693 23.25693
23.25693 23.25693 23.25693 23.25693 23.25693
23.25693 23.25693 23.25693 23.25693 23.25693
23.25693 23.25693 23.25693 23.25693 23.25693
23.25693 23.25693 23.25693 23.25693 23.25693
23.25693 23.25693 23.25693 23.25693 23.25693
23.25693 23.25693 23.25693 23.25693 23.25693
23.25693 23.25693 23.25693 23.25693 23.25693
23.25693 23.25693 23.25693 23.25693 23.25693
23.25693 23.25693 23.25693 23.25693 23.25693
23.25693 23.25693 23.25693 23.25693 23.25693
23.25693 23.25693 23.25693 23.25693 23.25693
23.25693 23.25693 23.25693 23.25693 23.25693
23.25693 23.25693 23.25693 23.25693 23.25693
23.25693 23.25693 23.25693 23.25693 23.25693
23.25693 23.25693 23.25693 23.25693 23.25693
23.25693 23.25693 23.25693 23.25693 23.25693
23.25693 23.25693 23.25693 23.25693 23.25693
23.25693 23.25693 23.25693 23.25693 23.25693
23.25693 23.25693 23.25693 23.25693 23.25693
23.23485 23.23485 23.23485 23.23485 23.23485
23.23485 23.23485 23.23485 23.23485 23.23485
23.23485 23.23485 23.23485 23.23485 23.23485
23.23485 23.23485 23.23485 23.23485 23.23485
23.23485 23.23485 23.23485 23.23485 23.23485
23.23485 23.23485 23.23485 23.23485 23.23485
23.23485 23.23485 23.23485 23.23485 23.23485
23.23485 23.23485 23.23485 23.23485 23.23485
23.23485 23.23485 23.23485 23.23485 23.23485
23.23485 23.23485 23.23485 23.23485 23.23485
23.23485 23.23485 23.23485 23.23485 23.23485
23.23485 23.23485 23.23485 23.23485 23.23485
23.23485 23.23485 23.23485 23.23485 23.23485
23.23485 23.23485 23.23485 23.23485 23.23485
23.23485 23.23485 23.23485 23.23485 23.23485
23.23485 23.23485 23.23485 23.23485 23.23485
23.23485 23.23485 23.23485 23.23485 23.23485
23.23485 23.23485 23.23485 23.23485 23.23485
23.23485 23.23485 23.23485 23.23485 23.23485
23.23485 23.23485 23.23485 23.23485 23.23485
23.21277 23.21277 23.21277 23.21277 23.21277
23.21277 23.21277 23.21277 23.21277 23.21277
23.21277 23.21277 23.21277 23.21277 23.21277
23.21277 23.21277 23.21277 23.21277 23.21277
23.21277 23.21277 23.21277 23.21277 23.21277
23.21277 23.21277 23.21277 23.21277 23.21277
23.21277 23.21277 23.21277 23.21277 23.21277
23.21277 23.21277 23.21277 23.21277 23.21277
23.21277 23.21277 23.21277 23.21277 23.21277
23.21277 23.21277 23.21277 23.21277 23.21277
23.21277 23.21277 23.21277 23.21277 23.21277
23.21277 23.21277 23.21277 23.21277 23.21277
23.21277 23.21277 23.21277 23.21277 23.21277
23.21277 23.21277 23.21277 23.21277 23.21277
23.21277 23.21277 23.21277 23.21277 23.21277
23.21277 23.21277 23.21277 23.21277 23.21277
23.21277 23.21277 23.21277 23.21277 23.21277
23.21277 23.21277 23.21277 23.21277 23.21277
23.21277 23.21277 23.21277 23.21277 23.21277
23.21277 23.21277 23.21277 23.21277 23.21277
23.19069 23.19069 23.19069 23.19069 23.19069
23.19069 23.19069 23.19069 23.19069 23.19069
23.19069 23.19069 23.19069 23.19069 23.19069
23.19069 23.19069 23.19069 23.19069 23.19069
23.19069 23.19069 23.19069 23.19069 23.19069
23.19069 23.19069 23.19069 23.19069 23.19069
23.19069 23.19069 23.19069 23.19069 23.19069
23.19069 23.19069 23.19069 23.19069 23.19069
23.19069 23.19069 23.19069 23.19069 23.19069
23.19069 23.19069 23.19069 23.19069 23.19069
23.19069 23.19069 23.19069 23.19069 23.19069
23.19069 23.19069 23.19069 23.19069 23.19069
23.19069 23.19069 23.19069 23.19069 23.19069
23.19069 23.19069 23.19069 23.19069 23.19069
23.19069 23.19069 23.19069 23.19069 23.19069
23.19069 23.19069 23.19069 23.19069 23.19069
23.19069 23.19069 23.19069 23.19069 23.19069
23.19069 23.19069 23.19069 23.19069 23.19069
23.19069 23.19069 23.19069 23.19069 23.19069
23.19069 23.19069 23.19069 23.19069 23.19069
23.16861 23.16861 23.16861 23.16861 23.16861
23.16861 23.16861 23.16861 23.16861 23.16861
23.16861 23.16861 23.16861 23.16861 23.16861
23.16861 23.16861 23.16861 23.16861 23.16861
23.16861 23.16861 23.16861 23.16861 23.16861
23.16861 23.16861 23.16861 23.16861 23.16861
23.16861 23.16861 23.16861 23.16861 23.16861
23.16861 23.16861 23.16861 23.16861 23.16861
23.16861 23.16861 23.16861 23.16861 23.16861
23.16861 23.16861 23.16861 23.16861 23.16861
23.16861 23.16861 23.16861 23.16861 23.16861
23.16861 23.16861 23.16861 23.16861 23.16861
23.16861 23.16861 23.16861 23.16861 23.16861
23.16861 23.16861 23.16861 23.16861 23.16861
23.16861 23.16861 23.16861 23.16861 23.16861
23.16861 23.16861 23.16861 23.16861 23.16861
23.16861 23.16861 23.16861 23.16861 23.16861
23.16861 23.16861 23.16861 23.16861 23.16861
23.16861 23.16861 23.16861 23.16861 23.16861
23.16861 23.16861 23.16861 23.16861 23.16861
23.14653 23.14653 23.14653 23.14653 23.14653
23.14653 23.14653 23.14653 23.14653 23.14653
23.14653 23.14653 23.14653 23.14653 23.14653
23.14653 23.14653 23.14653 23.14653 23.14653
23.14653 23.14653 23.14653 23.14653 23.14653
23.14653 23.14653 23.14653 23.14653 23.14653
23.14653 23.14653 23.14653 23.14653 23.14653
23.14653 23.14653 23.14653 23.14653 23.14653
23.14653 23.14653 23.14653 23.14653 23.14653
23.14653 23.14653 23.14653 23.14653 23.14653
23.14653 23.14653 23.14653 23.14653 23.14653
23.14653 23.14653 23.14653 23.14653 23.14653
23.14653 23.14653 23.14653 23.14653 23.14653
23.14653 23.14653 23.14653 23.14653 23.14653
23.14653 23.14653 23.14653 23.14653 23.14653
23.14653 23.14653 23.14653 23.14653 23.14653
23.14653 23.14653 23.14653 23.14653 23.14653
23.14653 23.14653 23.14653 23.14653 23.14653
23.14653 23.14653 23.14653 23.14653 23.14653
23.14653 23.14653 23.14653 23.14653 23.14653
23.12445 23.12445 23.12445 23.12445 23.12445
23.12445 23.12445 23.12445 23.12445 23.12445
23.12445 23.12445 23.12445 23.12445 23.12445
23.12445 23.12445 23.12445 23.12445 23.12445
23.12445 23.12445 23.12445 23.12445 23.12445
23.12445 23.12445 23.12445 23.12445 23.12445
23.12445 23.12445 23.12445 23.12445 23.12445
23.12445 23.12445 23.12445 23.12445 23.12445
23.12445 23.12445 23.12445 23.12445 23.12445
23.12445 23.12445 23.12445 23.12445 23.12445
23.12445 23.12445 23.12445 23.12445 23.12445
23.12445 23.12445 23.12445 23.12445 23.12445
23.12445 23.12445 23.12445 23.12445 23.12445
23.12445 23.12445 23.12445 23.12445 23.12445
23.12445 23.12445 23.12445 23.12445 23.12445
23.12445 23.12445 23.12445 23.12445 23.12445
23.12445 23.12445 23.12445 23.12445 23.12445
23.12445 23.12445 23.12445 23.12445 23.12445
23.12445 23.12445 23.12445 23.12445 23.12445
23.12445 23.12445 23.12445 23.12445 23.12445
23.10237 23.10237 23.10237 23.10237 23.10237
23.10237 23.10237 23.10237 23.10237 23.10237
23.10237 23.10237 23.10237 23.10237 23.10237
23.10237 23.10237 23.10237 23.10237 23.10237
23.10237 23.10237 23.10237 23.10237 23.10237
23.10237 23.10237 23.10237 23.10237 23.10237
23.10237 23.10237 23.10237 23.10237 23.10237
23.10237 23.10237 23.10237 23.10237 23.10237
23.10237 23.10237 23.10237 23.10237 23.10237
23.10237 23.10237 23.10237 23.10237 23.10237
23.10237 23.10237 23.10237 23.10237 23.10237
23.10237 23.10237 23.10237 23.10237 23.10237
23.10237 23.10237 23.10237 23.10237 23.10237
23.10237 23.10237 23.10237 23.10237 23.10237
23.10237 23.10237 23.10237 23.10237 23.10237
23.10237 23.10237 23.10237 23.10237 23.10237
23.10237 23.10237 23.10237 23.10237 23.10237
23.10237 23.10237 23.10237 23.10237 23.10237
23.10237 23.10237 23.10237 23.10237 23.10237
23.10237 23.10237 23.10237 23.10237 23.10237
23.08029 23.08029 23.08029 23.08029 23.08029
23.08029 23.08029 23.08029 23.08029 23.08029
23.08029 23.08029 23.08029 23.08029 23.08029
23.08029 23.08029 23.08029 23.08029 23.08029
23.08029 23.08029 23.08029 23.08029 23.08029
23.08029 23.08029 23.08029 23.08029 23.08029
23.08029 23.08029 23.08029 23.08029 23.08029
23.08029 23.08029 23.08029 23.08029 23.08029
23.08029 23.08029 23.08029 23.08029 23.08029
23.08029 23.08029 23.08029 23.08029 23.08029
23.08029 23.08029 23.08029 23.08029 23.08029
23.08029 23.08029 23.08029 23.08029 23.08029
23.08029 23.08029 23.08029 23.08029 23.08029
23.08029 23.08029 23.08029 23.08029 23.08029
23.08029 23.08029 23.08029 23.08029 23.08029
23.08029 23.08029 23.08029 23.08029 23.08029
23.08029 23.08029 23.08029 23.08029 23.08029
23.08029 23.08029 23.08029 23.08029 23.08029
23.08029 23.08029 23.08029 23.08029 23.08029
23.08029 23.08029 23.08029 23.08029 23.08029
23.05822 23.05822 23.05822 23.05822 23.05822
23.05822 23.05822 23.05822 23.05822 23.05822
23.05822 23.05822 23.05822 23.05822 23.05822
23.05822 23.05822 23.05822 23.05822 23.05822
23.05822 23.05822 23.05822 23.05822 23.05822
23.05822 23.05822 23.05822 23.05822 23.05822
23.05822 23.05822 23.05822 23.05822 23.05822
23.05822 23.05822 23.05822 23.05822 23.05822
23.05822 23.05822 23.05822 23.05822 23.05822
23.05822 23.05822 23.05822 23.05822 23.05822
23.05822 23.05822 23.05822 23.05822 23.05822
23.05822 23.05822 23.05822 23.05822 23.05822
23.05822 23.05822 23.05822 23.05822 23.05822
23.05822 23.05822 23.05822 23.05822 23.05822
23.05822 23.05822 23.05822 23.05822 23.05822
23.05822 23.05822 23.05822 23.05822 23.05822
23.05822 23.05822 23.05822 23.05822 23.05822
23.05822 23.05822 23.05822 23.05822 23.05822
23.05822 23.05822 23.05822 23.05822 23.05822
23.05822 23.05822 23.05822 23.05822 23.05822
23.03614 23.03614 23.03614 23.03614 23.03614
23.03614 23.03614 23.03614 23.03614 23.03614
23.03614 23.03614 23.03614 23.03614 23.03614
23.03614 23.03614 23.03614 23.03614 23.03614
23.03614 23.03614 23.03614 23.03614 23.03614
23.03614 23.03614 23.03614 23.03614 23.03614
23.03614 23.03614 23.03614 23.03614 23.03614
23.03614 23.03614 23.03614 23.03614 23.03614
23.03614 23.03614 23.03614 23.03614 23.03614
23.03614 23.03614 23.03614 23.03614 23.03614
23.03614 23.03614 23.03614 23.03614 23.03614
23.03614 23.03614 23.03614 23.03614 23.03614
23.03614 23.03614 23.03614 23.03614 23.03614
23.03614 23.03614 23.03614 23.03614 23.03614
23.03614 23.03614 23.03614 23.03614 23.03614
23.03614 23.03614 23.03614 23.03614 23.03614
23.03614 23.03614 23.03614 23.03614 23.03614
23.03614 23.03614 23.03614 23.03614 23.03614
23.03614 23.03614 23.03614 23.03614 23.03614
23.03614 23.03614 23.03614 23.03614 23.03614
23.01406 23.01406 23.01406 23.01406 23.01406
23.01406 23.01406 23.01406 23.01406 23.01406
23.01406 23.01406 23.01406 23.01406 23.01406
23.01406 23.01406 23.01406 23.01406 23.01406
23.01406 23.01406 23.01406 23.01406 23.01406
23.01406 23.01406 23.01406 23.01406 23.01406
23.01406 23.01406 23.01406 23.01406 23.01406
23.01406 23.01406 23.01406 23.01406 23.01406
23.01406 23.01406 23.01406 23.01406 23.01406
23.01406 23.01406 23.01406 23.01406 23.01406
23.01406 23.01406 23.01406 23.01406 23.01406
23.01406 23.01406 23.01406 23.01406 23.01406
23.01406 23.01406 23.01406 23.01406 23.01406
23.01406 23.01406 23.01406 23.01406 23.01406
23.01406 23.01406 23.01406 23.01406 23.01406
23.01406 23.01406 23.01406 23.01406 23.01406
23.01406 23.01406 23.01406 23.01406 23.01406
23.01406 23.01406 23.01406 23.01406 23.01406
23.01406 23.01406 23.01406 23.01406 23.01406
23.01406 23.01406 23.01406 23.01406 23.01406
22.99198 22.99198 22.99198 22.99198 22.99198
22.99198 22.99198 22.99198 22.99198 22.99198
22.99198 22.99198 22.99198 22.99198 22.99198
22.99198 22.99198 22.99198 22.99198 22.99198
22.99198 22.99198 22.99198 22.99198 22.99198
22.99198 22.99198 22.99198 22.99198 22.99198
22.99198 22.99198 22.99198 22.99198 22.99198
22.99198 22.99198 22.99198 22.99198 22.99198
22.99198 22.99198 22.99198 22.99198 22.99198
22.99198 22.99198 22.99198 22.99198 22.99198
22.99198 22.99198 22.99198 22.99198 22.99198
22.99198 22.99198 22.99198 22.99198 22.99198
22.99198 22.99198 22.99198 22.99198 22.99198
22.99198 22.99198 22.99198 22.99198 22.99198
22.99198 22.99198 22.99198 22.99198 22.99198
22.99198 22.99198 22.99198 22.99198 22.99198
22.99198 22.99198 22.99198 22.99198 22.99198
22.99198 22.99198 22.99198 22.99198 22.99198
22.99198 22.99198 22.99198 22.99198 22.99198
22.99198 22.99198 22.99198 22.99198 22.99198
22.9699 22.9699 22.9699 22.9699 22.9699
22.9699 22.9699 22.9699 22.9699 22.9699
22.9699 22.9699 22.9699 22.9699 22.9699
22.9699 22.9699 22.9699 22.9699 22.9699
22.9699 22.9699 22.9699 22.9699 22.9699
22.9699 22.9699 22.9699 22.9699 22.9699
22.9699 22.9699 22.9699 22.9699 22.9699
22.9699 22.9699 22.9699 22.9699 22.9699
22.9699 22.9699 22.9699 22.9699 22.9699
22.9699 22.9699 22.9699 22.9699 22.9699
22.9699 22.9699 22.9699 22.9699 22.9699
22.9699 22.9699 22.9699 22.9699 22.9699
22.9699 22.9699 22.9699 22.9699 22.9699
22.9699 22.9699 22.9699 22.9699 22.9699
22.9699 22.9699 22.9699 22.9699 22.9699
22.9699 22.9699 22.9699 22.9699 22.9699
22.9699 22.9699 22.9699 22.9699 22.9699
22.9699 22.9699 22.9699 22.9699 22.9699
22.9699 22.9699 22.9699 22.9699 22.9699
22.9699 22.9699 22.9699 22.9699 22.9699
22.94782 22.94782 22.94782 22.94782 22.94782
22.94782 22.94782 22.94782 22.94782 22.94782
22.94782 22.94782 22.94782 22.94782 22.94782
22.94782 22.94782 22.94782 22.94782 22.94782
22.94782 22.94782 22.94782 22.94782 22.94782
22.94782 22.94782 22.94782 22.94782 22.94782
22.94782 22.94782 22.94782 22.94782 22.94782
22.94782 22.94782 22.94782 22.94782 22.94782
22.94782 22.94782 22.94782 22.94782 22.94782
22.94782 22.94782 22.94782 22.94782 22.94782
22.94782 22.94782 22.94782 22.94782 22.94782
22.94782 22.94782 22.94782 22.94782 22.94782
22.94782 22.94782 22.94782 22.94782 22.94782
22.94782 22.94782 22.94782 22.94782 22.94782
22.94782 22.94782 22.94782 22.94782 22.94782
22.94782 22.94782 22.94782 22.94782 22.94782
22.94782 22.94782 22.94782 22.94782 22.94782
22.94782 22.94782 22.94782 22.94782 22.94782
22.94782 22.94782 22.94782 22.94782 22.94782
22.94782 22.94782 22.94782 22.94782 22.94782
22.92574 22.92574 22.92574 22.92574 22.92574
22.92574 22.92574 22.92574 22.92574 22.92574
22.92574 22.92574 22.92574 22.92574 22.92574
22.92574 22.92574 22.92574 22.92574 22.92574
22.92574 22.92574 22.92574 22.92574 22.92574
22.92574 22.92574 22.92574 22.92574 22.92574
22.92574 22.92574 22.92574 22.92574 22.92574
22.92574 22.92574 22.92574 22.92574 22.92574
22.92574 22.92574 22.92574 22.92574 22.92574
22.92574 22.92574 22.92574 22.92574 22.92574
22.92574 22.92574 22.92574 22.92574 22.92574
22.92574 22.92574 22.92574 22.92574 22.92574
22.92574 22.92574 22.92574 22.92574 22.92574
22.92574 22.92574 22.92574 22.92574 22.92574
22.92574 22.92574 22.92574 22.92574 22.92574
22.92574 22.92574 22.92574 22.92574 22.92574
22.92574 22.92574 22.92574 22.92574 22.92574
22.92574 22.92574 22.92574 22.92574 22.92574
22.92574 22.92574 22.92574 22.92574 22.92574
22.92574 22.92574 22.92574 22.92574 22.92574
22.90366 22.90366 22.90366 22.90366 22.90366
22.90366 22.90366 22.90366 22.90366 22.90366
22.90366 22.90366 22.90366 22.90366 22.90366
22.90366 22.90366 22.90366 22.90366 22.90366
22.90366 22.90366 22.90366 22.90366 22.90366
22.90366 22.90366 22.90366 22.90366 22.90366
22.90366 22.90366 22.90366 22.90366 22.90366
22.90366 22.90366 22.90366 22.90366 22.90366
22.90366 22.90366 22.90366 22.90366 22.90366
22.90366 22.90366 22.90366 22.90366 22.90366
22.90366 22.90366 22.90366 22.90366 22.90366
22.90366 22.90366 22.90366 22.90366 22.90366
22.90366 22.90366 22.90366 22.90366 22.90366
22.90366 22.90366 22.90366 22.90366 22.90366
22.90366 22.90366 22.90366 22.90366 22.90366
22.90366 22.90366 22.90366 22.90366 22.90366
22.90366 22.90366 22.90366 22.90366 22.90366
22.90366 22.90366 22.90366 22.90366 22.90366
22.90366 22.90366 22.90366 22.90366 22.90366
22.90366 22.90366 22.90366 22.90366 22.90366
22.88158 22.88158 22.88158 22.88158 22.88158
22.88158 22.88158 22.88158 22.88158 22.88158
22.88158 22.88158 22.88158 22.88158 22.88158
22.88158 22.88158 22.88158 22.88158 22.88158
22.88158 22.88158 22.88158 22.88158 22.88158
22.88158 22.88158 22.88158 22.88158 22.88158
22.88158 22.88158 22.88158 22.88158 22.88158
22.88158 22.88158 22.88158 22.88158 22.88158
22.88158 22.88158 22.88158 22.88158 22.88158
22.88158 22.88158 22.88158 22.88158 22.88158
22.88158 22.88158 22.88158 22.88158 22.88158
22.88158 22.88158 22.88158 22.88158 22.88158
22.88158 22.88158 22.88158 22.88158 22.88158
22.88158 22.88158 22.88158 22.88158 22.88158
22.88158 22.88158 22.88158 22.88158 22.88158
22.88158 22.88158 22.88158 22.88158 22.88158
22.88158 22.88158 22.88158 22.88158 22.88158
22.88158 22.88158 22.88158 22.88158 22.88158
22.88158 22.88158 22.88158 22.88158 22.88158
22.88158 22.88158 22.88158 22.88158 22.88158
22.8595 22.8595 22.8595 22.8595 22.8595
22.8595 22.8595 22.8595 22.8595 22.8595
22.8595 22.8595 22.8595 22.8595 22.8595
22.8595 22.8595 22.8595 22.8595 22.8595
22.8595 22.8595 22.8595 22.8595 22.8595
22.8595 22.8595 22.8595 22.8595 22.8595
22.8595 22.8595 22.8595 22.8595 22.8595
22.8595 22.8595 22.8595 22.8595 22.8595
22.8595 22.8595 22.8595 22.8595 22.8595
22.8595 22.8595 22.8595 22.8595 22.8595
22.8595 22.8595 22.8595 22.8595 22.8595
22.8595 22.8595 22.8595 22.8595 22.8595
22.8595 22.8595 22.8595 22.8595 22.8595
22.8595 22.8595 22.8595 22.8595 22.8595
22.8595 22.8595 22.8595 22.8595 22.8595
22.8595 22.8595 22.8595 22.8595 22.8595
22.8595 22.8595 22.8595 22.8595 22.8595
22.8595 22.8595 22.8595 22.8595 22.8595
22.8595 22.8595 22.8595 22.8595 22.8595
22.8595 22.8595 22.8595 22.8595 22.8595
22.83742 22.83742 22.83742 22.83742 22.83742
22.83742 22.83742 22.83742 22.83742 22.83742
22.83742 22.83742 22.83742 22.83742 22.83742
22.83742 22.83742 22.83742 22.83742 22.83742
22.83742 22.83742 22.83742 22.83742 22.83742
22.83742 22.83742 22.83742 22.83742 22.83742
22.83742 22.83742 22.83742 22.83742 22.83742
22.83742 22.83742 22.83742 22.83742 22.83742
22.83742 22.83742 22.83742 22.83742 22.83742
22.83742 22.83742 22.83742 22.83742 22.83742
22.83742 22.83742 22.83742 22.83742 22.83742
22.83742 22.83742 22.83742 22.83742 22.83742
22.83742 22.83742 22.83742 22.83742 22.83742
22.83742 22.83742 22.83742 22.83742 22.83742
22.83742 22.83742 22.83742 22.83742 22.83742
22.83742 22.83742 22.83742 22.83742 22.83742
22.83742 22.83742 22.83742 22.83742 22.83742
22.83742 22.83742 22.83742 22.83742 22.83742
22.83742 22.83742 22.83742 22.83742 22.83742
22.83742 22.83742 22.83742 22.83742 22.83742
22.81535 22.81535 22.81535 22.81535 22.81535
22.81535 22.81535 22.81535 22.81535 22.81535
22.81535 22.81535 22.81535 22.81535 22.81535
22.81535 22.81535 22.81535 22.81535 22.81535
22.81535 22.81535 22.81535 22.81535 22.81535
22.81535 22.81535 22.81535 22.81535 22.81535
22.81535 22.81535 22.81535 22.81535 22.81535
22.81535 22.81535 22.81535 22.81535 22.81535
22.81535 22.81535 22.81535 22.81535 22.81535
22.81535 22.81535 22.81535 22.81535 22.81535
22.81535 22.81535 22.81535 22.81535 22.81535
22.81535 22.81535 22.81535 22.81535 22.81535
22.81535 22.81535 22.81535 22.81535 22.81535
22.81535 22.81535 22.81535 22.81535 22.81535
22.81535 22.81535 22.81535 22.81535 22.81535
22.81535 22.81535 22.81535 22.81535 22.81535
22.81535 22.81535 22.81535 22.81535 22.81535
22.81535 22.81535 22.81535 22.81535 22.81535
22.81535 22.81535 22.81535 22.81535 22.81535
22.81535 22.81535 22.81535 22.81535 22.81535
22.79327 22.79327 22.79327 22.79327 22.79327
22.79327 22.79327 22.79327 22.79327 22.79327
22.79327 22.79327 22.79327 22.79327 22.79327
22.79327 22.79327 22.79327 22.79327 22.79327
22.79327 22.79327 22.79327 22.79327 22.79327
22.79327 22.79327 22.79327 22.79327 22.79327
22.79327 22.79327 22.79327 22.79327 22.79327
22.79327 22.79327 22.79327 22.79327 22.79327
22.79327 22.79327 22.79327 22.79327 22.79327
22.79327 22.79327 22.79327 22.79327 22.79327
22.79327 22.79327 22.79327 22.79327 22.79327
22.79327 22.79327 22.79327 22.79327 22.79327
22.79327 22.79327 22.79327 22.79327 22.79327
22.79327 22.79327 22.79327 22.79327 22.79327
22.79327 22.79327 22.79327 22.79327 22.79327
22.79327 22.79327 22.79327 22.79327 22.79327
22.79327 22.79327 22.79327 22.79327 22.79327
22.79327 22.79327 22.79327 22.79327 22.79327
22.79327 22.79327 22.79327 22.79327 22.79327
22.79327 22.79327 22.79327 22.79327 22.79327
22.77119 22.77119 22.77119 22.77119 22.77119
22.77119 22.77119 22.77119 22.77119 22.77119
22.77119 22.77119 22.77119 22.77119 22.77119
22.77119 22.77119 22.77119 22.77119 22.77119
22.77119 22.77119 22.77119 22.77119 22.77119
22.77119 22.77119 22.77119 22.77119 22.77119
22.77119 22.77119 22.77119 22.77119 22.77119
22.77119 22.77119 22.77119 22.77119 22.77119
22.77119 22.77119 22.77119 22.77119 22.77119
22.77119 22.77119 22.77119 22.77119 22.77119
22.77119 22.77119 22.77119 22.77119 22.77119
22.77119 22.77119 22.77119 22.77119 22.77119
22.77119 22.77119 22.77119 22.77119 22.77119
22.77119 22.77119 22.77119 22.77119 22.77119
22.77119 22.77119 22.77119 22.77119 22.77119
22.77119 22.77119 22.77119 22.77119 22.77119
22.77119 22.77119 22.77119 22.77119 22.77119
22.77119 22.77119 22.77119 22.77119 22.77119
22.77119 22.77119 22.77119 22.77119 22.77119
22.77119 22.77119 22.77119 22.77119 22.77119
22.7395 22.7395 22.7395 22.7395 22.7395
22.7395 22.7395 22.7395 22.7395 22.7395
22.7395 22.7395 22.7395 22.7395 22.7395
22.7395 22.7395 22.7395 22.7395 22.7395
22.7395 22.7395 22.7395 22.7395 22.7395
22.7395 22.7395 22.7395 22.7395 22.7395
22.7395 22.7395 22.7395 22.7395 22.7395
22.7395 22.7395 22.7395 22.7395 22.7395
22.7395 22.7395 22.7395 22.7395 22.7395
22.7395 22.7395 22.7395 22.7395 22.7395
22.7395 22.7395 22.7395 22.7395 22.7395
22.7395 22.7395 22.7395 22.7395 22.7395
22.7395 22.7395 22.7395 22.7395 22.7395
22.7395 22.7395 22.7395 22.7395 22.7395
22.7395 22.7395 22.7395 22.7395 22.7395
22.7395 22.7395 22.7395 22.7395 22.7395
22.7395 22.7395 22.7395 22.7395 22.7395
22.7395 22.7395 22.7395 22.7395 22.7395
22.7395 22.7395 22.7395 22.7395 22.7395
22.7395 22.7395 22.7395 22.7395 22.7395
22.70756 22.70756 22.70756 22.70756 22.70756
22.70756 22.70756 22.70756 22.70756 22.70756
22.70756 22.70756 22.70756 22.70756 22.70756
22.70756 22.70756 22.70756 22.70756 22.70756
22.70756 22.70756 22.70756 22.70756 22.70756
22.70756 22.70756 22.70756 22.70756 22.70756
22.70756 22.70756 22.70756 22.70756 22.70756
22.70756 22.70756 22.70756 22.70756 22.70756
22.70756 22.70756 22.70756 22.70756 22.70756
22.70756 22.70756 22.70756 22.70756 22.70756
22.70756 22.70756 22.70756 22.70756 22.70756
22.70756 22.70756 22.70756 22.70756 22.70756
22.70756 22.70756 22.70756 22.70756 22.70756
22.70756 22.70756 22.70756 22.70756 22.70756
22.70756 22.70756 22.70756 22.70756 22.70756
22.70756 22.70756 22.70756 22.70756 22.70756
22.70756 22.70756 22.70756 22.70756 22.70756
22.70756 22.70756 22.70756 22.70756 22.70756
22.70756 22.70756 22.70756 22.70756 22.70756
22.70756 22.70756 22.70756 22.70756 22.70756
22.67563 22.67563 22.67563 22.67563 22.67563
22.67563 22.67563 22.67563 22.67563 22.67563
22.67563 22.67563 22.67563 22.67563 22.67563
22.67563 22.67563 22.67563 22.67563 22.67563
22.67563 22.67563 22.67563 22.67563 22.67563
22.67563 22.67563 22.67563 22.67563 22.67563
22.67563 22.67563 22.67563 22.67563 22.67563
22.67563 22.67563 22.67563 22.67563 22.67563
22.67563 22.67563 22.67563 22.67563 22.67563
22.67563 22.67563 22.67563 22.67563 22.67563
22.67563 22.67563 22.67563 22.67563 22.67563
22.67563 22.67563 22.67563 22.67563 22.67563
22.67563 22.67563 22.67563 22.67563 22.67563
22.67563 22.67563 22.67563 22.67563 22.67563
22.67563 22.67563 22.67563 22.67563 22.67563
22.67563 22.67563 22.67563 22.67563 22.67563
22.67563 22.67563 22.67563 22.67563 22.67563
22.67563 22.67563 22.67563 22.67563 22.67563
22.67563 22.67563 22.67563 22.67563 22.67563
22.67563 22.67563 22.67563 22.67563 22.67563
22.64369 22.64369 22.64369 22.64369 22.64369
22.64369 22.64369 22.64369 22.64369 22.64369
22.64369 22.64369 22.64369 22.64369 22.64369
22.64369 22.64369 22.64369 22.64369 22.64369
22.64369 22.64369 22.64369 22.64369 22.64369
22.64369 22.64369 22.64369 22.64369 22.64369
22.64369 22.64369 22.64369 22.64369 22.64369
22.64369 22.64369 22.64369 22.64369 22.64369
22.64369 22.64369 22.64369 22.64369 22.64369
22.64369 22.64369 22.64369 22.64369 22.64369
22.64369 22.64369 22.64369 22.64369 22.64369
22.64369 22.64369 22.64369 22.64369 22.64369
22.64369 22.64369 22.64369 22.64369 22.64369
22.64369 22.64369 22.64369 22.64369 22.64369
22.64369 22.64369 22.64369 22.64369 22.64369
22.64369 22.64369 22.64369 22.64369 22.64369
22.64369 22.64369 22.64369 22.64369 22.64369
22.64369 22.64369 22.64369 22.64369 22.64369
22.64369 22.64369 22.64369 22.64369 22.64369
22.64369 22.64369 22.64369 22.64369 22.64369
22.61176 22.61176 22.61176 22.61176 22.61176
22.61176 22.61176 22.61176 22.61176 22.61176
22.61176 22.61176 22.61176 22.61176 22.61176
22.61176 22.61176 22.61176 22.61176 22.61176
22.61176 22.61176 22.61176 22.61176 22.61176
22.61176 22.61176 22.61176 22.61176 22.61176
22.61176 22.61176 22.61176 22.61176 22.61176
22.61176 22.61176 22.61176 22.61176 22.61176
22.61176 22.61176 22.61176 22.61176 22.61176
22.61176 22.61176 22.61176 22.61176 22.61176
22.61176 22.61176 22.61176 22.61176 22.61176
22.61176 22.61176 22.61176 22.61176 22.61176
22.61176 22.61176 22.61176 22.61176 22.61176
22.61176 22.61176 22.61176 22.61176 22.61176
22.61176 22.61176 22.61176 22.61176 22.61176
22.61176 22.61176 22.61176 22.61176 22.61176
22.61176 22.61176 22.61176 22.61176 22.61176
22.61176 22.61176 22.61176 22.61176 22.61176
22.61176 22.61176 22.61176 22.61176 22.61176
22.61176 22.61176 22.61176 22.61176 22.61176
22.57982 22.57982 22.57982 22.57982 22.57982
22.57982 22.57982 22.57982 22.57982 22.57982
22.57982 22.57982 22.57982 22.57982 22.57982
22.57982 22.57982 22.57982 22.57982 22.57982
22.57982 22.57982 22.57982 22.57982 22.57982
22.57982 22.57982 22.57982 22.57982 22.57982
22.57982 22.57982 22.57982 22.57982 22.57982
22.57982 22.57982 22.57982 22.57982 22.57982
22.57982 22.57982 22.57982 22.57982 22.57982
22.57982 22.57982 22.57982 22.57982 22.57982
22.57982 22.57982 22.57982 22.57982 22.57982
22.57982 22.57982 22.57982 22.57982 22.57982
22.57982 22.57982 22.57982 22.57982 22.57982
22.57982 22.57982 22.57982 22.57982 22.57982
22.57982 22.57982 22.57982 22.57982 22.57982
22.57982 22.57982 22.57982 22.57982 22.57982
22.57982 22.57982 22.57982 22.57982 22.57982
22.57982 22.57982 22.57982 22.57982 22.57982
22.57982 22.57982 22.57982 22.57982 22.57982
22.57982 22.57982 22.57982 22.57982 22.57982
22.54789 22.54789 22.54789 22.54789 22.54789
22.54789 22.54789 22.54789 22.54789 22.54789
22.54789 22.54789 22.54789 22.54789 22.54789
22.54789 22.54789 22.54789 22.54789 22.54789
22.54789 22.54789 22.54789 22.54789 22.54789
22.54789 22.54789 22.54789 22.54789 22.54789
22.54789 22.54789 22.54789 22.54789 22.54789
22.54789 22.54789 22.54789 22.54789 22.54789
22.54789 22.54789 22.54789 22.54789 22.54789
22.54789 22.54789 22.54789 22.54789 22.54789
22.54789 22.54789 22.54789 22.54789 22.54789
22.54789 22.54789 22.54789 22.54789 22.54789
22.54789 22.54789 22.54789 22.54789 22.54789
22.54789 22.54789 22.54789 22.54789 22.54789
22.54789 22.54789 22.54789 22.54789 22.54789
22.54789 22.54789 22.54789 22.54789 22.54789
22.54789 22.54789 22.54789 22.54789 22.54789
22.54789 22.54789 22.54789 22.54789 22.54789
22.54789 22.54789 22.54789 22.54789 22.54789
22.54789 22.54789 22.54789 22.54789 22.54789
22.51595 22.51595 22.51595 22.51595 22.51595
22.51595 22.51595 22.51595 22.51595 22.51595
22.51595 22.51595 22.51595 22.51595 22.51595
22.51595 22.51595 22.51595 22.51595 22.51595
22.51595 22.51595 22.51595 22.51595 22.51595
22.51595 22.51595 22.51595 22.51595 22.51595
22.51595 22.51595 22.51595 22.51595 22.51595
22.51595 22.51595 22.51595 22.51595 22.51595
22.51595 22.51595 22.51595 22.51595 22.51595
22.51595 22.51595 22.51595 22.51595 22.51595
22.51595 22.51595 22.51595 22.51595 22.51595
22.51595 22.51595 22.51595 22.51595 22.51595
22.51595 22.51595 22.51595 22.51595 22.51595
22.51595 22.51595 22.51595 22.51595 22.51595
22.51595 22.51595 22.51595 22.51595 22.51595
22.51595 22.51595 22.51595 22.51595 22.51595
22.51595 22.51595 22.51595 22.51595 22.51595
22.51595 22.51595 22.51595 22.51595 22.51595
22.51595 22.51595 22.51595 22.51595 22.51595
22.51595 22.51595 22.51595 22.51595 22.51595
22.48402 22.48402 22.48402 22.48402 22.48402
22.48402 22.48402 22.48402 22.48402 22.48402
22.48402 22.48402 22.48402 22.48402 22.48402
22.48402 22.48402 22.48402 22.48402 22.48402
22.48402 22.48402 22.48402 22.48402 22.48402
22.48402 22.48402 22.48402 22.48402 22.48402
22.48402 22.48402 22.48402 22.48402 22.48402
22.48402 22.48402 22.48402 22.48402 22.48402
22.48402 22.48402 22.48402 22.48402 22.48402
22.48402 22.48402 22.48402 22.48402 22.48402
22.48402 22.48402 22.48402 22.48402 22.48402
22.48402 22.48402 22.48402 22.48402 22.48402
22.48402 22.48402 22.48402 22.48402 22.48402
22.48402 22.48402 22.48402 22.48402 22.48402
22.48402 22.48402 22.48402 22.48402 22.48402
22.48402 22.48402 22.48402 22.48402 22.48402
22.48402 22.48402 22.48402 22.48402 22.48402
22.48402 22.48402 22.48402 22.48402 22.48402
22.48402 22.48402 22.48402 22.48402 22.48402
22.48402 22.48402 22.48402 22.48402 22.48402
22.45208 22.45208 22.45208 22.45208 22.45208
22.45208 22.45208 22.45208 22.45208 22.45208
22.45208 22.45208 22.45208 22.45208 22.45208
22.45208 22.45208 22.45208 22.45208 22.45208
22.45208 22.45208 22.45208 22.45208 22.45208
22.45208 22.45208 22.45208 22.45208 22.45208
22.45208 22.45208 22.45208 22.45208 22.45208
22.45208 22.45208 22.45208 22.45208 22.45208
22.45208 22.45208 22.45208 22.45208 22.45208
22.45208 22.45208 22.45208 22.45208 22.45208
22.45208 22.45208 22.45208 22.45208 22.45208
22.45208 22.45208 22.45208 22.45208 22.45208
22.45208 22.45208 22.45208 22.45208 22.45208
22.45208 22.45208 22.45208 22.45208 22.45208
22.45208 22.45208 22.45208 22.45208 22.45208
22.45208 22.45208 22.45208 22.45208 22.45208
22.45208 22.45208 22.45208 22.45208 22.45208
22.45208 22.45208 22.45208 22.45208 22.45208
22.45208 22.45208 22.45208 22.45208 22.45208
22.45208 22.45208 22.45208 22.45208 22.45208
22.42015 22.42015 22.42015 22.42015 22.42015
22.42015 22.42015 22.42015 22.42015 22.42015
22.42015 22.42015 22.42015 22.42015 22.42015
22.42015 22.42015 22.42015 22.42015 22.42015
22.42015 22.42015 22.42015 22.42015 22.42015
22.42015 22.42015 22.42015 22.42015 22.42015
22.42015 22.42015 22.42015 22.42015 22.42015
22.42015 22.42015 22.42015 22.42015 22.42015
22.42015 22.42015 22.42015 22.42015 22.42015
22.42015 22.42015 22.42015 22.42015 22.42015
22.42015 22.42015 22.42015 22.42015 22.42015
22.42015 22.42015 22.42015 22.42015 22.42015
22.42015 22.42015 22.42015 22.42015 22.42015
22.42015 22.42015 22.42015 22.42015 22.42015
22.42015 22.42015 22.42015 22.42015 22.42015
22.42015 22.42015 22.42015 22.42015 22.42015
22.42015 22.42015 22.42015 22.42015 22.42015
22.42015 22.42015 22.42015 22.42015 22.42015
22.42015 22.42015 22.42015 22.42015 22.42015
22.42015 22.42015 22.42015 22.42015 22.42015
22.38821 22.38821 22.38821 22.38821 22.38821
22.38821 22.38821 22.38821 22.38821 22.38821
22.38821 22.38821 22.38821 22.38821 22.38821
22.38821 22.38821 22.38821 22.38821 22.38821
22.38821 22.38821 22.38821 22.38821 22.38821
22.38821 22.38821 22.38821 22.38821 22.38821
22.38821 22.38821 22.38821 22.38821 22.38821
22.38821 22.38821 22.38821 22.38821 22.38821
22.38821 22.38821 22.38821 22.38821 22.38821
22.38821 22.38821 22.38821 22.38821 22.38821
22.38821 22.38821 22.38821 22.38821 22.38821
22.38821 22.38821 22.38821 22.38821 22.38821
22.38821 22.38821 22.38821 22.38821 22.38821
22.38821 22.38821 22.38821 22.38821 22.38821
22.38821 22.38821 22.38821 22.38821 22.38821
22.38821 22.38821 22.38821 22.38821 22.38821
22.38821 22.38821 22.38821 22.38821 22.38821
22.38821 22.38821 22.38821 22.38821 22.38821
22.38821 22.38821 22.38821 22.38821 22.38821
22.38821 22.38821 22.38821 22.38821 22.38821
22.35628 22.35628 22.35628 22.35628 22.35628
22.35628 22.35628 22.35628 22.35628 22.35628
22.35628 22.35628 22.35628 22.35628 22.35628
22.35628 22.35628 22.35628 22.35628 22.35628
22.35628 22.35628 22.35628 22.35628 22.35628
22.35628 22.35628 22.35628 22.35628 22.35628
22.35628 22.35628 22.35628 22.35628 22.35628
22.35628 22.35628 22.35628 22.35628 22.35628
22.35628 22.35628 22.35628 22.35628 22.35628
22.35628 22.35628 22.35628 22.35628 22.35628
22.35628 22.35628 22.35628 22.35628 22.35628
22.35628 22.35628 22.35628 22.35628 22.35628
22.35628 22.35628 22.35628 22.35628 22.35628
22.35628 22.35628 22.35628 22.35628 22.35628
22.35628 22.35628 22.35628 22.35628 22.35628
22.35628 22.35628 22.35628 22.35628 22.35628
22.35628 22.35628 22.35628 22.35628 22.35628
22.35628 22.35628 22.35628 22.35628 22.35628
22.35628 22.35628 22.35628 22.35628 22.35628
22.35628 22.35628 22.35628 22.35628 22.35628
22.32434 22.32434 22.32434 22.32434 22.32434
22.32434 22.32434 22.32434 22.32434 22.32434
22.32434 22.32434 22.32434 22.32434 22.32434
22.32434 22.32434 22.32434 22.32434 22.32434
22.32434 22.32434 22.32434 22.32434 22.32434
22.32434 22.32434 22.32434 22.32434 22.32434
22.32434 22.32434 22.32434 22.32434 22.32434
22.32434 22.32434 22.32434 22.32434 22.32434
22.32434 22.32434 22.32434 22.32434 22.32434
22.32434 22.32434 22.32434 22.32434 22.32434
22.32434 22.32434 22.32434 22.32434 22.32434
22.32434 22.32434 22.32434 22.32434 22.32434
22.32434 22.32434 22.32434 22.32434 22.32434
22.32434 22.32434 22.32434 22.32434 22.32434
22.32434 22.32434 22.32434 22.32434 22.32434
22.32434 22.32434 22.32434 22.32434 22.32434
22.32434 22.32434 22.32434 22.32434 22.32434
22.32434 22.32434 22.32434 22.32434 22.32434
22.32434 22.32434 22.32434 22.32434 22.32434
22.32434 22.32434 22.32434 22.32434 22.32434
22.29241 22.29241 22.29241 22.29241 22.29241
22.29241 22.29241 22.29241 22.29241 22.29241
22.29241 22.29241 22.29241 22.29241 22.29241
22.29241 22.29241 22.29241 22.29241 22.29241
22.29241 22.29241 22.29241 22.29241 22.29241
22.29241 22.29241 22.29241 22.29241 22.29241
22.29241 22.29241 22.29241 22.29241 22.29241
22.29241 22.29241 22.29241 22.29241 22.29241
22.29241 22.29241 22.29241 22.29241 22.29241
22.29241 22.29241 22.29241 22.29241 22.29241
22.29241 22.29241 22.29241 22.29241 22.29241
22.29241 22.29241 22.29241 22.29241 22.29241
22.29241 22.29241 22.29241 22.29241 22.29241
22.29241 22.29241 22.29241 22.29241 22.29241
22.29241 22.29241 22.29241 22.29241 22.29241
22.29241 22.29241 22.29241 22.29241 22.29241
22.29241 22.29241 22.29241 22.29241 22.29241
22.29241 22.29241 22.29241 22.29241 22.29241
22.29241 22.29241 22.29241 22.29241 22.29241
22.29241 22.29241 22.29241 22.29241 22.29241
22.26047 22.26047 22.26047 22.26047 22.26047
22.26047 22.26047 22.26047 22.26047 22.26047
22.26047 22.26047 22.26047 22.26047 22.26047
22.26047 22.26047 22.26047 22.26047 22.26047
22.26047 22.26047 22.26047 22.26047 22.26047
22.26047 22.26047 22.26047 22.26047 22.26047
22.26047 22.26047 22.26047 22.26047 22.26047
22.26047 22.26047 22.26047 22.26047 22.26047
22.26047 22.26047 22.26047 22.26047 22.26047
22.26047 22.26047 22.26047 22.26047 22.26047
22.26047 22.26047 22.26047 22.26047 22.26047
22.26047 22.26047 22.26047 22.26047 22.26047
22.26047 22.26047 22.26047 22.26047 22.26047
22.26047 22.26047 22.26047 22.26047 22.26047
22.26047 22.26047 22.26047 22.26047 22.26047
22.26047 22.26047 22.26047 22.26047 22.26047
22.26047 22.26047 22.26047 22.26047 22.26047
22.26047 22.26047 22.26047 22.26047 22.26047
22.26047 22.26047 22.26047 22.26047 22.26047
22.26047 22.26047 22.26047 22.26047 22.26047
22.22854 22.22854 22.22854 22.22854 22.22854
22.22854 22.22854 22.22854 22.22854 22.22854
22.22854 22.22854 22.22854 22.22854 22.22854
22.22854 22.22854 22.22854 22.22854 22.22854
22.22854 22.22854 22.22854 22.22854 22.22854
22.22854 22.22854 22.22854 22.22854 22.22854
22.22854 22.22854 22.22854 22.22854 22.22854
22.22854 22.22854 22.22854 22.22854 22.22854
22.22854 22.22854 22.22854 22.22854 22.22854
22.22854 22.22854 22.22854 22.22854 22.22854
22.22854 22.22854 22.22854 22.22854 22.22854
22.22854 22.22854 22.22854 22.22854 22.22854
22.22854 22.22854 22.22854 22.22854 22.22854
22.22854 22.22854 22.22854 22.22854 22.22854
22.22854 22.22854 22.22854 22.22854 22.22854
22.22854 22.22854 22.22854 22.22854 22.22854
22.22854 22.22854 22.22854 22.22854 22.22854
22.22854 22.22854 22.22854 22.22854 22.22854
22.22854 22.22854 22.22854 22.22854 22.22854
22.22854 22.22854 22.22854 22.22854 22.22854
22.1966 22.1966 22.1966 22.1966 22.1966
22.1966 22.1966 22.1966 22.1966 22.1966
22.1966 22.1966 22.1966 22.1966 22.1966
22.1966 22.1966 22.1966 22.1966 22.1966
22.1966 22.1966 22.1966 22.1966 22.1966
22.1966 22.1966 22.1966 22.1966 22.1966
22.1966 22.1966 22.1966 22.1966 22.1966
22.1966 22.1966 22.1966 22.1966 22.1966
22.1966 22.1966 22.1966 22.1966 22.1966
22.1966 22.1966 22.1966 22.1966 22.1966
22.1966 22.1966 22.1966 22.1966 22.1966
22.1966 22.1966 22.1966 22.1966 22.1966
22.1966 22.1966 22.1966 22.1966 22.1966
22.1966 22.1966 22.1966 22.1966 22.1966
22.1966 22.1966 22.1966 22.1966 22.1966
22.1966 22.1966 22.1966 22.1966 22.1966
22.1966 22.1966 22.1966 22.1966 22.1966
22.1966 22.1966 22.1966 22.1966 22.1966
22.1966 22.1966 22.1966 22.1966 22.1966
22.1966 22.1966 22.1966 22.1966 22.1966
22.22158 22.22158 22.22158 22.22158 22.22158
22.22158 22.22158 22.22158 22.22158 22.22158
22.22158 22.22158 22.22158 22.22158 22.22158
22.22158 22.22158 22.22158 22.22158 22.22158
22.22158 22.22158 22.22158 22.22158 22.22158
22.22158 22.22158 22.22158 22.22158 22.22158
22.22158 22.22158 22.22158 22.22158 22.22158
22.22158 22.22158 22.22158 22.22158 22.22158
22.22158 22.22158 22.22158 22.22158 22.22158
22.22158 22.22158 22.22158 22.22158 22.22158
22.22158 22.22158 22.22158 22.22158 22.22158
22.22158 22.22158 22.22158 22.22158 22.22158
22.22158 22.22158 22.22158 22.22158 22.22158
22.22158 22.22158 22.22158 22.22158 22.22158
22.22158 22.22158 22.22158 22.22158 22.22158
22.22158 22.22158 22.22158 22.22158 22.22158
22.22158 22.22158 22.22158 22.22158 22.22158
22.22158 22.22158 22.22158 22.22158 22.22158
22.22158 22.22158 22.22158 22.22158 22.22158
22.22158 22.22158 22.22158 22.22158 22.22158
22.25863 22.25863 22.25863 22.25863 22.25863
22.25863 22.25863 22.25863 22.25863 22.25863
22.25863 22.25863 22.25863 22.25863 22.25863
22.25863 22.25863 22.25863 22.25863 22.25863
22.25863 22.25863 22.25863 22.25863 22.25863
22.25863 22.25863 22.25863 22.25863 22.25863
22.25863 22.25863 22.25863 22.25863 22.25863
22.25863 22.25863 22.25863 22.25863 22.25863
22.25863 22.25863 22.25863 22.25863 22.25863
22.25863 22.25863 22.25863 22.25863 22.25863
22.25863 22.25863 22.25863 22.25863 22.25863
22.25863 22.25863 22.25863 22.25863 22.25863
22.25863 22.25863 22.25863 22.25863 22.25863
22.25863 22.25863 22.25863 22.25863 22.25863
22.25863 22.25863 22.25863 22.25863 22.25863
22.25863 22.25863 22.25863 22.25863 22.25863
22.25863 22.25863 22.25863 22.25863 22.25863
22.25863 22.25863 22.25863 22.25863 22.25863
22.25863 22.25863 22.25863 22.25863 22.25863
22.25863 22.25863 22.25863 22.25863 22.25863
22.29568 22.29568 22.29568 22.29568 22.29568
22.29568 22.29568 22.29568 22.29568 22.29568
22.29568 22.29568 22.29568 22.29568 22.29568
22.29568 22.29568 22.29568 22.29568 22.29568
22.29568 22.29568 22.29568 22.29568 22.29568
22.29568 22.29568 22.29568 22.29568 22.29568
22.29568 22.29568 22.29568 22.29568 22.29568
22.29568 22.29568 22.29568 22.29568 22.29568
22.29568 22.29568 22.29568 22.29568 22.29568
22.29568 22.29568 22.29568 22.29568 22.29568
22.29568 22.29568 22.29568 22.29568 22.29568
22.29568 22.29568 22.29568 22.29568 22.29568
22.29568 22.29568 22.29568 22.29568 22.29568
22.29568 22.29568 22.29568 22.29568 22.29568
22.29568 22.29568 22.29568 22.29568 22.29568
22.29568 22.29568 22.29568 22.29568 22.29568
22.29568 22.29568 22.29568 22.29568 22.29568
22.29568 22.29568 22.29568 22.29568 22.29568
22.29568 22.29568 22.29568 22.29568 22.29568
22.29568 22.29568 22.29568 22.29568 22.29568
22.33273 22.33273 22.33273 22.33273 22.33273
22.33273 22.33273 22.33273 22.33273 22.33273
22.33273 22.33273 22.33273 22.33273 22.33273
22.33273 22.33273 22.33273 22.33273 22.33273
22.33273 22.33273 22.33273 22.33273 22.33273
22.33273 22.33273 22.33273 22.33273 22.33273
22.33273 22.33273 22.33273 22.33273 22.33273
22.33273 22.33273 22.33273 22.33273 22.33273
22.33273 22.33273 22.33273 22.33273 22.33273
22.33273 22.33273 22.33273 22.33273 22.33273
22.33273 22.33273 22.33273 22.33273 22.33273
22.33273 22.33273 22.33273 22.33273 22.33273
22.33273 22.33273 22.33273 22.33273 22.33273
22.33273 22.33273 22.33273 22.33273 22.33273
22.33273 22.33273 22.33273 22.33273 22.33273
22.33273 22.33273 22.33273 22.33273 22.33273
22.33273 22.33273 22.33273 22.33273 22.33273
22.33273 22.33273 22.33273 22.33273 22.33273
22.33273 22.33273 22.33273 22.33273 22.33273
22.33273 22.33273 22.33273 22.33273 22.33273
22.36978 22.36978 22.36978 22.36978 22.36978
22.36978 22.36978 22.36978 22.36978 22.36978
22.36978 22.36978 22.36978 22.36978 22.36978
22.36978 22.36978 22.36978 22.36978 22.36978
22.36978 22.36978 22.36978 22.36978 22.36978
22.36978 22.36978 22.36978 22.36978 22.36978
22.36978 22.36978 22.36978 22.36978 22.36978
22.36978 22.36978 22.36978 22.36978 22.36978
22.36978 22.36978 22.36978 22.36978 22.36978
22.36978 22.36978 22.36978 22.36978 22.36978
22.36978 22.36978 22.36978 22.36978 22.36978
22.36978 22.36978 22.36978 22.36978 22.36978
22.36978 22.36978 22.36978 22.36978 22.36978
22.36978 22.36978 22.36978 22.36978 22.36978
22.36978 22.36978 22.36978 22.36978 22.36978
22.36978 22.36978 22.36978 22.36978 22.36978
22.36978 22.36978 22.36978 22.36978 22.36978
22.36978 22.36978 22.36978 22.36978 22.36978
22.36978 22.36978 22.36978 22.36978 22.36978
22.36978 22.36978 22.36978 22.36978 22.36978
22.40683 22.40683 22.40683 22.40683 22.40683
22.40683 22.40683 22.40683 22.40683 22.40683
22.40683 22.40683 22.40683 22.40683 22.40683
22.40683 22.40683 22.40683 22.40683 22.40683
22.40683 22.40683 22.40683 22.40683 22.40683
22.40683 22.40683 22.40683 22.40683 22.40683
22.40683 22.40683 22.40683 22.40683 22.40683
22.40683 22.40683 22.40683 22.40683 22.40683
22.40683 22.40683 22.40683 22.40683 22.40683
22.40683 22.40683 22.40683 22.40683 22.40683
22.40683 22.40683 22.40683 22.40683 22.40683
22.40683 22.40683 22.40683 22.40683 22.40683
22.40683 22.40683 22.40683 22.40683 22.40683
22.40683 22.40683 22.40683 22.40683 22.40683
22.40683 22.40683 22.40683 22.40683 22.40683
22.40683 22.40683 22.40683 22.40683 22.40683
22.40683 22.40683 22.40683 22.40683 22.40683
22.40683 22.40683 22.40683 22.40683 22.40683
22.40683 22.40683 22.40683 22.40683 22.40683
22.40683 22.40683 22.40683 22.40683 22.40683
22.44388 22.44388 22.44388 22.44388 22.44388
22.44388 22.44388 22.44388 22.44388 22.44388
22.44388 22.44388 22.44388 22.44388 22.44388
22.44388 22.44388 22.44388 22.44388 22.44388
22.44388 22.44388 22.44388 22.44388 22.44388
22.44388 22.44388 22.44388 22.44388 22.44388
22.44388 22.44388 22.44388 22.44388 22.44388
22.44388 22.44388 22.44388 22.44388 22.44388
22.44388 22.44388 22.44388 22.44388 22.44388
22.44388 22.44388 22.44388 22.44388 22.44388
22.44388 22.44388 22.44388 22.44388 22.44388
22.44388 22.44388 22.44388 22.44388 22.44388
22.44388 22.44388 22.44388 22.44388 22.44388
22.44388 22.44388 22.44388 22.44388 22.44388
22.44388 22.44388 22.44388 22.44388 22.44388
22.44388 22.44388 22.44388 22.44388 22.44388
22.44388 22.44388 22.44388 22.44388 22.44388
22.44388 22.44388 22.44388 22.44388 22.44388
22.44388 22.44388 22.44388 22.44388 22.44388
22.44388 22.44388 22.44388 22.44388 22.44388
22.48093 22.48093 22.48093 22.48093 22.48093
22.48093 22.48093 22.48093 22.48093 22.48093
22.48093 22.48093 22.48093 22.48093 22.48093
22.48093 22.48093 22.48093 22.48093 22.48093
22.48093 22.48093 22.48093 22.48093 22.48093
22.48093 22.48093 22.48093 22.48093 22.48093
22.48093 22.48093 22.48093 22.48093 22.48093
22.48093 22.48093 22.48093 22.48093 22.48093
22.48093 22.48093 22.48093 22.48093 22.48093
22.48093 22.48093 22.48093 22.48093 22.48093
22.48093 22.48093 22.48093 22.48093 22.48093
22.48093 22.48093 22.48093 22.48093 22.48093
22.48093 22.48093 22.48093 22.48093 22.48093
22.48093 22.48093 22.48093 22.48093 22.48093
22.48093 22.48093 22.48093 22.48093 22.48093
22.48093 22.48093 22.48093 22.48093 22.48093
22.48093 22.48093 22.48093 22.48093 22.48093
22.48093 22.48093 22.48093 22.48093 22.48093
22.48093 22.48093 22.48093 22.48093 22.48093
22.48093 22.48093 22.48093 22.48093 22.48093
22.51799 22.51799 22.51799 22.51799 22.51799
22.51799 22.51799 22.51799 22.51799 22.51799
22.51799 22.51799 22.51799 22.51799 22.51799
22.51799 22.51799 22.51799 22.51799 22.51799
22.51799 22.51799 22.51799 22.51799 22.51799
22.51799 22.51799 22.51799 22.51799 22.51799
22.51799 22.51799 22.51799 22.51799 22.51799
22.51799 22.51799 22.51799 22.51799 22.51799
22.51799 22.51799 22.51799 22.51799 22.51799
22.51799 22.51799 22.51799 22.51799 22.51799
22.51799 22.51799 22.51799 22.51799 22.51799
22.51799 22.51799 22.51799 22.51799 22.51799
22.51799 22.51799 22.51799 22.51799 22.51799
22.51799 22.51799 22.51799 22.51799 22.51799
22.51799 22.51799 22.51799 22.51799 22.51799
22.51799 22.51799 22.51799 22.51799 22.51799
22.51799 22.51799 22.51799 22.51799 22.51799
22.51799 22.51799 22.51799 22.51799 22.51799
22.51799 22.51799 22.51799 22.51799 22.51799
22.51799 22.51799 22.51799 22.51799 22.51799
22.55504 22.55504 22.55504 22.55504 22.55504
22.55504 22.55504 22.55504 22.55504 22.55504
22.55504 22.55504 22.55504 22.55504 22.55504
22.55504 22.55504 22.55504 22.55504 22.55504
22.55504 22.55504 22.55504 22.55504 22.55504
22.55504 22.55504 22.55504 22.55504 22.55504
22.55504 22.55504 22.55504 22.55504 22.55504
22.55504 22.55504 22.55504 22.55504 22.55504
22.55504 22.55504 22.55504 22.55504 22.55504
22.55504 22.55504 22.55504 22.55504 22.55504
22.55504 22.55504 22.55504 22.55504 22.55504
22.55504 22.55504 22.55504 22.55504 22.55504
22.55504 22.55504 22.55504 22.55504 22.55504
22.55504 22.55504 22.55504 22.55504 22.55504
22.55504 22.55504 22.55504 22.55504 22.55504
22.55504 22.55504 22.55504 22.55504 22.55504
22.55504 22.55504 22.55504 22.55504 22.55504
22.55504 22.55504 22.55504 22.55504 22.55504
22.55504 22.55504 22.55504 22.55504 22.55504
22.55504 22.55504 22.55504 22.55504 22.55504
22.59209 22.59209 22.59209 22.59209 22.59209
22.59209 22.59209 22.59209 22.59209 22.59209
22.59209 22.59209 22.59209 22.59209 22.59209
22.59209 22.59209 22.59209 22.59209 22.59209
22.59209 22.59209 22.59209 22.59209 22.59209
22.59209 22.59209 22.59209 22.59209 22.59209
22.59209 22.59209 22.59209 22.59209 22.59209
22.59209 22.59209 22.59209 22.59209 22.59209
22.59209 22.59209 22.59209 22.59209 22.59209
22.59209 22.59209 22.59209 22.59209 22.59209
22.59209 22.59209 22.59209 22.59209 22.59209
22.59209 22.59209 22.59209 22.59209 22.59209
22.59209 22.59209 22.59209 22.59209 22.59209
22.59209 22.59209 22.59209 22.59209 22.59209
22.59209 22.59209 22.59209 22.59209 22.59209
22.59209 22.59209 22.59209 22.59209 22.59209
22.59209 22.59209 22.59209 22.59209 22.59209
22.59209 22.59209 22.59209 22.59209 22.59209
22.59209 22.59209 22.59209 22.59209 22.59209
22.59209 22.59209 22.59209 22.59209 22.59209
22.62914 22.62914 22.62914 22.62914 22.62914
22.62914 22.62914 22.62914 22.62914 22.62914
22.62914 22.62914 22.62914 22.62914 22.62914
22.62914 22.62914 22.62914 22.62914 22.62914
22.62914 22.62914 22.62914 22.62914 22.62914
22.62914 22.62914 22.62914 22.62914 22.62914
22.62914 22.62914 22.62914 22.62914 22.62914
22.62914 22.62914 22.62914 22.62914 22.62914
22.62914 22.62914 22.62914 22.62914 22.62914
22.62914 22.62914 22.62914 22.62914 22.62914
22.62914 22.62914 22.62914 22.62914 22.62914
22.62914 22.62914 22.62914 22.62914 22.62914
22.62914 22.62914 22.62914 22.62914 22.62914
22.62914 22.62914 22.62914 22.62914 22.62914
22.62914 22.62914 22.62914 22.62914 22.62914
22.62914 22.62914 22.62914 22.62914 22.62914
22.62914 22.62914 22.62914 22.62914 22.62914
22.62914 22.62914 22.62914 22.62914 22.62914
22.62914 22.62914 22.62914 22.62914 22.62914
22.62914 22.62914 22.62914 22.62914 22.62914
22.66619 22.66619 22.66619 22.66619 22.66619
22.66619 22.66619 22.66619 22.66619 22.66619
22.66619 22.66619 22.66619 22.66619 22.66619
22.66619 22.66619 22.66619 22.66619 22.66619
22.66619 22.66619 22.66619 22.66619 22.66619
22.66619 22.66619 22.66619 22.66619 22.66619
22.66619 22.66619 22.66619 22.66619 22.66619
22.66619 22.66619 22.66619 22.66619 22.66619
22.66619 22.66619 22.66619 22.66619 22.66619
22.66619 22.66619 22.66619 22.66619 22.66619
22.66619 22.66619 22.66619 22.66619 22.66619
22.66619 22.66619 22.66619 22.66619 22.66619
22.66619 22.66619 22.66619 22.66619 22.66619
22.66619 22.66619 22.66619 22.66619 22.66619
22.66619 22.66619 22.66619 22.66619 22.66619
22.66619 22.66619 22.66619 22.66619 22.66619
22.66619 22.66619 22.66619 22.66619 22.66619
22.66619 22.66619 22.66619 22.66619 22.66619
22.66619 22.66619 22.66619 22.66619 22.66619
22.66619 22.66619 22.66619 22.66619 22.66619
22.70324 22.70324 22.70324 22.70324 22.70324
22.70324 22.70324 22.70324 22.70324 22.70324
22.70324 22.70324 22.70324 22.70324 22.70324
22.70324 22.70324 22.70324 22.70324 22.70324
22.70324 22.70324 22.70324 22.70324 22.70324
22.70324 22.70324 22.70324 22.70324 22.70324
22.70324 22.70324 22.70324 22.70324 22.70324
22.70324 22.70324 22.70324 22.70324 22.70324
22.70324 22.70324 22.70324 22.70324 22.70324
22.70324 22.70324 22.70324 22.70324 22.70324
22.70324 22.70324 22.70324 22.70324 22.70324
22.70324 22.70324 22.70324 22.70324 22.70324
22.70324 22.70324 22.70324 22.70324 22.70324
22.70324 22.70324 22.70324 22.70324 22.70324
22.70324 22.70324 22.70324 22.70324 22.70324
22.70324 22.70324 22.70324 22.70324 22.70324
22.70324 22.70324 22.70324 22.70324 22.70324
22.70324 22.70324 22.70324 22.70324 22.70324
22.70324 22.70324 22.70324 22.70324 22.70324
22.70324 22.70324 22.70324 22.70324 22.70324
22.74029 22.74029 22.74029 22.74029 22.74029
22.74029 22.74029 22.74029 22.74029 22.74029
22.74029 22.74029 22.74029 22.74029 22.74029
22.74029 22.74029 22.74029 22.74029 22.74029
22.74029 22.74029 22.74029 22.74029 22.74029
22.74029 22.74029 22.74029 22.74029 22.74029
22.74029 22.74029 22.74029 22.74029 22.74029
22.74029 22.74029 22.74029 22.74029 22.74029
22.74029 22.74029 22.74029 22.74029 22.74029
22.74029 22.74029 22.74029 22.74029 22.74029
22.74029 22.74029 22.74029 22.74029 22.74029
22.74029 22.74029 22.74029 22.74029 22.74029
22.74029 22.74029 22.74029 22.74029 22.74029
22.74029 22.74029 22.74029 22.74029 22.74029
22.74029 22.74029 22.74029 22.74029 22.74029
22.74029 22.74029 22.74029 22.74029 22.74029
22.74029 22.74029 22.74029 22.74029 22.74029
22.74029 22.74029 22.74029 22.74029 22.74029
22.74029 22.74029 22.74029 22.74029 22.74029
22.74029 22.74029 22.74029 22.74029 22.74029
22.77734 22.77734 22.77734 22.77734 22.77734
22.77734 22.77734 22.77734 22.77734 22.77734
22.77734 22.77734 22.77734 22.77734 22.77734
22.77734 22.77734 22.77734 22.77734 22.77734
22.77734 22.77734 22.77734 22.77734 22.77734
22.77734 22.77734 22.77734 22.77734 22.77734
22.77734 22.77734 22.77734 22.77734 22.77734
22.77734 22.77734 22.77734 22.77734 22.77734
22.77734 22.77734 22.77734 22.77734 22.77734
22.77734 22.77734 22.77734 22.77734 22.77734
22.77734 22.77734 22.77734 22.77734 22.77734
22.77734 22.77734 22.77734 22.77734 22.77734
22.77734 22.77734 22.77734 22.77734 22.77734
22.77734 22.77734 22.77734 22.77734 22.77734
22.77734 22.77734 22.77734 22.77734 22.77734
22.77734 22.77734 22.77734 22.77734 22.77734
22.77734 22.77734 22.77734 22.77734 22.77734
22.77734 22.77734 22.77734 22.77734 22.77734
22.77734 22.77734 22.77734 22.77734 22.77734
22.77734 22.77734 22.77734 22.77734 22.77734
22.81439 22.81439 22.81439 22.81439 22.81439
22.81439 22.81439 22.81439 22.81439 22.81439
22.81439 22.81439 22.81439 22.81439 22.81439
22.81439 22.81439 22.81439 22.81439 22.81439
22.81439 22.81439 22.81439 22.81439 22.81439
22.81439 22.81439 22.81439 22.81439 22.81439
22.81439 22.81439 22.81439 22.81439 22.81439
22.81439 22.81439 22.81439 22.81439 22.81439
22.81439 22.81439 22.81439 22.81439 22.81439
22.81439 22.81439 22.81439 22.81439 22.81439
22.81439 22.81439 22.81439 22.81439 22.81439
22.81439 22.81439 22.81439 22.81439 22.81439
22.81439 22.81439 22.81439 22.81439 22.81439
22.81439 22.81439 22.81439 22.81439 22.81439
22.81439 22.81439 22.81439 22.81439 22.81439
22.81439 22.81439 22.81439 22.81439 22.81439
22.81439 22.81439 22.81439 22.81439 22.81439
22.81439 22.81439 22.81439 22.81439 22.81439
22.81439 22.81439 22.81439 22.81439 22.81439
22.81439 22.81439 22.81439 22.81439 22.81439
22.85144 22.85144 22.85144 22.85144 22.85144
22.85144 22.85144 22.85144 22.85144 22.85144
22.85144 22.85144 22.85144 22.85144 22.85144
22.85144 22.85144 22.85144 22.85144 22.85144
22.85144 22.85144 22.85144 22.85144 22.85144
22.85144 22.85144 22.85144 22.85144 22.85144
22.85144 22.85144 22.85144 22.85144 22.85144
22.85144 22.85144 22.85144 22.85144 22.85144
22.85144 22.85144 22.85144 22.85144 22.85144
22.85144 22.85144 22.85144 22.85144 22.85144
22.85144 22.85144 22.85144 22.85144 22.85144
22.85144 22.85144 22.85144 22.85144 22.85144
22.85144 22.85144 22.85144 22.85144 22.85144
22.85144 22.85144 22.85144 22.85144 22.85144
22.85144 22.85144 22.85144 22.85144 22.85144
22.85144 22.85144 22.85144 22.85144 22.85144
22.85144 22.85144 22.85144 22.85144 22.85144
22.85144 22.85144 22.85144 22.85144 22.85144
22.85144 22.85144 22.85144 22.85144 22.85144
22.85144 22.85144 22.85144 22.85144 22.85144
22.88849 22.88849 22.88849 22.88849 22.88849
22.88849 22.88849 22.88849 22.88849 22.88849
22.88849 22.88849 22.88849 22.88849 22.88849
22.88849 22.88849 22.88849 22.88849 22.88849
22.88849 22.88849 22.88849 22.88849 22.88849
22.88849 22.88849 22.88849 22.88849 22.88849
22.88849 22.88849 22.88849 22.88849 22.88849
22.88849 22.88849 22.88849 22.88849 22.88849
22.88849 22.88849 22.88849 22.88849 22.88849
22.88849 22.88849 22.88849 22.88849 22.88849
22.88849 22.88849 22.88849 22.88849 22.88849
22.88849 22.88849 22.88849 22.88849 22.88849
22.88849 22.88849 22.88849 22.88849 22.88849
22.88849 22.88849 22.88849 22.88849 22.88849
22.88849 22.88849 22.88849 22.88849 22.88849
22.88849 22.88849 22.88849 22.88849 22.88849
22.88849 22.88849 22.88849 22.88849 22.88849
22.88849 22.88849 22.88849 22.88849 22.88849
22.88849 22.88849 22.88849 22.88849 22.88849
22.88849 22.88849 22.88849 22.88849 22.88849
22.92555 22.92555 22.92555 22.92555 22.92555
22.92555 22.92555 22.92555 22.92555 22.92555
22.92555 22.92555 22.92555 22.92555 22.92555
22.92555 22.92555 22.92555 22.92555 22.92555
22.92555 22.92555 22.92555 22.92555 22.92555
22.92555 22.92555 22.92555 22.92555 22.92555
22.92555 22.92555 22.92555 22.92555 22.92555
22.92555 22.92555 22.92555 22.92555 22.92555
22.92555 22.92555 22.92555 22.92555 22.92555
22.92555 22.92555 22.92555 22.92555 22.92555
22.92555 22.92555 22.92555 22.92555 22.92555
22.92555 22.92555 22.92555 22.92555 22.92555
22.92555 22.92555 22.92555 22.92555 22.92555
22.92555 22.92555 22.92555 22.92555 22.92555
22.92555 22.92555 22.92555 22.92555 22.92555
22.92555 22.92555 22.92555 22.92555 22.92555
22.92555 22.92555 22.92555 22.92555 22.92555
22.92555 22.92555 22.92555 22.92555 22.92555
22.92555 22.92555 22.92555 22.92555 22.92555
22.92555 22.92555 22.92555 22.92555 22.92555
22.9626 22.9626 22.9626 22.9626 22.9626
22.9626 22.9626 22.9626 22.9626 22.9626
22.9626 22.9626 22.9626 22.9626 22.9626
22.9626 22.9626 22.9626 22.9626 22.9626
22.9626 22.9626 22.9626 22.9626 22.9626
22.9626 22.9626 22.9626 22.9626 22.9626
22.9626 22.9626 22.9626 22.9626 22.9626
22.9626 22.9626 22.9626 22.9626 22.9626
22.9626 22.9626 22.9626 22.9626 22.9626
22.9626 22.9626 22.9626 22.9626 22.9626
22.9626 22.9626 22.9626 22.9626 22.9626
22.9626 22.9626 22.9626 22.9626 22.9626
22.9626 22.9626 22.9626 22.9626 22.9626
22.9626 22.9626 22.9626 22.9626 22.9626
22.9626 22.9626 22.9626 22.9626 22.9626
22.9626 22.9626 22.9626 22.9626 22.9626
22.9626 22.9626 22.9626 22.9626 22.9626
22.9626 22.9626 22.9626 22.9626 22.9626
22.9626 22.9626 22.9626 22.9626 22.9626
22.9626 22.9626 22.9626 22.9626 22.9626
22.99965 22.99965 22.99965 22.99965 22.99965
22.99965 22.99965 22.99965 22.99965 22.99965
22.99965 22.99965 22.99965 22.99965 22.99965
22.99965 22.99965 22.99965 22.99965 22.99965
22.99965 22.99965 22.99965 22.99965 22.99965
22.99965 22.99965 22.99965 22.99965 22.99965
22.99965 22.99965 22.99965 22.99965 22.99965
22.99965 22.99965 22.99965 22.99965 22.99965
22.99965 22.99965 22.99965 22.99965 22.99965
22.99965 22.99965 22.99965 22.99965 22.99965
22.99965 22.99965 22.99965 22.99965 22.99965
22.99965 22.99965 22.99965 22.99965 22.99965
22.99965 22.99965 22.99965 22.99965 22.99965
22.99965 22.99965 22.99965 22.99965 22.99965
22.99965 22.99965 22.99965 22.99965 22.99965
22.99965 22.99965 22.99965 22.99965 22.99965
22.99965 22.99965 22.99965 22.99965 22.99965
22.99965 22.99965 22.99965 22.99965 22.99965
22.99965 22.99965 22.99965 22.99965 22.99965
22.99965 22.99965 22.99965 22.99965 22.99965
23.0367 23.0367 23.0367 23.0367 23.0367
23.0367 23.0367 23.0367 23.0367 23.0367
23.0367 23.0367 23.0367 23.0367 23.0367
23.0367 23.0367 23.0367 23.0367 23.0367
23.0367 23.0367 23.0367 23.0367 23.0367
23.0367 23.0367 23.0367 23.0367 23.0367
23.0367 23.0367 23.0367 23.0367 23.0367
23.0367 23.0367 23.0367 23.0367 23.0367
23.0367 23.0367 23.0367 23.0367 23.0367
23.0367 23.0367 23.0367 23.0367 23.0367
23.0367 23.0367 23.0367 23.0367 23.0367
23.0367 23.0367 23.0367 23.0367 23.0367
23.0367 23.0367 23.0367 23.0367 23.0367
23.0367 23.0367 23.0367 23.0367 23.0367
23.0367 23.0367 23.0367 23.0367 23.0367
23.0367 23.0367 23.0367 23.0367 23.0367
23.0367 23.0367 23.0367 23.0367 23.0367
23.0367 23.0367 23.0367 23.0367 23.0367
23.0367 23.0367 23.0367 23.0367 23.0367
23.0367 23.0367 23.0367 23.0367 23.0367
23.07375 23.07375 23.07375 23.07375 23.07375
23.07375 23.07375 23.07375 23.07375 23.07375
23.07375 23.07375 23.07375 23.07375 23.07375
23.07375 23.07375 23.07375 23.07375 23.07375
23.07375 23.07375 23.07375 23.07375 23.07375
23.07375 23.07375 23.07375 23.07375 23.07375
23.07375 23.07375 23.07375 23.07375 23.07375
23.07375 23.07375 23.07375 23.07375 23.07375
23.07375 23.07375 23.07375 23.07375 23.07375
23.07375 23.07375 23.07375 23.07375 23.07375
23.07375 23.07375 23.07375 23.07375 23.07375
23.07375 23.07375 23.07375 23.07375 23.07375
23.07375 23.07375 23.07375 23.07375 23.07375
23.07375 23.07375 23.07375 23.07375 23.07375
23.07375 23.07375 23.07375 23.07375 23.07375
23.07375 23.07375 23.07375 23.07375 23.07375
23.07375 23.07375 23.07375 23.07375 23.07375
23.07375 23.07375 23.07375 23.07375 23.07375
23.07375 23.07375 23.07375 23.07375 23.07375
23.07375 23.07375 23.07375 23.07375 23.07375
23.1108 23.1108 23.1108 23.1108 23.1108
23.1108 23.1108 23.1108 23.1108 23.1108
23.1108 23.1108 23.1108 23.1108 23.1108
23.1108 23.1108 23.1108 23.1108 23.1108
23.1108 23.1108 23.1108 23.1108 23.1108
23.1108 23.1108 23.1108 23.1108 23.1108
23.1108 23.1108 23.1108 23.1108 23.1108
23.1108 23.1108 23.1108 23.1108 23.1108
23.1108 23.1108 23.1108 23.1108 23.1108
23.1108 23.1108 23.1108 23.1108 23.1108
23.1108 23.1108 23.1108 23.1108 23.1108
23.1108 23.1108 23.1108 23.1108 23.1108
23.1108 23.1108 23.1108 23.1108 23.1108
23.1108 23.1108 23.1108 23.1108 23.1108
23.1108 23.1108 23.1108 23.1108 23.1108
23.1108 23.1108 23.1108 23.1108 23.1108
23.1108 23.1108 23.1108 23.1108 23.1108
23.1108 23.1108 23.1108 23.1108 23.1108
23.1108 23.1108 23.1108 23.1108 23.1108
23.1108 23.1108 23.1108 23.1108 23.1108
23.14785 23.14785 23.14785 23.14785 23.14785
23.14785 23.14785 23.14785 23.14785 23.14785
23.14785 23.14785 23.14785 23.14785 23.14785
23.14785 23.14785 23.14785 23.14785 23.14785
23.14785 23.14785 23.14785 23.14785 23.14785
23.14785 23.14785 23.14785 23.14785 23.14785
23.14785 23.14785 23.14785 23.14785 23.14785
23.14785 23.14785 23.14785 23.14785 23.14785
23.14785 23.14785 23.14785 23.14785 23.14785
23.14785 23.14785 23.14785 23.14785 23.14785
23.14785 23.14785 23.14785 23.14785 23.14785
23.14785 23.14785 23.14785 23.14785 23.14785
23.14785 23.14785 23.14785 23.14785 23.14785
23.14785 23.14785 23.14785 23.14785 23.14785
23.14785 23.14785 23.14785 23.14785 23.14785
23.14785 23.14785 23.14785 23.14785 23.14785
23.14785 23.14785 23.14785 23.14785 23.14785
23.14785 23.14785 23.14785 23.14785 23.14785
23.14785 23.14785 23.14785 23.14785 23.14785
23.14785 23.14785 23.14785 23.14785 23.14785
23.1849 23.1849 23.1849 23.1849 23.1849
23.1849 23.1849 23.1849 23.1849 23.1849
23.1849 23.1849 23.1849 23.1849 23.1849
23.1849 23.1849 23.1849 23.1849 23.1849
23.1849 23.1849 23.1849 23.1849 23.1849
23.1849 23.1849 23.1849 23.1849 23.1849
23.1849 23.1849 23.1849 23.1849 23.1849
23.1849 23.1849 23.1849 23.1849 23.1849
23.1849 23.1849 23.1849 23.1849 23.1849
23.1849 23.1849 23.1849 23.1849 23.1849
23.1849 23.1849 23.1849 23.1849 23.1849
23.1849 23.1849 23.1849 23.1849 23.1849
23.1849 23.1849 23.1849 23.1849 23.1849
23.1849 23.1849 23.1849 23.1849 23.1849
23.1849 23.1849 23.1849 23.1849 23.1849
23.1849 23.1849 23.1849 23.1849 23.1849
23.1849 23.1849 23.1849 23.1849 23.1849
23.1849 23.1849 23.1849 23.1849 23.1849
23.1849 23.1849 23.1849 23.1849 23.1849
23.1849 23.1849 23.1849 23.1849 23.1849
23.22195 23.22195 23.22195 23.22195 23.22195
23.22195 23.22195 23.22195 23.22195 23.22195
23.22195 23.22195 23.22195 23.22195 23.22195
23.22195 23.22195 23.22195 23.22195 23.22195
23.22195 23.22195 23.22195 23.22195 23.22195
23.22195 23.22195 23.22195 23.22195 23.22195
23.22195 23.22195 23.22195 23.22195 23.22195
23.22195 23.22195 23.22195 23.22195 23.22195
23.22195 23.22195 23.22195 23.22195 23.22195
23.22195 23.22195 23.22195 23.22195 23.22195
23.22195 23.22195 23.22195 23.22195 23.22195
23.22195 23.22195 23.22195 23.22195 23.22195
23.22195 23.22195 23.22195 23.22195 23.22195
23.22195 23.22195 23.22195 23.22195 23.22195
23.22195 23.22195 23.22195 23.22195 23.22195
23.22195 23.22195 23.22195 23.22195 23.22195
23.22195 23.22195 23.22195 23.22195 23.22195
23.22195 23.22195 23.22195 23.22195 23.22195
23.22195 23.22195 23.22195 23.22195 23.22195
23.22195 23.22195 23.22195 23.22195 23.22195
23.259 23.259 23.259 23.259 23.259
23.259 23.259 23.259 23.259 23.259
23.259 23.259 23.259 23.259 23.259
23.259 23.259 23.259 23.259 23.259
23.259 23.259 23.259 23.259 23.259
23.259 23.259 23.259 23.259 23.259
23.259 23.259 23.259 23.259 23.259
23.259 23.259 23.259 23.259 23.259
23.259 23.259 23.259 23.259 23.259
23.259 23.259 23.259 23.259 23.259
23.259 23.259 23.259 23.259 23.259
23.259 23.259 23.259 23.259 23.259
23.259 23.259 23.259 23.259 23.259
23.259 23.259 23.259 23.259 23.259
23.259 23.259 23.259 23.259 23.259
23.259 23.259 23.259 23.259 23.259
23.259 23.259 23.259 23.259 23.259
23.259 23.259 23.259 23.259 23.259
23.259 23.259 23.259 23.259 23.259
23.259 23.259 23.259 23.259 23.259
23.29605 23.29605 23.29605 23.29605 23.29605
23.29605 23.29605 23.29605 23.29605 23.29605
23.29605 23.29605 23.29605 23.29605 23.29605
23.29605 23.29605 23.29605 23.29605 23.29605
23.29605 23.29605 23.29605 23.29605 23.29605
23.29605 23.29605 23.29605 23.29605 23.29605
23.29605 23.29605 23.29605 23.29605 23.29605
23.29605 23.29605 23.29605 23.29605 23.29605
23.29605 23.29605 23.29605 23.29605 23.29605
23.29605 23.29605 23.29605 23.29605 23.29605
23.29605 23.29605 23.29605 23.29605 23.29605
23.29605 23.29605 23.29605 23.29605 23.29605
23.29605 23.29605 23.29605 23.29605 23.29605
23.29605 23.29605 23.29605 23.29605 23.29605
23.29605 23.29605 23.29605 23.29605 23.29605
23.29605 23.29605 23.29605 23.29605 23.29605
23.29605 23.29605 23.29605 23.29605 23.29605
23.29605 23.29605 23.29605 23.29605 23.29605
23.29605 23.29605 23.29605 23.29605 23.29605
23.29605 23.29605 23.29605 23.29605 23.29605
23.3331 23.3331 23.3331 23.3331 23.3331
23.3331 23.3331 23.3331 23.3331 23.3331
23.3331 23.3331 23.3331 23.3331 23.3331
23.3331 23.3331 23.3331 23.3331 23.3331
23.3331 23.3331 23.3331 23.3331 23.3331
23.3331 23.3331 23.3331 23.3331 23.3331
23.3331 23.3331 23.3331 23.3331 23.3331
23.3331 23.3331 23.3331 23.3331 23.3331
23.3331 23.3331 23.3331 23.3331 23.3331
23.3331 23.3331 23.3331 23.3331 23.3331
23.3331 23.3331 23.3331 23.3331 23.3331
23.3331 23.3331 23.3331 23.3331 23.3331
23.3331 23.3331 23.3331 23.3331 23.3331
23.3331 23.3331 23.3331 23.3331 23.3331
23.3331 23.3331 23.3331 23.3331 23.3331
23.3331 23.3331 23.3331 23.3331 23.3331
23.3331 23.3331 23.3331 23.3331 23.3331
23.3331 23.3331 23.3331 23.3331 23.3331
23.3331 23.3331 23.3331 23.3331 23.3331
23.3331 23.3331 23.3331 23.3331 23.3331
23.37016 23.37016 23.37016 23.37016 23.37016
23.37016 23.37016 23.37016 23.37016 23.37016
23.37016 23.37016 23.37016 23.37016 23.37016
23.37016 23.37016 23.37016 23.37016 23.37016
23.37016 23.37016 23.37016 23.37016 23.37016
23.37016 23.37016 23.37016 23.37016 23.37016
23.37016 23.37016 23.37016 23.37016 23.37016
23.37016 23.37016 23.37016 23.37016 23.37016
23.37016 23.37016 23.37016 23.37016 23.37016
23.37016 23.37016 23.37016 23.37016 23.37016
23.37016 23.37016 23.37016 23.37016 23.37016
23.37016 23.37016 23.37016 23.37016 23.37016
23.37016 23.37016 23.37016 23.37016 23.37016
23.37016 23.37016 23.37016 23.37016 23.37016
23.37016 23.37016 23.37016 23.37016 23.37016
23.37016 23.37016 23.37016 23.37016 23.37016
23.37016 23.37016 23.37016 23.37016 23.37016
23.37016 23.37016 23.37016 23.37016 23.37016
23.37016 23.37016 23.37016 23.37016 23.37016
23.37016 23.37016 23.37016 23.37016 23.37016
23.40721 23.40721 23.40721 23.40721 23.40721
23.40721 23.40721 23.40721 23.40721 23.40721
23.40721 23.40721 23.40721 23.40721 23.40721
23.40721 23.40721 23.40721 23.40721 23.40721
23.40721 23.40721 23.40721 23.40721 23.40721
23.40721 23.40721 23.40721 23.40721 23.40721
23.40721 23.40721 23.40721 23.40721 23.40721
23.40721 23.40721 23.40721 23.40721 23.40721
23.40721 23.40721 23.40721 23.40721 23.40721
23.40721 23.40721 23.40721 23.40721 23.40721
23.40721 23.40721 23.40721 23.40721 23.40721
23.40721 23.40721 23.40721 23.40721 23.40721
23.40721 23.40721 23.40721 23.40721 23.40721
23.40721 23.40721 23.40721 23.40721 23.40721
23.40721 23.40721 23.40721 23.40721 23.40721
23.40721 23.40721 23.40721 23.40721 23.40721
23.40721 23.40721 23.40721 23.40721 23.40721
23.40721 23.40721 23.40721 23.40721 23.40721
23.40721 23.40721 23.40721 23.40721 23.40721
23.40721 23.40721 23.40721 23.40721 23.40721
23.44426 23.44426 23.44426 23.44426 23.44426
23.44426 23.44426 23.44426 23.44426 23.44426
23.44426 23.44426 23.44426 23.44426 23.44426
23.44426 23.44426 23.44426 23.44426 23.44426
23.44426 23.44426 23.44426 23.44426 23.44426
23.44426 23.44426 23.44426 23.44426 23.44426
23.44426 23.44426 23.44426 23.44426 23.44426
23.44426 23.44426 23.44426 23.44426 23.44426
23.44426 23.44426 23.44426 23.44426 23.44426
23.44426 23.44426 23.44426 23.44426 23.44426
23.44426 23.44426 23.44426 23.44426 23.44426
23.44426 23.44426 23.44426 23.44426 23.44426
23.44426 23.44426 23.44426 23.44426 23.44426
23.44426 23.44426 23.44426 23.44426 23.44426
23.44426 23.44426 23.44426 23.44426 23.44426
23.44426 23.44426 23.44426 23.44426 23.44426
23.44426 23.44426 23.44426 23.44426 23.44426
23.44426 23.44426 23.44426 23.44426 23.44426
23.44426 23.44426 23.44426 23.44426 23.44426
23.44426 23.44426 23.44426 23.44426 23.44426
