9.903229 9.903229 9.903229 9.903229 9.903229
9.903229 9.903229 9.903229 9.903229 9.903229
9.903229 9.903229 9.903229 9.903229 9.903229
9.903229 9.903229 9.903229 9.903229 9.903229
9.903229 9.903229 9.903229 9.903229 9.903229
9.903229 9.903229 9.903229 9.903229 9.903229
9.903229 9.903229 9.903229 9.903229 9.903229
9.903229 9.903229 9.903229 9.903229 9.903229
9.903229 9.903229 9.903229 9.903229 9.903229
9.903229 9.903229 9.903229 9.903229 9.903229
9.903229 9.903229 9.903229 9.903229 9.903229
9.903229 9.903229 9.903229 9.903229 9.903229
9.903229 9.903229 9.903229 9.903229 9.903229
9.903229 9.903229 9.903229 9.903229 9.903229
9.903229 9.903229 9.903229 9.903229 9.903229
9.903229 9.903229 9.903229 9.903229 9.903229
9.903229 9.903229 9.903229 9.903229 9.903229
9.903229 9.903229 9.903229 9.903229 9.903229
9.903229 9.903229 9.903229 9.903229 9.903229
9.903229 9.903229 9.903229 9.903229 9.903229
9.876074 9.876074 9.876074 9.876074 9.876074
9.876074 9.876074 9.876074 9.876074 9.876074
9.876074 9.876074 9.876074 9.876074 9.876074
9.876074 9.876074 9.876074 9.876074 9.876074
9.876074 9.876074 9.876074 9.876074 9.876074
9.876074 9.876074 9.876074 9.876074 9.876074
9.876074 9.876074 9.876074 9.876074 9.876074
9.876074 9.876074 9.876074 9.876074 9.876074
9.876074 9.876074 9.876074 9.876074 9.876074
9.876074 9.876074 9.876074 9.876074 9.876074
9.876074 9.876074 9.876074 9.876074 9.876074
9.876074 9.876074 9.876074 9.876074 9.876074
9.876074 9.876074 9.876074 9.876074 9.876074
9.876074 9.876074 9.876074 9.876074 9.876074
9.876074 9.876074 9.876074 9.876074 9.876074
9.876074 9.876074 9.876074 9.876074 9.876074
9.876074 9.876074 9.876074 9.876074 9.876074
9.876074 9.876074 9.876074 9.876074 9.876074
9.876074 9.876074 9.876074 9.876074 9.876074
9.876074 9.876074 9.876074 9.876074 9.876074
9.848918 9.848918 9.848918 9.848918 9.848918
9.848918 9.848918 9.848918 9.848918 9.848918
9.848918 9.848918 9.848918 9.848918 9.848918
9.848918 9.848918 9.848918 9.848918 9.848918
9.848918 9.848918 9.848918 9.848918 9.848918
9.848918 9.848918 9.848918 9.848918 9.848918
9.848918 9.848918 9.848918 9.848918 9.848918
9.848918 9.848918 9.848918 9.848918 9.848918
9.848918 9.848918 9.848918 9.848918 9.848918
9.848918 9.848918 9.848918 9.848918 9.848918
9.848918 9.848918 9.848918 9.848918 9.848918
9.848918 9.848918 9.848918 9.848918 9.848918
9.848918 9.848918 9.848918 9.848918 9.848918
9.848918 9.848918 9.848918 9.848918 9.848918
9.848918 9.848918 9.848918 9.848918 9.848918
9.848918 9.848918 9.848918 9.848918 9.848918
9.848918 9.848918 9.848918 9.848918 9.848918
9.848918 9.848918 9.848918 9.848918 9.848918
9.848918 9.848918 9.848918 9.848918 9.848918
9.848918 9.848918 9.848918 9.848918 9.848918
9.821762 9.821762 9.821762 9.821762 9.821762
9.821762 9.821762 9.821762 9.821762 9.821762
9.821762 9.821762 9.821762 9.821762 9.821762
9.821762 9.821762 9.821762 9.821762 9.821762
9.821762 9.821762 9.821762 9.821762 9.821762
9.821762 9.821762 9.821762 9.821762 9.821762
9.821762 9.821762 9.821762 9.821762 9.821762
9.821762 9.821762 9.821762 9.821762 9.821762
9.821762 9.821762 9.821762 9.821762 9.821762
9.821762 9.821762 9.821762 9.821762 9.821762
9.821762 9.821762 9.821762 9.821762 9.821762
9.821762 9.821762 9.821762 9.821762 9.821762
9.821762 9.821762 9.821762 9.821762 9.821762
9.821762 9.821762 9.821762 9.821762 9.821762
9.821762 9.821762 9.821762 9.821762 9.821762
9.821762 9.821762 9.821762 9.821762 9.821762
9.821762 9.821762 9.821762 9.821762 9.821762
9.821762 9.821762 9.821762 9.821762 9.821762
9.821762 9.821762 9.821762 9.821762 9.821762
9.821762 9.821762 9.821762 9.821762 9.821762
9.794607 9.794607 9.794607 9.794607 9.794607
9.794607 9.794607 9.794607 9.794607 9.794607
9.794607 9.794607 9.794607 9.794607 9.794607
9.794607 9.794607 9.794607 9.794607 9.794607
9.794607 9.794607 9.794607 9.794607 9.794607
9.794607 9.794607 9.794607 9.794607 9.794607
9.794607 9.794607 9.794607 9.794607 9.794607
9.794607 9.794607 9.794607 9.794607 9.794607
9.794607 9.794607 9.794607 9.794607 9.794607
9.794607 9.794607 9.794607 9.794607 9.794607
9.794607 9.794607 9.794607 9.794607 9.794607
9.794607 9.794607 9.794607 9.794607 9.794607
9.794607 9.794607 9.794607 9.794607 9.794607
9.794607 9.794607 9.794607 9.794607 9.794607
9.794607 9.794607 9.794607 9.794607 9.794607
9.794607 9.794607 9.794607 9.794607 9.794607
9.794607 9.794607 9.794607 9.794607 9.794607
9.794607 9.794607 9.794607 9.794607 9.794607
9.794607 9.794607 9.794607 9.794607 9.794607
9.794607 9.794607 9.794607 9.794607 9.794607
9.767451 9.767451 9.767451 9.767451 9.767451
9.767451 9.767451 9.767451 9.767451 9.767451
9.767451 9.767451 9.767451 9.767451 9.767451
9.767451 9.767451 9.767451 9.767451 9.767451
9.767451 9.767451 9.767451 9.767451 9.767451
9.767451 9.767451 9.767451 9.767451 9.767451
9.767451 9.767451 9.767451 9.767451 9.767451
9.767451 9.767451 9.767451 9.767451 9.767451
9.767451 9.767451 9.767451 9.767451 9.767451
9.767451 9.767451 9.767451 9.767451 9.767451
9.767451 9.767451 9.767451 9.767451 9.767451
9.767451 9.767451 9.767451 9.767451 9.767451
9.767451 9.767451 9.767451 9.767451 9.767451
9.767451 9.767451 9.767451 9.767451 9.767451
9.767451 9.767451 9.767451 9.767451 9.767451
9.767451 9.767451 9.767451 9.767451 9.767451
9.767451 9.767451 9.767451 9.767451 9.767451
9.767451 9.767451 9.767451 9.767451 9.767451
9.767451 9.767451 9.767451 9.767451 9.767451
9.767451 9.767451 9.767451 9.767451 9.767451
9.740296 9.740296 9.740296 9.740296 9.740296
9.740296 9.740296 9.740296 9.740296 9.740296
9.740296 9.740296 9.740296 9.740296 9.740296
9.740296 9.740296 9.740296 9.740296 9.740296
9.740296 9.740296 9.740296 9.740296 9.740296
9.740296 9.740296 9.740296 9.740296 9.740296
9.740296 9.740296 9.740296 9.740296 9.740296
9.740296 9.740296 9.740296 9.740296 9.740296
9.740296 9.740296 9.740296 9.740296 9.740296
9.740296 9.740296 9.740296 9.740296 9.740296
9.740296 9.740296 9.740296 9.740296 9.740296
9.740296 9.740296 9.740296 9.740296 9.740296
9.740296 9.740296 9.740296 9.740296 9.740296
9.740296 9.740296 9.740296 9.740296 9.740296
9.740296 9.740296 9.740296 9.740296 9.740296
9.740296 9.740296 9.740296 9.740296 9.740296
9.740296 9.740296 9.740296 9.740296 9.740296
9.740296 9.740296 9.740296 9.740296 9.740296
9.740296 9.740296 9.740296 9.740296 9.740296
9.740296 9.740296 9.740296 9.740296 9.740296
9.71314 9.71314 9.71314 9.71314 9.71314
9.71314 9.71314 9.71314 9.71314 9.71314
9.71314 9.71314 9.71314 9.71314 9.71314
9.71314 9.71314 9.71314 9.71314 9.71314
9.71314 9.71314 9.71314 9.71314 9.71314
9.71314 9.71314 9.71314 9.71314 9.71314
9.71314 9.71314 9.71314 9.71314 9.71314
9.71314 9.71314 9.71314 9.71314 9.71314
9.71314 9.71314 9.71314 9.71314 9.71314
9.71314 9.71314 9.71314 9.71314 9.71314
9.71314 9.71314 9.71314 9.71314 9.71314
9.71314 9.71314 9.71314 9.71314 9.71314
9.71314 9.71314 9.71314 9.71314 9.71314
9.71314 9.71314 9.71314 9.71314 9.71314
9.71314 9.71314 9.71314 9.71314 9.71314
9.71314 9.71314 9.71314 9.71314 9.71314
9.71314 9.71314 9.71314 9.71314 9.71314
9.71314 9.71314 9.71314 9.71314 9.71314
9.71314 9.71314 9.71314 9.71314 9.71314
9.71314 9.71314 9.71314 9.71314 9.71314
9.685985 9.685985 9.685985 9.685985 9.685985
9.685985 9.685985 9.685985 9.685985 9.685985
9.685985 9.685985 9.685985 9.685985 9.685985
9.685985 9.685985 9.685985 9.685985 9.685985
9.685985 9.685985 9.685985 9.685985 9.685985
9.685985 9.685985 9.685985 9.685985 9.685985
9.685985 9.685985 9.685985 9.685985 9.685985
9.685985 9.685985 9.685985 9.685985 9.685985
9.685985 9.685985 9.685985 9.685985 9.685985
9.685985 9.685985 9.685985 9.685985 9.685985
9.685985 9.685985 9.685985 9.685985 9.685985
9.685985 9.685985 9.685985 9.685985 9.685985
9.685985 9.685985 9.685985 9.685985 9.685985
9.685985 9.685985 9.685985 9.685985 9.685985
9.685985 9.685985 9.685985 9.685985 9.685985
9.685985 9.685985 9.685985 9.685985 9.685985
9.685985 9.685985 9.685985 9.685985 9.685985
9.685985 9.685985 9.685985 9.685985 9.685985
9.685985 9.685985 9.685985 9.685985 9.685985
9.685985 9.685985 9.685985 9.685985 9.685985
9.658829 9.658829 9.658829 9.658829 9.658829
9.658829 9.658829 9.658829 9.658829 9.658829
9.658829 9.658829 9.658829 9.658829 9.658829
9.658829 9.658829 9.658829 9.658829 9.658829
9.658829 9.658829 9.658829 9.658829 9.658829
9.658829 9.658829 9.658829 9.658829 9.658829
9.658829 9.658829 9.658829 9.658829 9.658829
9.658829 9.658829 9.658829 9.658829 9.658829
9.658829 9.658829 9.658829 9.658829 9.658829
9.658829 9.658829 9.658829 9.658829 9.658829
9.658829 9.658829 9.658829 9.658829 9.658829
9.658829 9.658829 9.658829 9.658829 9.658829
9.658829 9.658829 9.658829 9.658829 9.658829
9.658829 9.658829 9.658829 9.658829 9.658829
9.658829 9.658829 9.658829 9.658829 9.658829
9.658829 9.658829 9.658829 9.658829 9.658829
9.658829 9.658829 9.658829 9.658829 9.658829
9.658829 9.658829 9.658829 9.658829 9.658829
9.658829 9.658829 9.658829 9.658829 9.658829
9.658829 9.658829 9.658829 9.658829 9.658829
9.631673 9.631673 9.631673 9.631673 9.631673
9.631673 9.631673 9.631673 9.631673 9.631673
9.631673 9.631673 9.631673 9.631673 9.631673
9.631673 9.631673 9.631673 9.631673 9.631673
9.631673 9.631673 9.631673 9.631673 9.631673
9.631673 9.631673 9.631673 9.631673 9.631673
9.631673 9.631673 9.631673 9.631673 9.631673
9.631673 9.631673 9.631673 9.631673 9.631673
9.631673 9.631673 9.631673 9.631673 9.631673
9.631673 9.631673 9.631673 9.631673 9.631673
9.631673 9.631673 9.631673 9.631673 9.631673
9.631673 9.631673 9.631673 9.631673 9.631673
9.631673 9.631673 9.631673 9.631673 9.631673
9.631673 9.631673 9.631673 9.631673 9.631673
9.631673 9.631673 9.631673 9.631673 9.631673
9.631673 9.631673 9.631673 9.631673 9.631673
9.631673 9.631673 9.631673 9.631673 9.631673
9.631673 9.631673 9.631673 9.631673 9.631673
9.631673 9.631673 9.631673 9.631673 9.631673
9.631673 9.631673 9.631673 9.631673 9.631673
9.604518 9.604518 9.604518 9.604518 9.604518
9.604518 9.604518 9.604518 9.604518 9.604518
9.604518 9.604518 9.604518 9.604518 9.604518
9.604518 9.604518 9.604518 9.604518 9.604518
9.604518 9.604518 9.604518 9.604518 9.604518
9.604518 9.604518 9.604518 9.604518 9.604518
9.604518 9.604518 9.604518 9.604518 9.604518
9.604518 9.604518 9.604518 9.604518 9.604518
9.604518 9.604518 9.604518 9.604518 9.604518
9.604518 9.604518 9.604518 9.604518 9.604518
9.604518 9.604518 9.604518 9.604518 9.604518
9.604518 9.604518 9.604518 9.604518 9.604518
9.604518 9.604518 9.604518 9.604518 9.604518
9.604518 9.604518 9.604518 9.604518 9.604518
9.604518 9.604518 9.604518 9.604518 9.604518
9.604518 9.604518 9.604518 9.604518 9.604518
9.604518 9.604518 9.604518 9.604518 9.604518
9.604518 9.604518 9.604518 9.604518 9.604518
9.604518 9.604518 9.604518 9.604518 9.604518
9.604518 9.604518 9.604518 9.604518 9.604518
9.577362 9.577362 9.577362 9.577362 9.577362
9.577362 9.577362 9.577362 9.577362 9.577362
9.577362 9.577362 9.577362 9.577362 9.577362
9.577362 9.577362 9.577362 9.577362 9.577362
9.577362 9.577362 9.577362 9.577362 9.577362
9.577362 9.577362 9.577362 9.577362 9.577362
9.577362 9.577362 9.577362 9.577362 9.577362
9.577362 9.577362 9.577362 9.577362 9.577362
9.577362 9.577362 9.577362 9.577362 9.577362
9.577362 9.577362 9.577362 9.577362 9.577362
9.577362 9.577362 9.577362 9.577362 9.577362
9.577362 9.577362 9.577362 9.577362 9.577362
9.577362 9.577362 9.577362 9.577362 9.577362
9.577362 9.577362 9.577362 9.577362 9.577362
9.577362 9.577362 9.577362 9.577362 9.577362
9.577362 9.577362 9.577362 9.577362 9.577362
9.577362 9.577362 9.577362 9.577362 9.577362
9.577362 9.577362 9.577362 9.577362 9.577362
9.577362 9.577362 9.577362 9.577362 9.577362
9.577362 9.577362 9.577362 9.577362 9.577362
9.550207 9.550207 9.550207 9.550207 9.550207
9.550207 9.550207 9.550207 9.550207 9.550207
9.550207 9.550207 9.550207 9.550207 9.550207
9.550207 9.550207 9.550207 9.550207 9.550207
9.550207 9.550207 9.550207 9.550207 9.550207
9.550207 9.550207 9.550207 9.550207 9.550207
9.550207 9.550207 9.550207 9.550207 9.550207
9.550207 9.550207 9.550207 9.550207 9.550207
9.550207 9.550207 9.550207 9.550207 9.550207
9.550207 9.550207 9.550207 9.550207 9.550207
9.550207 9.550207 9.550207 9.550207 9.550207
9.550207 9.550207 9.550207 9.550207 9.550207
9.550207 9.550207 9.550207 9.550207 9.550207
9.550207 9.550207 9.550207 9.550207 9.550207
9.550207 9.550207 9.550207 9.550207 9.550207
9.550207 9.550207 9.550207 9.550207 9.550207
9.550207 9.550207 9.550207 9.550207 9.550207
9.550207 9.550207 9.550207 9.550207 9.550207
9.550207 9.550207 9.550207 9.550207 9.550207
9.550207 9.550207 9.550207 9.550207 9.550207
9.523051 9.523051 9.523051 9.523051 9.523051
9.523051 9.523051 9.523051 9.523051 9.523051
9.523051 9.523051 9.523051 9.523051 9.523051
9.523051 9.523051 9.523051 9.523051 9.523051
9.523051 9.523051 9.523051 9.523051 9.523051
9.523051 9.523051 9.523051 9.523051 9.523051
9.523051 9.523051 9.523051 9.523051 9.523051
9.523051 9.523051 9.523051 9.523051 9.523051
9.523051 9.523051 9.523051 9.523051 9.523051
9.523051 9.523051 9.523051 9.523051 9.523051
9.523051 9.523051 9.523051 9.523051 9.523051
9.523051 9.523051 9.523051 9.523051 9.523051
9.523051 9.523051 9.523051 9.523051 9.523051
9.523051 9.523051 9.523051 9.523051 9.523051
9.523051 9.523051 9.523051 9.523051 9.523051
9.523051 9.523051 9.523051 9.523051 9.523051
9.523051 9.523051 9.523051 9.523051 9.523051
9.523051 9.523051 9.523051 9.523051 9.523051
9.523051 9.523051 9.523051 9.523051 9.523051
9.523051 9.523051 9.523051 9.523051 9.523051
9.495895 9.495895 9.495895 9.495895 9.495895
9.495895 9.495895 9.495895 9.495895 9.495895
9.495895 9.495895 9.495895 9.495895 9.495895
9.495895 9.495895 9.495895 9.495895 9.495895
9.495895 9.495895 9.495895 9.495895 9.495895
9.495895 9.495895 9.495895 9.495895 9.495895
9.495895 9.495895 9.495895 9.495895 9.495895
9.495895 9.495895 9.495895 9.495895 9.495895
9.495895 9.495895 9.495895 9.495895 9.495895
9.495895 9.495895 9.495895 9.495895 9.495895
9.495895 9.495895 9.495895 9.495895 9.495895
9.495895 9.495895 9.495895 9.495895 9.495895
9.495895 9.495895 9.495895 9.495895 9.495895
9.495895 9.495895 9.495895 9.495895 9.495895
9.495895 9.495895 9.495895 9.495895 9.495895
9.495895 9.495895 9.495895 9.495895 9.495895
9.495895 9.495895 9.495895 9.495895 9.495895
9.495895 9.495895 9.495895 9.495895 9.495895
9.495895 9.495895 9.495895 9.495895 9.495895
9.495895 9.495895 9.495895 9.495895 9.495895
9.46874 9.46874 9.46874 9.46874 9.46874
9.46874 9.46874 9.46874 9.46874 9.46874
9.46874 9.46874 9.46874 9.46874 9.46874
9.46874 9.46874 9.46874 9.46874 9.46874
9.46874 9.46874 9.46874 9.46874 9.46874
9.46874 9.46874 9.46874 9.46874 9.46874
9.46874 9.46874 9.46874 9.46874 9.46874
9.46874 9.46874 9.46874 9.46874 9.46874
9.46874 9.46874 9.46874 9.46874 9.46874
9.46874 9.46874 9.46874 9.46874 9.46874
9.46874 9.46874 9.46874 9.46874 9.46874
9.46874 9.46874 9.46874 9.46874 9.46874
9.46874 9.46874 9.46874 9.46874 9.46874
9.46874 9.46874 9.46874 9.46874 9.46874
9.46874 9.46874 9.46874 9.46874 9.46874
9.46874 9.46874 9.46874 9.46874 9.46874
9.46874 9.46874 9.46874 9.46874 9.46874
9.46874 9.46874 9.46874 9.46874 9.46874
9.46874 9.46874 9.46874 9.46874 9.46874
9.46874 9.46874 9.46874 9.46874 9.46874
9.441584 9.441584 9.441584 9.441584 9.441584
9.441584 9.441584 9.441584 9.441584 9.441584
9.441584 9.441584 9.441584 9.441584 9.441584
9.441584 9.441584 9.441584 9.441584 9.441584
9.441584 9.441584 9.441584 9.441584 9.441584
9.441584 9.441584 9.441584 9.441584 9.441584
9.441584 9.441584 9.441584 9.441584 9.441584
9.441584 9.441584 9.441584 9.441584 9.441584
9.441584 9.441584 9.441584 9.441584 9.441584
9.441584 9.441584 9.441584 9.441584 9.441584
9.441584 9.441584 9.441584 9.441584 9.441584
9.441584 9.441584 9.441584 9.441584 9.441584
9.441584 9.441584 9.441584 9.441584 9.441584
9.441584 9.441584 9.441584 9.441584 9.441584
9.441584 9.441584 9.441584 9.441584 9.441584
9.441584 9.441584 9.441584 9.441584 9.441584
9.441584 9.441584 9.441584 9.441584 9.441584
9.441584 9.441584 9.441584 9.441584 9.441584
9.441584 9.441584 9.441584 9.441584 9.441584
9.441584 9.441584 9.441584 9.441584 9.441584
9.414429 9.414429 9.414429 9.414429 9.414429
9.414429 9.414429 9.414429 9.414429 9.414429
9.414429 9.414429 9.414429 9.414429 9.414429
9.414429 9.414429 9.414429 9.414429 9.414429
9.414429 9.414429 9.414429 9.414429 9.414429
9.414429 9.414429 9.414429 9.414429 9.414429
9.414429 9.414429 9.414429 9.414429 9.414429
9.414429 9.414429 9.414429 9.414429 9.414429
9.414429 9.414429 9.414429 9.414429 9.414429
9.414429 9.414429 9.414429 9.414429 9.414429
9.414429 9.414429 9.414429 9.414429 9.414429
9.414429 9.414429 9.414429 9.414429 9.414429
9.414429 9.414429 9.414429 9.414429 9.414429
9.414429 9.414429 9.414429 9.414429 9.414429
9.414429 9.414429 9.414429 9.414429 9.414429
9.414429 9.414429 9.414429 9.414429 9.414429
9.414429 9.414429 9.414429 9.414429 9.414429
9.414429 9.414429 9.414429 9.414429 9.414429
9.414429 9.414429 9.414429 9.414429 9.414429
9.414429 9.414429 9.414429 9.414429 9.414429
9.387273 9.387273 9.387273 9.387273 9.387273
9.387273 9.387273 9.387273 9.387273 9.387273
9.387273 9.387273 9.387273 9.387273 9.387273
9.387273 9.387273 9.387273 9.387273 9.387273
9.387273 9.387273 9.387273 9.387273 9.387273
9.387273 9.387273 9.387273 9.387273 9.387273
9.387273 9.387273 9.387273 9.387273 9.387273
9.387273 9.387273 9.387273 9.387273 9.387273
9.387273 9.387273 9.387273 9.387273 9.387273
9.387273 9.387273 9.387273 9.387273 9.387273
9.387273 9.387273 9.387273 9.387273 9.387273
9.387273 9.387273 9.387273 9.387273 9.387273
9.387273 9.387273 9.387273 9.387273 9.387273
9.387273 9.387273 9.387273 9.387273 9.387273
9.387273 9.387273 9.387273 9.387273 9.387273
9.387273 9.387273 9.387273 9.387273 9.387273
9.387273 9.387273 9.387273 9.387273 9.387273
9.387273 9.387273 9.387273 9.387273 9.387273
9.387273 9.387273 9.387273 9.387273 9.387273
9.387273 9.387273 9.387273 9.387273 9.387273
9.360117 9.360117 9.360117 9.360117 9.360117
9.360117 9.360117 9.360117 9.360117 9.360117
9.360117 9.360117 9.360117 9.360117 9.360117
9.360117 9.360117 9.360117 9.360117 9.360117
9.360117 9.360117 9.360117 9.360117 9.360117
9.360117 9.360117 9.360117 9.360117 9.360117
9.360117 9.360117 9.360117 9.360117 9.360117
9.360117 9.360117 9.360117 9.360117 9.360117
9.360117 9.360117 9.360117 9.360117 9.360117
9.360117 9.360117 9.360117 9.360117 9.360117
9.360117 9.360117 9.360117 9.360117 9.360117
9.360117 9.360117 9.360117 9.360117 9.360117
9.360117 9.360117 9.360117 9.360117 9.360117
9.360117 9.360117 9.360117 9.360117 9.360117
9.360117 9.360117 9.360117 9.360117 9.360117
9.360117 9.360117 9.360117 9.360117 9.360117
9.360117 9.360117 9.360117 9.360117 9.360117
9.360117 9.360117 9.360117 9.360117 9.360117
9.360117 9.360117 9.360117 9.360117 9.360117
9.360117 9.360117 9.360117 9.360117 9.360117
9.332962 9.332962 9.332962 9.332962 9.332962
9.332962 9.332962 9.332962 9.332962 9.332962
9.332962 9.332962 9.332962 9.332962 9.332962
9.332962 9.332962 9.332962 9.332962 9.332962
9.332962 9.332962 9.332962 9.332962 9.332962
9.332962 9.332962 9.332962 9.332962 9.332962
9.332962 9.332962 9.332962 9.332962 9.332962
9.332962 9.332962 9.332962 9.332962 9.332962
9.332962 9.332962 9.332962 9.332962 9.332962
9.332962 9.332962 9.332962 9.332962 9.332962
9.332962 9.332962 9.332962 9.332962 9.332962
9.332962 9.332962 9.332962 9.332962 9.332962
9.332962 9.332962 9.332962 9.332962 9.332962
9.332962 9.332962 9.332962 9.332962 9.332962
9.332962 9.332962 9.332962 9.332962 9.332962
9.332962 9.332962 9.332962 9.332962 9.332962
9.332962 9.332962 9.332962 9.332962 9.332962
9.332962 9.332962 9.332962 9.332962 9.332962
9.332962 9.332962 9.332962 9.332962 9.332962
9.332962 9.332962 9.332962 9.332962 9.332962
9.305806 9.305806 9.305806 9.305806 9.305806
9.305806 9.305806 9.305806 9.305806 9.305806
9.305806 9.305806 9.305806 9.305806 9.305806
9.305806 9.305806 9.305806 9.305806 9.305806
9.305806 9.305806 9.305806 9.305806 9.305806
9.305806 9.305806 9.305806 9.305806 9.305806
9.305806 9.305806 9.305806 9.305806 9.305806
9.305806 9.305806 9.305806 9.305806 9.305806
9.305806 9.305806 9.305806 9.305806 9.305806
9.305806 9.305806 9.305806 9.305806 9.305806
9.305806 9.305806 9.305806 9.305806 9.305806
9.305806 9.305806 9.305806 9.305806 9.305806
9.305806 9.305806 9.305806 9.305806 9.305806
9.305806 9.305806 9.305806 9.305806 9.305806
9.305806 9.305806 9.305806 9.305806 9.305806
9.305806 9.305806 9.305806 9.305806 9.305806
9.305806 9.305806 9.305806 9.305806 9.305806
9.305806 9.305806 9.305806 9.305806 9.305806
9.305806 9.305806 9.305806 9.305806 9.305806
9.305806 9.305806 9.305806 9.305806 9.305806
9.278651 9.278651 9.278651 9.278651 9.278651
9.278651 9.278651 9.278651 9.278651 9.278651
9.278651 9.278651 9.278651 9.278651 9.278651
9.278651 9.278651 9.278651 9.278651 9.278651
9.278651 9.278651 9.278651 9.278651 9.278651
9.278651 9.278651 9.278651 9.278651 9.278651
9.278651 9.278651 9.278651 9.278651 9.278651
9.278651 9.278651 9.278651 9.278651 9.278651
9.278651 9.278651 9.278651 9.278651 9.278651
9.278651 9.278651 9.278651 9.278651 9.278651
9.278651 9.278651 9.278651 9.278651 9.278651
9.278651 9.278651 9.278651 9.278651 9.278651
9.278651 9.278651 9.278651 9.278651 9.278651
9.278651 9.278651 9.278651 9.278651 9.278651
9.278651 9.278651 9.278651 9.278651 9.278651
9.278651 9.278651 9.278651 9.278651 9.278651
9.278651 9.278651 9.278651 9.278651 9.278651
9.278651 9.278651 9.278651 9.278651 9.278651
9.278651 9.278651 9.278651 9.278651 9.278651
9.278651 9.278651 9.278651 9.278651 9.278651
9.251495 9.251495 9.251495 9.251495 9.251495
9.251495 9.251495 9.251495 9.251495 9.251495
9.251495 9.251495 9.251495 9.251495 9.251495
9.251495 9.251495 9.251495 9.251495 9.251495
9.251495 9.251495 9.251495 9.251495 9.251495
9.251495 9.251495 9.251495 9.251495 9.251495
9.251495 9.251495 9.251495 9.251495 9.251495
9.251495 9.251495 9.251495 9.251495 9.251495
9.251495 9.251495 9.251495 9.251495 9.251495
9.251495 9.251495 9.251495 9.251495 9.251495
9.251495 9.251495 9.251495 9.251495 9.251495
9.251495 9.251495 9.251495 9.251495 9.251495
9.251495 9.251495 9.251495 9.251495 9.251495
9.251495 9.251495 9.251495 9.251495 9.251495
9.251495 9.251495 9.251495 9.251495 9.251495
9.251495 9.251495 9.251495 9.251495 9.251495
9.251495 9.251495 9.251495 9.251495 9.251495
9.251495 9.251495 9.251495 9.251495 9.251495
9.251495 9.251495 9.251495 9.251495 9.251495
9.251495 9.251495 9.251495 9.251495 9.251495
9.224339 9.224339 9.224339 9.224339 9.224339
9.224339 9.224339 9.224339 9.224339 9.224339
9.224339 9.224339 9.224339 9.224339 9.224339
9.224339 9.224339 9.224339 9.224339 9.224339
9.224339 9.224339 9.224339 9.224339 9.224339
9.224339 9.224339 9.224339 9.224339 9.224339
9.224339 9.224339 9.224339 9.224339 9.224339
9.224339 9.224339 9.224339 9.224339 9.224339
9.224339 9.224339 9.224339 9.224339 9.224339
9.224339 9.224339 9.224339 9.224339 9.224339
9.224339 9.224339 9.224339 9.224339 9.224339
9.224339 9.224339 9.224339 9.224339 9.224339
9.224339 9.224339 9.224339 9.224339 9.224339
9.224339 9.224339 9.224339 9.224339 9.224339
9.224339 9.224339 9.224339 9.224339 9.224339
9.224339 9.224339 9.224339 9.224339 9.224339
9.224339 9.224339 9.224339 9.224339 9.224339
9.224339 9.224339 9.224339 9.224339 9.224339
9.224339 9.224339 9.224339 9.224339 9.224339
9.224339 9.224339 9.224339 9.224339 9.224339
9.197184 9.197184 9.197184 9.197184 9.197184
9.197184 9.197184 9.197184 9.197184 9.197184
9.197184 9.197184 9.197184 9.197184 9.197184
9.197184 9.197184 9.197184 9.197184 9.197184
9.197184 9.197184 9.197184 9.197184 9.197184
9.197184 9.197184 9.197184 9.197184 9.197184
9.197184 9.197184 9.197184 9.197184 9.197184
9.197184 9.197184 9.197184 9.197184 9.197184
9.197184 9.197184 9.197184 9.197184 9.197184
9.197184 9.197184 9.197184 9.197184 9.197184
9.197184 9.197184 9.197184 9.197184 9.197184
9.197184 9.197184 9.197184 9.197184 9.197184
9.197184 9.197184 9.197184 9.197184 9.197184
9.197184 9.197184 9.197184 9.197184 9.197184
9.197184 9.197184 9.197184 9.197184 9.197184
9.197184 9.197184 9.197184 9.197184 9.197184
9.197184 9.197184 9.197184 9.197184 9.197184
9.197184 9.197184 9.197184 9.197184 9.197184
9.197184 9.197184 9.197184 9.197184 9.197184
9.197184 9.197184 9.197184 9.197184 9.197184
9.170028 9.170028 9.170028 9.170028 9.170028
9.170028 9.170028 9.170028 9.170028 9.170028
9.170028 9.170028 9.170028 9.170028 9.170028
9.170028 9.170028 9.170028 9.170028 9.170028
9.170028 9.170028 9.170028 9.170028 9.170028
9.170028 9.170028 9.170028 9.170028 9.170028
9.170028 9.170028 9.170028 9.170028 9.170028
9.170028 9.170028 9.170028 9.170028 9.170028
9.170028 9.170028 9.170028 9.170028 9.170028
9.170028 9.170028 9.170028 9.170028 9.170028
9.170028 9.170028 9.170028 9.170028 9.170028
9.170028 9.170028 9.170028 9.170028 9.170028
9.170028 9.170028 9.170028 9.170028 9.170028
9.170028 9.170028 9.170028 9.170028 9.170028
9.170028 9.170028 9.170028 9.170028 9.170028
9.170028 9.170028 9.170028 9.170028 9.170028
9.170028 9.170028 9.170028 9.170028 9.170028
9.170028 9.170028 9.170028 9.170028 9.170028
9.170028 9.170028 9.170028 9.170028 9.170028
9.170028 9.170028 9.170028 9.170028 9.170028
9.142873 9.142873 9.142873 9.142873 9.142873
9.142873 9.142873 9.142873 9.142873 9.142873
9.142873 9.142873 9.142873 9.142873 9.142873
9.142873 9.142873 9.142873 9.142873 9.142873
9.142873 9.142873 9.142873 9.142873 9.142873
9.142873 9.142873 9.142873 9.142873 9.142873
9.142873 9.142873 9.142873 9.142873 9.142873
9.142873 9.142873 9.142873 9.142873 9.142873
9.142873 9.142873 9.142873 9.142873 9.142873
9.142873 9.142873 9.142873 9.142873 9.142873
9.142873 9.142873 9.142873 9.142873 9.142873
9.142873 9.142873 9.142873 9.142873 9.142873
9.142873 9.142873 9.142873 9.142873 9.142873
9.142873 9.142873 9.142873 9.142873 9.142873
9.142873 9.142873 9.142873 9.142873 9.142873
9.142873 9.142873 9.142873 9.142873 9.142873
9.142873 9.142873 9.142873 9.142873 9.142873
9.142873 9.142873 9.142873 9.142873 9.142873
9.142873 9.142873 9.142873 9.142873 9.142873
9.142873 9.142873 9.142873 9.142873 9.142873
9.115717 9.115717 9.115717 9.115717 9.115717
9.115717 9.115717 9.115717 9.115717 9.115717
9.115717 9.115717 9.115717 9.115717 9.115717
9.115717 9.115717 9.115717 9.115717 9.115717
9.115717 9.115717 9.115717 9.115717 9.115717
9.115717 9.115717 9.115717 9.115717 9.115717
9.115717 9.115717 9.115717 9.115717 9.115717
9.115717 9.115717 9.115717 9.115717 9.115717
9.115717 9.115717 9.115717 9.115717 9.115717
9.115717 9.115717 9.115717 9.115717 9.115717
9.115717 9.115717 9.115717 9.115717 9.115717
9.115717 9.115717 9.115717 9.115717 9.115717
9.115717 9.115717 9.115717 9.115717 9.115717
9.115717 9.115717 9.115717 9.115717 9.115717
9.115717 9.115717 9.115717 9.115717 9.115717
9.115717 9.115717 9.115717 9.115717 9.115717
9.115717 9.115717 9.115717 9.115717 9.115717
9.115717 9.115717 9.115717 9.115717 9.115717
9.115717 9.115717 9.115717 9.115717 9.115717
9.115717 9.115717 9.115717 9.115717 9.115717
9.088562 9.088562 9.088562 9.088562 9.088562
9.088562 9.088562 9.088562 9.088562 9.088562
9.088562 9.088562 9.088562 9.088562 9.088562
9.088562 9.088562 9.088562 9.088562 9.088562
9.088562 9.088562 9.088562 9.088562 9.088562
9.088562 9.088562 9.088562 9.088562 9.088562
9.088562 9.088562 9.088562 9.088562 9.088562
9.088562 9.088562 9.088562 9.088562 9.088562
9.088562 9.088562 9.088562 9.088562 9.088562
9.088562 9.088562 9.088562 9.088562 9.088562
9.088562 9.088562 9.088562 9.088562 9.088562
9.088562 9.088562 9.088562 9.088562 9.088562
9.088562 9.088562 9.088562 9.088562 9.088562
9.088562 9.088562 9.088562 9.088562 9.088562
9.088562 9.088562 9.088562 9.088562 9.088562
9.088562 9.088562 9.088562 9.088562 9.088562
9.088562 9.088562 9.088562 9.088562 9.088562
9.088562 9.088562 9.088562 9.088562 9.088562
9.088562 9.088562 9.088562 9.088562 9.088562
9.088562 9.088562 9.088562 9.088562 9.088562
9.061406 9.061406 9.061406 9.061406 9.061406
9.061406 9.061406 9.061406 9.061406 9.061406
9.061406 9.061406 9.061406 9.061406 9.061406
9.061406 9.061406 9.061406 9.061406 9.061406
9.061406 9.061406 9.061406 9.061406 9.061406
9.061406 9.061406 9.061406 9.061406 9.061406
9.061406 9.061406 9.061406 9.061406 9.061406
9.061406 9.061406 9.061406 9.061406 9.061406
9.061406 9.061406 9.061406 9.061406 9.061406
9.061406 9.061406 9.061406 9.061406 9.061406
9.061406 9.061406 9.061406 9.061406 9.061406
9.061406 9.061406 9.061406 9.061406 9.061406
9.061406 9.061406 9.061406 9.061406 9.061406
9.061406 9.061406 9.061406 9.061406 9.061406
9.061406 9.061406 9.061406 9.061406 9.061406
9.061406 9.061406 9.061406 9.061406 9.061406
9.061406 9.061406 9.061406 9.061406 9.061406
9.061406 9.061406 9.061406 9.061406 9.061406
9.061406 9.061406 9.061406 9.061406 9.061406
9.061406 9.061406 9.061406 9.061406 9.061406
9.03425 9.03425 9.03425 9.03425 9.03425
9.03425 9.03425 9.03425 9.03425 9.03425
9.03425 9.03425 9.03425 9.03425 9.03425
9.03425 9.03425 9.03425 9.03425 9.03425
9.03425 9.03425 9.03425 9.03425 9.03425
9.03425 9.03425 9.03425 9.03425 9.03425
9.03425 9.03425 9.03425 9.03425 9.03425
9.03425 9.03425 9.03425 9.03425 9.03425
9.03425 9.03425 9.03425 9.03425 9.03425
9.03425 9.03425 9.03425 9.03425 9.03425
9.03425 9.03425 9.03425 9.03425 9.03425
9.03425 9.03425 9.03425 9.03425 9.03425
9.03425 9.03425 9.03425 9.03425 9.03425
9.03425 9.03425 9.03425 9.03425 9.03425
9.03425 9.03425 9.03425 9.03425 9.03425
9.03425 9.03425 9.03425 9.03425 9.03425
9.03425 9.03425 9.03425 9.03425 9.03425
9.03425 9.03425 9.03425 9.03425 9.03425
9.03425 9.03425 9.03425 9.03425 9.03425
9.03425 9.03425 9.03425 9.03425 9.03425
9.007095 9.007095 9.007095 9.007095 9.007095
9.007095 9.007095 9.007095 9.007095 9.007095
9.007095 9.007095 9.007095 9.007095 9.007095
9.007095 9.007095 9.007095 9.007095 9.007095
9.007095 9.007095 9.007095 9.007095 9.007095
9.007095 9.007095 9.007095 9.007095 9.007095
9.007095 9.007095 9.007095 9.007095 9.007095
9.007095 9.007095 9.007095 9.007095 9.007095
9.007095 9.007095 9.007095 9.007095 9.007095
9.007095 9.007095 9.007095 9.007095 9.007095
9.007095 9.007095 9.007095 9.007095 9.007095
9.007095 9.007095 9.007095 9.007095 9.007095
9.007095 9.007095 9.007095 9.007095 9.007095
9.007095 9.007095 9.007095 9.007095 9.007095
9.007095 9.007095 9.007095 9.007095 9.007095
9.007095 9.007095 9.007095 9.007095 9.007095
9.007095 9.007095 9.007095 9.007095 9.007095
9.007095 9.007095 9.007095 9.007095 9.007095
9.007095 9.007095 9.007095 9.007095 9.007095
9.007095 9.007095 9.007095 9.007095 9.007095
8.979939 8.979939 8.979939 8.979939 8.979939
8.979939 8.979939 8.979939 8.979939 8.979939
8.979939 8.979939 8.979939 8.979939 8.979939
8.979939 8.979939 8.979939 8.979939 8.979939
8.979939 8.979939 8.979939 8.979939 8.979939
8.979939 8.979939 8.979939 8.979939 8.979939
8.979939 8.979939 8.979939 8.979939 8.979939
8.979939 8.979939 8.979939 8.979939 8.979939
8.979939 8.979939 8.979939 8.979939 8.979939
8.979939 8.979939 8.979939 8.979939 8.979939
8.979939 8.979939 8.979939 8.979939 8.979939
8.979939 8.979939 8.979939 8.979939 8.979939
8.979939 8.979939 8.979939 8.979939 8.979939
8.979939 8.979939 8.979939 8.979939 8.979939
8.979939 8.979939 8.979939 8.979939 8.979939
8.979939 8.979939 8.979939 8.979939 8.979939
8.979939 8.979939 8.979939 8.979939 8.979939
8.979939 8.979939 8.979939 8.979939 8.979939
8.979939 8.979939 8.979939 8.979939 8.979939
8.979939 8.979939 8.979939 8.979939 8.979939
8.952784 8.952784 8.952784 8.952784 8.952784
8.952784 8.952784 8.952784 8.952784 8.952784
8.952784 8.952784 8.952784 8.952784 8.952784
8.952784 8.952784 8.952784 8.952784 8.952784
8.952784 8.952784 8.952784 8.952784 8.952784
8.952784 8.952784 8.952784 8.952784 8.952784
8.952784 8.952784 8.952784 8.952784 8.952784
8.952784 8.952784 8.952784 8.952784 8.952784
8.952784 8.952784 8.952784 8.952784 8.952784
8.952784 8.952784 8.952784 8.952784 8.952784
8.952784 8.952784 8.952784 8.952784 8.952784
8.952784 8.952784 8.952784 8.952784 8.952784
8.952784 8.952784 8.952784 8.952784 8.952784
8.952784 8.952784 8.952784 8.952784 8.952784
8.952784 8.952784 8.952784 8.952784 8.952784
8.952784 8.952784 8.952784 8.952784 8.952784
8.952784 8.952784 8.952784 8.952784 8.952784
8.952784 8.952784 8.952784 8.952784 8.952784
8.952784 8.952784 8.952784 8.952784 8.952784
8.952784 8.952784 8.952784 8.952784 8.952784
8.925628 8.925628 8.925628 8.925628 8.925628
8.925628 8.925628 8.925628 8.925628 8.925628
8.925628 8.925628 8.925628 8.925628 8.925628
8.925628 8.925628 8.925628 8.925628 8.925628
8.925628 8.925628 8.925628 8.925628 8.925628
8.925628 8.925628 8.925628 8.925628 8.925628
8.925628 8.925628 8.925628 8.925628 8.925628
8.925628 8.925628 8.925628 8.925628 8.925628
8.925628 8.925628 8.925628 8.925628 8.925628
8.925628 8.925628 8.925628 8.925628 8.925628
8.925628 8.925628 8.925628 8.925628 8.925628
8.925628 8.925628 8.925628 8.925628 8.925628
8.925628 8.925628 8.925628 8.925628 8.925628
8.925628 8.925628 8.925628 8.925628 8.925628
8.925628 8.925628 8.925628 8.925628 8.925628
8.925628 8.925628 8.925628 8.925628 8.925628
8.925628 8.925628 8.925628 8.925628 8.925628
8.925628 8.925628 8.925628 8.925628 8.925628
8.925628 8.925628 8.925628 8.925628 8.925628
8.925628 8.925628 8.925628 8.925628 8.925628
8.898472 8.898472 8.898472 8.898472 8.898472
8.898472 8.898472 8.898472 8.898472 8.898472
8.898472 8.898472 8.898472 8.898472 8.898472
8.898472 8.898472 8.898472 8.898472 8.898472
8.898472 8.898472 8.898472 8.898472 8.898472
8.898472 8.898472 8.898472 8.898472 8.898472
8.898472 8.898472 8.898472 8.898472 8.898472
8.898472 8.898472 8.898472 8.898472 8.898472
8.898472 8.898472 8.898472 8.898472 8.898472
8.898472 8.898472 8.898472 8.898472 8.898472
8.898472 8.898472 8.898472 8.898472 8.898472
8.898472 8.898472 8.898472 8.898472 8.898472
8.898472 8.898472 8.898472 8.898472 8.898472
8.898472 8.898472 8.898472 8.898472 8.898472
8.898472 8.898472 8.898472 8.898472 8.898472
8.898472 8.898472 8.898472 8.898472 8.898472
8.898472 8.898472 8.898472 8.898472 8.898472
8.898472 8.898472 8.898472 8.898472 8.898472
8.898472 8.898472 8.898472 8.898472 8.898472
8.898472 8.898472 8.898472 8.898472 8.898472
8.871317 8.871317 8.871317 8.871317 8.871317
8.871317 8.871317 8.871317 8.871317 8.871317
8.871317 8.871317 8.871317 8.871317 8.871317
8.871317 8.871317 8.871317 8.871317 8.871317
8.871317 8.871317 8.871317 8.871317 8.871317
8.871317 8.871317 8.871317 8.871317 8.871317
8.871317 8.871317 8.871317 8.871317 8.871317
8.871317 8.871317 8.871317 8.871317 8.871317
8.871317 8.871317 8.871317 8.871317 8.871317
8.871317 8.871317 8.871317 8.871317 8.871317
8.871317 8.871317 8.871317 8.871317 8.871317
8.871317 8.871317 8.871317 8.871317 8.871317
8.871317 8.871317 8.871317 8.871317 8.871317
8.871317 8.871317 8.871317 8.871317 8.871317
8.871317 8.871317 8.871317 8.871317 8.871317
8.871317 8.871317 8.871317 8.871317 8.871317
8.871317 8.871317 8.871317 8.871317 8.871317
8.871317 8.871317 8.871317 8.871317 8.871317
8.871317 8.871317 8.871317 8.871317 8.871317
8.871317 8.871317 8.871317 8.871317 8.871317
8.871425 8.871425 8.871425 8.871425 8.871425
8.871425 8.871425 8.871425 8.871425 8.871425
8.871425 8.871425 8.871425 8.871425 8.871425
8.871425 8.871425 8.871425 8.871425 8.871425
8.871425 8.871425 8.871425 8.871425 8.871425
8.871425 8.871425 8.871425 8.871425 8.871425
8.871425 8.871425 8.871425 8.871425 8.871425
8.871425 8.871425 8.871425 8.871425 8.871425
8.871425 8.871425 8.871425 8.871425 8.871425
8.871425 8.871425 8.871425 8.871425 8.871425
8.871425 8.871425 8.871425 8.871425 8.871425
8.871425 8.871425 8.871425 8.871425 8.871425
8.871425 8.871425 8.871425 8.871425 8.871425
8.871425 8.871425 8.871425 8.871425 8.871425
8.871425 8.871425 8.871425 8.871425 8.871425
8.871425 8.871425 8.871425 8.871425 8.871425
8.871425 8.871425 8.871425 8.871425 8.871425
8.871425 8.871425 8.871425 8.871425 8.871425
8.871425 8.871425 8.871425 8.871425 8.871425
8.871425 8.871425 8.871425 8.871425 8.871425
8.965442 8.965442 8.965442 8.965442 8.965442
8.965442 8.965442 8.965442 8.965442 8.965442
8.965442 8.965442 8.965442 8.965442 8.965442
8.965442 8.965442 8.965442 8.965442 8.965442
8.965442 8.965442 8.965442 8.965442 8.965442
8.965442 8.965442 8.965442 8.965442 8.965442
8.965442 8.965442 8.965442 8.965442 8.965442
8.965442 8.965442 8.965442 8.965442 8.965442
8.965442 8.965442 8.965442 8.965442 8.965442
8.965442 8.965442 8.965442 8.965442 8.965442
8.965442 8.965442 8.965442 8.965442 8.965442
8.965442 8.965442 8.965442 8.965442 8.965442
8.965442 8.965442 8.965442 8.965442 8.965442
8.965442 8.965442 8.965442 8.965442 8.965442
8.965442 8.965442 8.965442 8.965442 8.965442
8.965442 8.965442 8.965442 8.965442 8.965442
8.965442 8.965442 8.965442 8.965442 8.965442
8.965442 8.965442 8.965442 8.965442 8.965442
8.965442 8.965442 8.965442 8.965442 8.965442
8.965442 8.965442 8.965442 8.965442 8.965442
9.059459 9.059459 9.059459 9.059459 9.059459
9.059459 9.059459 9.059459 9.059459 9.059459
9.059459 9.059459 9.059459 9.059459 9.059459
9.059459 9.059459 9.059459 9.059459 9.059459
9.059459 9.059459 9.059459 9.059459 9.059459
9.059459 9.059459 9.059459 9.059459 9.059459
9.059459 9.059459 9.059459 9.059459 9.059459
9.059459 9.059459 9.059459 9.059459 9.059459
9.059459 9.059459 9.059459 9.059459 9.059459
9.059459 9.059459 9.059459 9.059459 9.059459
9.059459 9.059459 9.059459 9.059459 9.059459
9.059459 9.059459 9.059459 9.059459 9.059459
9.059459 9.059459 9.059459 9.059459 9.059459
9.059459 9.059459 9.059459 9.059459 9.059459
9.059459 9.059459 9.059459 9.059459 9.059459
9.059459 9.059459 9.059459 9.059459 9.059459
9.059459 9.059459 9.059459 9.059459 9.059459
9.059459 9.059459 9.059459 9.059459 9.059459
9.059459 9.059459 9.059459 9.059459 9.059459
9.059459 9.059459 9.059459 9.059459 9.059459
9.153476 9.153476 9.153476 9.153476 9.153476
9.153476 9.153476 9.153476 9.153476 9.153476
9.153476 9.153476 9.153476 9.153476 9.153476
9.153476 9.153476 9.153476 9.153476 9.153476
9.153476 9.153476 9.153476 9.153476 9.153476
9.153476 9.153476 9.153476 9.153476 9.153476
9.153476 9.153476 9.153476 9.153476 9.153476
9.153476 9.153476 9.153476 9.153476 9.153476
9.153476 9.153476 9.153476 9.153476 9.153476
9.153476 9.153476 9.153476 9.153476 9.153476
9.153476 9.153476 9.153476 9.153476 9.153476
9.153476 9.153476 9.153476 9.153476 9.153476
9.153476 9.153476 9.153476 9.153476 9.153476
9.153476 9.153476 9.153476 9.153476 9.153476
9.153476 9.153476 9.153476 9.153476 9.153476
9.153476 9.153476 9.153476 9.153476 9.153476
9.153476 9.153476 9.153476 9.153476 9.153476
9.153476 9.153476 9.153476 9.153476 9.153476
9.153476 9.153476 9.153476 9.153476 9.153476
9.153476 9.153476 9.153476 9.153476 9.153476
9.247493 9.247493 9.247493 9.247493 9.247493
9.247493 9.247493 9.247493 9.247493 9.247493
9.247493 9.247493 9.247493 9.247493 9.247493
9.247493 9.247493 9.247493 9.247493 9.247493
9.247493 9.247493 9.247493 9.247493 9.247493
9.247493 9.247493 9.247493 9.247493 9.247493
9.247493 9.247493 9.247493 9.247493 9.247493
9.247493 9.247493 9.247493 9.247493 9.247493
9.247493 9.247493 9.247493 9.247493 9.247493
9.247493 9.247493 9.247493 9.247493 9.247493
9.247493 9.247493 9.247493 9.247493 9.247493
9.247493 9.247493 9.247493 9.247493 9.247493
9.247493 9.247493 9.247493 9.247493 9.247493
9.247493 9.247493 9.247493 9.247493 9.247493
9.247493 9.247493 9.247493 9.247493 9.247493
9.247493 9.247493 9.247493 9.247493 9.247493
9.247493 9.247493 9.247493 9.247493 9.247493
9.247493 9.247493 9.247493 9.247493 9.247493
9.247493 9.247493 9.247493 9.247493 9.247493
9.247493 9.247493 9.247493 9.247493 9.247493
9.34151 9.34151 9.34151 9.34151 9.34151
9.34151 9.34151 9.34151 9.34151 9.34151
9.34151 9.34151 9.34151 9.34151 9.34151
9.34151 9.34151 9.34151 9.34151 9.34151
9.34151 9.34151 9.34151 9.34151 9.34151
9.34151 9.34151 9.34151 9.34151 9.34151
9.34151 9.34151 9.34151 9.34151 9.34151
9.34151 9.34151 9.34151 9.34151 9.34151
9.34151 9.34151 9.34151 9.34151 9.34151
9.34151 9.34151 9.34151 9.34151 9.34151
9.34151 9.34151 9.34151 9.34151 9.34151
9.34151 9.34151 9.34151 9.34151 9.34151
9.34151 9.34151 9.34151 9.34151 9.34151
9.34151 9.34151 9.34151 9.34151 9.34151
9.34151 9.34151 9.34151 9.34151 9.34151
9.34151 9.34151 9.34151 9.34151 9.34151
9.34151 9.34151 9.34151 9.34151 9.34151
9.34151 9.34151 9.34151 9.34151 9.34151
9.34151 9.34151 9.34151 9.34151 9.34151
9.34151 9.34151 9.34151 9.34151 9.34151
9.435527 9.435527 9.435527 9.435527 9.435527
9.435527 9.435527 9.435527 9.435527 9.435527
9.435527 9.435527 9.435527 9.435527 9.435527
9.435527 9.435527 9.435527 9.435527 9.435527
9.435527 9.435527 9.435527 9.435527 9.435527
9.435527 9.435527 9.435527 9.435527 9.435527
9.435527 9.435527 9.435527 9.435527 9.435527
9.435527 9.435527 9.435527 9.435527 9.435527
9.435527 9.435527 9.435527 9.435527 9.435527
9.435527 9.435527 9.435527 9.435527 9.435527
9.435527 9.435527 9.435527 9.435527 9.435527
9.435527 9.435527 9.435527 9.435527 9.435527
9.435527 9.435527 9.435527 9.435527 9.435527
9.435527 9.435527 9.435527 9.435527 9.435527
9.435527 9.435527 9.435527 9.435527 9.435527
9.435527 9.435527 9.435527 9.435527 9.435527
9.435527 9.435527 9.435527 9.435527 9.435527
9.435527 9.435527 9.435527 9.435527 9.435527
9.435527 9.435527 9.435527 9.435527 9.435527
9.435527 9.435527 9.435527 9.435527 9.435527
9.529544 9.529544 9.529544 9.529544 9.529544
9.529544 9.529544 9.529544 9.529544 9.529544
9.529544 9.529544 9.529544 9.529544 9.529544
9.529544 9.529544 9.529544 9.529544 9.529544
9.529544 9.529544 9.529544 9.529544 9.529544
9.529544 9.529544 9.529544 9.529544 9.529544
9.529544 9.529544 9.529544 9.529544 9.529544
9.529544 9.529544 9.529544 9.529544 9.529544
9.529544 9.529544 9.529544 9.529544 9.529544
9.529544 9.529544 9.529544 9.529544 9.529544
9.529544 9.529544 9.529544 9.529544 9.529544
9.529544 9.529544 9.529544 9.529544 9.529544
9.529544 9.529544 9.529544 9.529544 9.529544
9.529544 9.529544 9.529544 9.529544 9.529544
9.529544 9.529544 9.529544 9.529544 9.529544
9.529544 9.529544 9.529544 9.529544 9.529544
9.529544 9.529544 9.529544 9.529544 9.529544
9.529544 9.529544 9.529544 9.529544 9.529544
9.529544 9.529544 9.529544 9.529544 9.529544
9.529544 9.529544 9.529544 9.529544 9.529544
9.623561 9.623561 9.623561 9.623561 9.623561
9.623561 9.623561 9.623561 9.623561 9.623561
9.623561 9.623561 9.623561 9.623561 9.623561
9.623561 9.623561 9.623561 9.623561 9.623561
9.623561 9.623561 9.623561 9.623561 9.623561
9.623561 9.623561 9.623561 9.623561 9.623561
9.623561 9.623561 9.623561 9.623561 9.623561
9.623561 9.623561 9.623561 9.623561 9.623561
9.623561 9.623561 9.623561 9.623561 9.623561
9.623561 9.623561 9.623561 9.623561 9.623561
9.623561 9.623561 9.623561 9.623561 9.623561
9.623561 9.623561 9.623561 9.623561 9.623561
9.623561 9.623561 9.623561 9.623561 9.623561
9.623561 9.623561 9.623561 9.623561 9.623561
9.623561 9.623561 9.623561 9.623561 9.623561
9.623561 9.623561 9.623561 9.623561 9.623561
9.623561 9.623561 9.623561 9.623561 9.623561
9.623561 9.623561 9.623561 9.623561 9.623561
9.623561 9.623561 9.623561 9.623561 9.623561
9.623561 9.623561 9.623561 9.623561 9.623561
9.717578 9.717578 9.717578 9.717578 9.717578
9.717578 9.717578 9.717578 9.717578 9.717578
9.717578 9.717578 9.717578 9.717578 9.717578
9.717578 9.717578 9.717578 9.717578 9.717578
9.717578 9.717578 9.717578 9.717578 9.717578
9.717578 9.717578 9.717578 9.717578 9.717578
9.717578 9.717578 9.717578 9.717578 9.717578
9.717578 9.717578 9.717578 9.717578 9.717578
9.717578 9.717578 9.717578 9.717578 9.717578
9.717578 9.717578 9.717578 9.717578 9.717578
9.717578 9.717578 9.717578 9.717578 9.717578
9.717578 9.717578 9.717578 9.717578 9.717578
9.717578 9.717578 9.717578 9.717578 9.717578
9.717578 9.717578 9.717578 9.717578 9.717578
9.717578 9.717578 9.717578 9.717578 9.717578
9.717578 9.717578 9.717578 9.717578 9.717578
9.717578 9.717578 9.717578 9.717578 9.717578
9.717578 9.717578 9.717578 9.717578 9.717578
9.717578 9.717578 9.717578 9.717578 9.717578
9.717578 9.717578 9.717578 9.717578 9.717578
9.811595 9.811595 9.811595 9.811595 9.811595
9.811595 9.811595 9.811595 9.811595 9.811595
9.811595 9.811595 9.811595 9.811595 9.811595
9.811595 9.811595 9.811595 9.811595 9.811595
9.811595 9.811595 9.811595 9.811595 9.811595
9.811595 9.811595 9.811595 9.811595 9.811595
9.811595 9.811595 9.811595 9.811595 9.811595
9.811595 9.811595 9.811595 9.811595 9.811595
9.811595 9.811595 9.811595 9.811595 9.811595
9.811595 9.811595 9.811595 9.811595 9.811595
9.811595 9.811595 9.811595 9.811595 9.811595
9.811595 9.811595 9.811595 9.811595 9.811595
9.811595 9.811595 9.811595 9.811595 9.811595
9.811595 9.811595 9.811595 9.811595 9.811595
9.811595 9.811595 9.811595 9.811595 9.811595
9.811595 9.811595 9.811595 9.811595 9.811595
9.811595 9.811595 9.811595 9.811595 9.811595
9.811595 9.811595 9.811595 9.811595 9.811595
9.811595 9.811595 9.811595 9.811595 9.811595
9.811595 9.811595 9.811595 9.811595 9.811595
9.905611 9.905611 9.905611 9.905611 9.905611
9.905611 9.905611 9.905611 9.905611 9.905611
9.905611 9.905611 9.905611 9.905611 9.905611
9.905611 9.905611 9.905611 9.905611 9.905611
9.905611 9.905611 9.905611 9.905611 9.905611
9.905611 9.905611 9.905611 9.905611 9.905611
9.905611 9.905611 9.905611 9.905611 9.905611
9.905611 9.905611 9.905611 9.905611 9.905611
9.905611 9.905611 9.905611 9.905611 9.905611
9.905611 9.905611 9.905611 9.905611 9.905611
9.905611 9.905611 9.905611 9.905611 9.905611
9.905611 9.905611 9.905611 9.905611 9.905611
9.905611 9.905611 9.905611 9.905611 9.905611
9.905611 9.905611 9.905611 9.905611 9.905611
9.905611 9.905611 9.905611 9.905611 9.905611
9.905611 9.905611 9.905611 9.905611 9.905611
9.905611 9.905611 9.905611 9.905611 9.905611
9.905611 9.905611 9.905611 9.905611 9.905611
9.905611 9.905611 9.905611 9.905611 9.905611
9.905611 9.905611 9.905611 9.905611 9.905611
9.999628 9.999628 9.999628 9.999628 9.999628
9.999628 9.999628 9.999628 9.999628 9.999628
9.999628 9.999628 9.999628 9.999628 9.999628
9.999628 9.999628 9.999628 9.999628 9.999628
9.999628 9.999628 9.999628 9.999628 9.999628
9.999628 9.999628 9.999628 9.999628 9.999628
9.999628 9.999628 9.999628 9.999628 9.999628
9.999628 9.999628 9.999628 9.999628 9.999628
9.999628 9.999628 9.999628 9.999628 9.999628
9.999628 9.999628 9.999628 9.999628 9.999628
9.999628 9.999628 9.999628 9.999628 9.999628
9.999628 9.999628 9.999628 9.999628 9.999628
9.999628 9.999628 9.999628 9.999628 9.999628
9.999628 9.999628 9.999628 9.999628 9.999628
9.999628 9.999628 9.999628 9.999628 9.999628
9.999628 9.999628 9.999628 9.999628 9.999628
9.999628 9.999628 9.999628 9.999628 9.999628
9.999628 9.999628 9.999628 9.999628 9.999628
9.999628 9.999628 9.999628 9.999628 9.999628
9.999628 9.999628 9.999628 9.999628 9.999628
10.09365 10.09365 10.09365 10.09365 10.09365
10.09365 10.09365 10.09365 10.09365 10.09365
10.09365 10.09365 10.09365 10.09365 10.09365
10.09365 10.09365 10.09365 10.09365 10.09365
10.09365 10.09365 10.09365 10.09365 10.09365
10.09365 10.09365 10.09365 10.09365 10.09365
10.09365 10.09365 10.09365 10.09365 10.09365
10.09365 10.09365 10.09365 10.09365 10.09365
10.09365 10.09365 10.09365 10.09365 10.09365
10.09365 10.09365 10.09365 10.09365 10.09365
10.09365 10.09365 10.09365 10.09365 10.09365
10.09365 10.09365 10.09365 10.09365 10.09365
10.09365 10.09365 10.09365 10.09365 10.09365
10.09365 10.09365 10.09365 10.09365 10.09365
10.09365 10.09365 10.09365 10.09365 10.09365
10.09365 10.09365 10.09365 10.09365 10.09365
10.09365 10.09365 10.09365 10.09365 10.09365
10.09365 10.09365 10.09365 10.09365 10.09365
10.09365 10.09365 10.09365 10.09365 10.09365
10.09365 10.09365 10.09365 10.09365 10.09365
10.18766 10.18766 10.18766 10.18766 10.18766
10.18766 10.18766 10.18766 10.18766 10.18766
10.18766 10.18766 10.18766 10.18766 10.18766
10.18766 10.18766 10.18766 10.18766 10.18766
10.18766 10.18766 10.18766 10.18766 10.18766
10.18766 10.18766 10.18766 10.18766 10.18766
10.18766 10.18766 10.18766 10.18766 10.18766
10.18766 10.18766 10.18766 10.18766 10.18766
10.18766 10.18766 10.18766 10.18766 10.18766
10.18766 10.18766 10.18766 10.18766 10.18766
10.18766 10.18766 10.18766 10.18766 10.18766
10.18766 10.18766 10.18766 10.18766 10.18766
10.18766 10.18766 10.18766 10.18766 10.18766
10.18766 10.18766 10.18766 10.18766 10.18766
10.18766 10.18766 10.18766 10.18766 10.18766
10.18766 10.18766 10.18766 10.18766 10.18766
10.18766 10.18766 10.18766 10.18766 10.18766
10.18766 10.18766 10.18766 10.18766 10.18766
10.18766 10.18766 10.18766 10.18766 10.18766
10.18766 10.18766 10.18766 10.18766 10.18766
10.28168 10.28168 10.28168 10.28168 10.28168
10.28168 10.28168 10.28168 10.28168 10.28168
10.28168 10.28168 10.28168 10.28168 10.28168
10.28168 10.28168 10.28168 10.28168 10.28168
10.28168 10.28168 10.28168 10.28168 10.28168
10.28168 10.28168 10.28168 10.28168 10.28168
10.28168 10.28168 10.28168 10.28168 10.28168
10.28168 10.28168 10.28168 10.28168 10.28168
10.28168 10.28168 10.28168 10.28168 10.28168
10.28168 10.28168 10.28168 10.28168 10.28168
10.28168 10.28168 10.28168 10.28168 10.28168
10.28168 10.28168 10.28168 10.28168 10.28168
10.28168 10.28168 10.28168 10.28168 10.28168
10.28168 10.28168 10.28168 10.28168 10.28168
10.28168 10.28168 10.28168 10.28168 10.28168
10.28168 10.28168 10.28168 10.28168 10.28168
10.28168 10.28168 10.28168 10.28168 10.28168
10.28168 10.28168 10.28168 10.28168 10.28168
10.28168 10.28168 10.28168 10.28168 10.28168
10.28168 10.28168 10.28168 10.28168 10.28168
10.3757 10.3757 10.3757 10.3757 10.3757
10.3757 10.3757 10.3757 10.3757 10.3757
10.3757 10.3757 10.3757 10.3757 10.3757
10.3757 10.3757 10.3757 10.3757 10.3757
10.3757 10.3757 10.3757 10.3757 10.3757
10.3757 10.3757 10.3757 10.3757 10.3757
10.3757 10.3757 10.3757 10.3757 10.3757
10.3757 10.3757 10.3757 10.3757 10.3757
10.3757 10.3757 10.3757 10.3757 10.3757
10.3757 10.3757 10.3757 10.3757 10.3757
10.3757 10.3757 10.3757 10.3757 10.3757
10.3757 10.3757 10.3757 10.3757 10.3757
10.3757 10.3757 10.3757 10.3757 10.3757
10.3757 10.3757 10.3757 10.3757 10.3757
10.3757 10.3757 10.3757 10.3757 10.3757
10.3757 10.3757 10.3757 10.3757 10.3757
10.3757 10.3757 10.3757 10.3757 10.3757
10.3757 10.3757 10.3757 10.3757 10.3757
10.3757 10.3757 10.3757 10.3757 10.3757
10.3757 10.3757 10.3757 10.3757 10.3757
10.46971 10.46971 10.46971 10.46971 10.46971
10.46971 10.46971 10.46971 10.46971 10.46971
10.46971 10.46971 10.46971 10.46971 10.46971
10.46971 10.46971 10.46971 10.46971 10.46971
10.46971 10.46971 10.46971 10.46971 10.46971
10.46971 10.46971 10.46971 10.46971 10.46971
10.46971 10.46971 10.46971 10.46971 10.46971
10.46971 10.46971 10.46971 10.46971 10.46971
10.46971 10.46971 10.46971 10.46971 10.46971
10.46971 10.46971 10.46971 10.46971 10.46971
10.46971 10.46971 10.46971 10.46971 10.46971
10.46971 10.46971 10.46971 10.46971 10.46971
10.46971 10.46971 10.46971 10.46971 10.46971
10.46971 10.46971 10.46971 10.46971 10.46971
10.46971 10.46971 10.46971 10.46971 10.46971
10.46971 10.46971 10.46971 10.46971 10.46971
10.46971 10.46971 10.46971 10.46971 10.46971
10.46971 10.46971 10.46971 10.46971 10.46971
10.46971 10.46971 10.46971 10.46971 10.46971
10.46971 10.46971 10.46971 10.46971 10.46971
10.56373 10.56373 10.56373 10.56373 10.56373
10.56373 10.56373 10.56373 10.56373 10.56373
10.56373 10.56373 10.56373 10.56373 10.56373
10.56373 10.56373 10.56373 10.56373 10.56373
10.56373 10.56373 10.56373 10.56373 10.56373
10.56373 10.56373 10.56373 10.56373 10.56373
10.56373 10.56373 10.56373 10.56373 10.56373
10.56373 10.56373 10.56373 10.56373 10.56373
10.56373 10.56373 10.56373 10.56373 10.56373
10.56373 10.56373 10.56373 10.56373 10.56373
10.56373 10.56373 10.56373 10.56373 10.56373
10.56373 10.56373 10.56373 10.56373 10.56373
10.56373 10.56373 10.56373 10.56373 10.56373
10.56373 10.56373 10.56373 10.56373 10.56373
10.56373 10.56373 10.56373 10.56373 10.56373
10.56373 10.56373 10.56373 10.56373 10.56373
10.56373 10.56373 10.56373 10.56373 10.56373
10.56373 10.56373 10.56373 10.56373 10.56373
10.56373 10.56373 10.56373 10.56373 10.56373
10.56373 10.56373 10.56373 10.56373 10.56373
10.65775 10.65775 10.65775 10.65775 10.65775
10.65775 10.65775 10.65775 10.65775 10.65775
10.65775 10.65775 10.65775 10.65775 10.65775
10.65775 10.65775 10.65775 10.65775 10.65775
10.65775 10.65775 10.65775 10.65775 10.65775
10.65775 10.65775 10.65775 10.65775 10.65775
10.65775 10.65775 10.65775 10.65775 10.65775
10.65775 10.65775 10.65775 10.65775 10.65775
10.65775 10.65775 10.65775 10.65775 10.65775
10.65775 10.65775 10.65775 10.65775 10.65775
10.65775 10.65775 10.65775 10.65775 10.65775
10.65775 10.65775 10.65775 10.65775 10.65775
10.65775 10.65775 10.65775 10.65775 10.65775
10.65775 10.65775 10.65775 10.65775 10.65775
10.65775 10.65775 10.65775 10.65775 10.65775
10.65775 10.65775 10.65775 10.65775 10.65775
10.65775 10.65775 10.65775 10.65775 10.65775
10.65775 10.65775 10.65775 10.65775 10.65775
10.65775 10.65775 10.65775 10.65775 10.65775
10.65775 10.65775 10.65775 10.65775 10.65775
10.75176 10.75176 10.75176 10.75176 10.75176
10.75176 10.75176 10.75176 10.75176 10.75176
10.75176 10.75176 10.75176 10.75176 10.75176
10.75176 10.75176 10.75176 10.75176 10.75176
10.75176 10.75176 10.75176 10.75176 10.75176
10.75176 10.75176 10.75176 10.75176 10.75176
10.75176 10.75176 10.75176 10.75176 10.75176
10.75176 10.75176 10.75176 10.75176 10.75176
10.75176 10.75176 10.75176 10.75176 10.75176
10.75176 10.75176 10.75176 10.75176 10.75176
10.75176 10.75176 10.75176 10.75176 10.75176
10.75176 10.75176 10.75176 10.75176 10.75176
10.75176 10.75176 10.75176 10.75176 10.75176
10.75176 10.75176 10.75176 10.75176 10.75176
10.75176 10.75176 10.75176 10.75176 10.75176
10.75176 10.75176 10.75176 10.75176 10.75176
10.75176 10.75176 10.75176 10.75176 10.75176
10.75176 10.75176 10.75176 10.75176 10.75176
10.75176 10.75176 10.75176 10.75176 10.75176
10.75176 10.75176 10.75176 10.75176 10.75176
10.84578 10.84578 10.84578 10.84578 10.84578
10.84578 10.84578 10.84578 10.84578 10.84578
10.84578 10.84578 10.84578 10.84578 10.84578
10.84578 10.84578 10.84578 10.84578 10.84578
10.84578 10.84578 10.84578 10.84578 10.84578
10.84578 10.84578 10.84578 10.84578 10.84578
10.84578 10.84578 10.84578 10.84578 10.84578
10.84578 10.84578 10.84578 10.84578 10.84578
10.84578 10.84578 10.84578 10.84578 10.84578
10.84578 10.84578 10.84578 10.84578 10.84578
10.84578 10.84578 10.84578 10.84578 10.84578
10.84578 10.84578 10.84578 10.84578 10.84578
10.84578 10.84578 10.84578 10.84578 10.84578
10.84578 10.84578 10.84578 10.84578 10.84578
10.84578 10.84578 10.84578 10.84578 10.84578
10.84578 10.84578 10.84578 10.84578 10.84578
10.84578 10.84578 10.84578 10.84578 10.84578
10.84578 10.84578 10.84578 10.84578 10.84578
10.84578 10.84578 10.84578 10.84578 10.84578
10.84578 10.84578 10.84578 10.84578 10.84578
10.9398 10.9398 10.9398 10.9398 10.9398
10.9398 10.9398 10.9398 10.9398 10.9398
10.9398 10.9398 10.9398 10.9398 10.9398
10.9398 10.9398 10.9398 10.9398 10.9398
10.9398 10.9398 10.9398 10.9398 10.9398
10.9398 10.9398 10.9398 10.9398 10.9398
10.9398 10.9398 10.9398 10.9398 10.9398
10.9398 10.9398 10.9398 10.9398 10.9398
10.9398 10.9398 10.9398 10.9398 10.9398
10.9398 10.9398 10.9398 10.9398 10.9398
10.9398 10.9398 10.9398 10.9398 10.9398
10.9398 10.9398 10.9398 10.9398 10.9398
10.9398 10.9398 10.9398 10.9398 10.9398
10.9398 10.9398 10.9398 10.9398 10.9398
10.9398 10.9398 10.9398 10.9398 10.9398
10.9398 10.9398 10.9398 10.9398 10.9398
10.9398 10.9398 10.9398 10.9398 10.9398
10.9398 10.9398 10.9398 10.9398 10.9398
10.9398 10.9398 10.9398 10.9398 10.9398
10.9398 10.9398 10.9398 10.9398 10.9398
11.03381 11.03381 11.03381 11.03381 11.03381
11.03381 11.03381 11.03381 11.03381 11.03381
11.03381 11.03381 11.03381 11.03381 11.03381
11.03381 11.03381 11.03381 11.03381 11.03381
11.03381 11.03381 11.03381 11.03381 11.03381
11.03381 11.03381 11.03381 11.03381 11.03381
11.03381 11.03381 11.03381 11.03381 11.03381
11.03381 11.03381 11.03381 11.03381 11.03381
11.03381 11.03381 11.03381 11.03381 11.03381
11.03381 11.03381 11.03381 11.03381 11.03381
11.03381 11.03381 11.03381 11.03381 11.03381
11.03381 11.03381 11.03381 11.03381 11.03381
11.03381 11.03381 11.03381 11.03381 11.03381
11.03381 11.03381 11.03381 11.03381 11.03381
11.03381 11.03381 11.03381 11.03381 11.03381
11.03381 11.03381 11.03381 11.03381 11.03381
11.03381 11.03381 11.03381 11.03381 11.03381
11.03381 11.03381 11.03381 11.03381 11.03381
11.03381 11.03381 11.03381 11.03381 11.03381
11.03381 11.03381 11.03381 11.03381 11.03381
11.12783 11.12783 11.12783 11.12783 11.12783
11.12783 11.12783 11.12783 11.12783 11.12783
11.12783 11.12783 11.12783 11.12783 11.12783
11.12783 11.12783 11.12783 11.12783 11.12783
11.12783 11.12783 11.12783 11.12783 11.12783
11.12783 11.12783 11.12783 11.12783 11.12783
11.12783 11.12783 11.12783 11.12783 11.12783
11.12783 11.12783 11.12783 11.12783 11.12783
11.12783 11.12783 11.12783 11.12783 11.12783
11.12783 11.12783 11.12783 11.12783 11.12783
11.12783 11.12783 11.12783 11.12783 11.12783
11.12783 11.12783 11.12783 11.12783 11.12783
11.12783 11.12783 11.12783 11.12783 11.12783
11.12783 11.12783 11.12783 11.12783 11.12783
11.12783 11.12783 11.12783 11.12783 11.12783
11.12783 11.12783 11.12783 11.12783 11.12783
11.12783 11.12783 11.12783 11.12783 11.12783
11.12783 11.12783 11.12783 11.12783 11.12783
11.12783 11.12783 11.12783 11.12783 11.12783
11.12783 11.12783 11.12783 11.12783 11.12783
11.22185 11.22185 11.22185 11.22185 11.22185
11.22185 11.22185 11.22185 11.22185 11.22185
11.22185 11.22185 11.22185 11.22185 11.22185
11.22185 11.22185 11.22185 11.22185 11.22185
11.22185 11.22185 11.22185 11.22185 11.22185
11.22185 11.22185 11.22185 11.22185 11.22185
11.22185 11.22185 11.22185 11.22185 11.22185
11.22185 11.22185 11.22185 11.22185 11.22185
11.22185 11.22185 11.22185 11.22185 11.22185
11.22185 11.22185 11.22185 11.22185 11.22185
11.22185 11.22185 11.22185 11.22185 11.22185
11.22185 11.22185 11.22185 11.22185 11.22185
11.22185 11.22185 11.22185 11.22185 11.22185
11.22185 11.22185 11.22185 11.22185 11.22185
11.22185 11.22185 11.22185 11.22185 11.22185
11.22185 11.22185 11.22185 11.22185 11.22185
11.22185 11.22185 11.22185 11.22185 11.22185
11.22185 11.22185 11.22185 11.22185 11.22185
11.22185 11.22185 11.22185 11.22185 11.22185
11.22185 11.22185 11.22185 11.22185 11.22185
11.31587 11.31587 11.31587 11.31587 11.31587
11.31587 11.31587 11.31587 11.31587 11.31587
11.31587 11.31587 11.31587 11.31587 11.31587
11.31587 11.31587 11.31587 11.31587 11.31587
11.31587 11.31587 11.31587 11.31587 11.31587
11.31587 11.31587 11.31587 11.31587 11.31587
11.31587 11.31587 11.31587 11.31587 11.31587
11.31587 11.31587 11.31587 11.31587 11.31587
11.31587 11.31587 11.31587 11.31587 11.31587
11.31587 11.31587 11.31587 11.31587 11.31587
11.31587 11.31587 11.31587 11.31587 11.31587
11.31587 11.31587 11.31587 11.31587 11.31587
11.31587 11.31587 11.31587 11.31587 11.31587
11.31587 11.31587 11.31587 11.31587 11.31587
11.31587 11.31587 11.31587 11.31587 11.31587
11.31587 11.31587 11.31587 11.31587 11.31587
11.31587 11.31587 11.31587 11.31587 11.31587
11.31587 11.31587 11.31587 11.31587 11.31587
11.31587 11.31587 11.31587 11.31587 11.31587
11.31587 11.31587 11.31587 11.31587 11.31587
11.40988 11.40988 11.40988 11.40988 11.40988
11.40988 11.40988 11.40988 11.40988 11.40988
11.40988 11.40988 11.40988 11.40988 11.40988
11.40988 11.40988 11.40988 11.40988 11.40988
11.40988 11.40988 11.40988 11.40988 11.40988
11.40988 11.40988 11.40988 11.40988 11.40988
11.40988 11.40988 11.40988 11.40988 11.40988
11.40988 11.40988 11.40988 11.40988 11.40988
11.40988 11.40988 11.40988 11.40988 11.40988
11.40988 11.40988 11.40988 11.40988 11.40988
11.40988 11.40988 11.40988 11.40988 11.40988
11.40988 11.40988 11.40988 11.40988 11.40988
11.40988 11.40988 11.40988 11.40988 11.40988
11.40988 11.40988 11.40988 11.40988 11.40988
11.40988 11.40988 11.40988 11.40988 11.40988
11.40988 11.40988 11.40988 11.40988 11.40988
11.40988 11.40988 11.40988 11.40988 11.40988
11.40988 11.40988 11.40988 11.40988 11.40988
11.40988 11.40988 11.40988 11.40988 11.40988
11.40988 11.40988 11.40988 11.40988 11.40988
11.5039 11.5039 11.5039 11.5039 11.5039
11.5039 11.5039 11.5039 11.5039 11.5039
11.5039 11.5039 11.5039 11.5039 11.5039
11.5039 11.5039 11.5039 11.5039 11.5039
11.5039 11.5039 11.5039 11.5039 11.5039
11.5039 11.5039 11.5039 11.5039 11.5039
11.5039 11.5039 11.5039 11.5039 11.5039
11.5039 11.5039 11.5039 11.5039 11.5039
11.5039 11.5039 11.5039 11.5039 11.5039
11.5039 11.5039 11.5039 11.5039 11.5039
11.5039 11.5039 11.5039 11.5039 11.5039
11.5039 11.5039 11.5039 11.5039 11.5039
11.5039 11.5039 11.5039 11.5039 11.5039
11.5039 11.5039 11.5039 11.5039 11.5039
11.5039 11.5039 11.5039 11.5039 11.5039
11.5039 11.5039 11.5039 11.5039 11.5039
11.5039 11.5039 11.5039 11.5039 11.5039
11.5039 11.5039 11.5039 11.5039 11.5039
11.5039 11.5039 11.5039 11.5039 11.5039
11.5039 11.5039 11.5039 11.5039 11.5039
11.59792 11.59792 11.59792 11.59792 11.59792
11.59792 11.59792 11.59792 11.59792 11.59792
11.59792 11.59792 11.59792 11.59792 11.59792
11.59792 11.59792 11.59792 11.59792 11.59792
11.59792 11.59792 11.59792 11.59792 11.59792
11.59792 11.59792 11.59792 11.59792 11.59792
11.59792 11.59792 11.59792 11.59792 11.59792
11.59792 11.59792 11.59792 11.59792 11.59792
11.59792 11.59792 11.59792 11.59792 11.59792
11.59792 11.59792 11.59792 11.59792 11.59792
11.59792 11.59792 11.59792 11.59792 11.59792
11.59792 11.59792 11.59792 11.59792 11.59792
11.59792 11.59792 11.59792 11.59792 11.59792
11.59792 11.59792 11.59792 11.59792 11.59792
11.59792 11.59792 11.59792 11.59792 11.59792
11.59792 11.59792 11.59792 11.59792 11.59792
11.59792 11.59792 11.59792 11.59792 11.59792
11.59792 11.59792 11.59792 11.59792 11.59792
11.59792 11.59792 11.59792 11.59792 11.59792
11.59792 11.59792 11.59792 11.59792 11.59792
11.69193 11.69193 11.69193 11.69193 11.69193
11.69193 11.69193 11.69193 11.69193 11.69193
11.69193 11.69193 11.69193 11.69193 11.69193
11.69193 11.69193 11.69193 11.69193 11.69193
11.69193 11.69193 11.69193 11.69193 11.69193
11.69193 11.69193 11.69193 11.69193 11.69193
11.69193 11.69193 11.69193 11.69193 11.69193
11.69193 11.69193 11.69193 11.69193 11.69193
11.69193 11.69193 11.69193 11.69193 11.69193
11.69193 11.69193 11.69193 11.69193 11.69193
11.69193 11.69193 11.69193 11.69193 11.69193
11.69193 11.69193 11.69193 11.69193 11.69193
11.69193 11.69193 11.69193 11.69193 11.69193
11.69193 11.69193 11.69193 11.69193 11.69193
11.69193 11.69193 11.69193 11.69193 11.69193
11.69193 11.69193 11.69193 11.69193 11.69193
11.69193 11.69193 11.69193 11.69193 11.69193
11.69193 11.69193 11.69193 11.69193 11.69193
11.69193 11.69193 11.69193 11.69193 11.69193
11.69193 11.69193 11.69193 11.69193 11.69193
11.78595 11.78595 11.78595 11.78595 11.78595
11.78595 11.78595 11.78595 11.78595 11.78595
11.78595 11.78595 11.78595 11.78595 11.78595
11.78595 11.78595 11.78595 11.78595 11.78595
11.78595 11.78595 11.78595 11.78595 11.78595
11.78595 11.78595 11.78595 11.78595 11.78595
11.78595 11.78595 11.78595 11.78595 11.78595
11.78595 11.78595 11.78595 11.78595 11.78595
11.78595 11.78595 11.78595 11.78595 11.78595
11.78595 11.78595 11.78595 11.78595 11.78595
11.78595 11.78595 11.78595 11.78595 11.78595
11.78595 11.78595 11.78595 11.78595 11.78595
11.78595 11.78595 11.78595 11.78595 11.78595
11.78595 11.78595 11.78595 11.78595 11.78595
11.78595 11.78595 11.78595 11.78595 11.78595
11.78595 11.78595 11.78595 11.78595 11.78595
11.78595 11.78595 11.78595 11.78595 11.78595
11.78595 11.78595 11.78595 11.78595 11.78595
11.78595 11.78595 11.78595 11.78595 11.78595
11.78595 11.78595 11.78595 11.78595 11.78595
11.87997 11.87997 11.87997 11.87997 11.87997
11.87997 11.87997 11.87997 11.87997 11.87997
11.87997 11.87997 11.87997 11.87997 11.87997
11.87997 11.87997 11.87997 11.87997 11.87997
11.87997 11.87997 11.87997 11.87997 11.87997
11.87997 11.87997 11.87997 11.87997 11.87997
11.87997 11.87997 11.87997 11.87997 11.87997
11.87997 11.87997 11.87997 11.87997 11.87997
11.87997 11.87997 11.87997 11.87997 11.87997
11.87997 11.87997 11.87997 11.87997 11.87997
11.87997 11.87997 11.87997 11.87997 11.87997
11.87997 11.87997 11.87997 11.87997 11.87997
11.87997 11.87997 11.87997 11.87997 11.87997
11.87997 11.87997 11.87997 11.87997 11.87997
11.87997 11.87997 11.87997 11.87997 11.87997
11.87997 11.87997 11.87997 11.87997 11.87997
11.87997 11.87997 11.87997 11.87997 11.87997
11.87997 11.87997 11.87997 11.87997 11.87997
11.87997 11.87997 11.87997 11.87997 11.87997
11.87997 11.87997 11.87997 11.87997 11.87997
11.97398 11.97398 11.97398 11.97398 11.97398
11.97398 11.97398 11.97398 11.97398 11.97398
11.97398 11.97398 11.97398 11.97398 11.97398
11.97398 11.97398 11.97398 11.97398 11.97398
11.97398 11.97398 11.97398 11.97398 11.97398
11.97398 11.97398 11.97398 11.97398 11.97398
11.97398 11.97398 11.97398 11.97398 11.97398
11.97398 11.97398 11.97398 11.97398 11.97398
11.97398 11.97398 11.97398 11.97398 11.97398
11.97398 11.97398 11.97398 11.97398 11.97398
11.97398 11.97398 11.97398 11.97398 11.97398
11.97398 11.97398 11.97398 11.97398 11.97398
11.97398 11.97398 11.97398 11.97398 11.97398
11.97398 11.97398 11.97398 11.97398 11.97398
11.97398 11.97398 11.97398 11.97398 11.97398
11.97398 11.97398 11.97398 11.97398 11.97398
11.97398 11.97398 11.97398 11.97398 11.97398
11.97398 11.97398 11.97398 11.97398 11.97398
11.97398 11.97398 11.97398 11.97398 11.97398
11.97398 11.97398 11.97398 11.97398 11.97398
12.068 12.068 12.068 12.068 12.068
12.068 12.068 12.068 12.068 12.068
12.068 12.068 12.068 12.068 12.068
12.068 12.068 12.068 12.068 12.068
12.068 12.068 12.068 12.068 12.068
12.068 12.068 12.068 12.068 12.068
12.068 12.068 12.068 12.068 12.068
12.068 12.068 12.068 12.068 12.068
12.068 12.068 12.068 12.068 12.068
12.068 12.068 12.068 12.068 12.068
12.068 12.068 12.068 12.068 12.068
12.068 12.068 12.068 12.068 12.068
12.068 12.068 12.068 12.068 12.068
12.068 12.068 12.068 12.068 12.068
12.068 12.068 12.068 12.068 12.068
12.068 12.068 12.068 12.068 12.068
12.068 12.068 12.068 12.068 12.068
12.068 12.068 12.068 12.068 12.068
12.068 12.068 12.068 12.068 12.068
12.068 12.068 12.068 12.068 12.068
12.16202 12.16202 12.16202 12.16202 12.16202
12.16202 12.16202 12.16202 12.16202 12.16202
12.16202 12.16202 12.16202 12.16202 12.16202
12.16202 12.16202 12.16202 12.16202 12.16202
12.16202 12.16202 12.16202 12.16202 12.16202
12.16202 12.16202 12.16202 12.16202 12.16202
12.16202 12.16202 12.16202 12.16202 12.16202
12.16202 12.16202 12.16202 12.16202 12.16202
12.16202 12.16202 12.16202 12.16202 12.16202
12.16202 12.16202 12.16202 12.16202 12.16202
12.16202 12.16202 12.16202 12.16202 12.16202
12.16202 12.16202 12.16202 12.16202 12.16202
12.16202 12.16202 12.16202 12.16202 12.16202
12.16202 12.16202 12.16202 12.16202 12.16202
12.16202 12.16202 12.16202 12.16202 12.16202
12.16202 12.16202 12.16202 12.16202 12.16202
12.16202 12.16202 12.16202 12.16202 12.16202
12.16202 12.16202 12.16202 12.16202 12.16202
12.16202 12.16202 12.16202 12.16202 12.16202
12.16202 12.16202 12.16202 12.16202 12.16202
12.25604 12.25604 12.25604 12.25604 12.25604
12.25604 12.25604 12.25604 12.25604 12.25604
12.25604 12.25604 12.25604 12.25604 12.25604
12.25604 12.25604 12.25604 12.25604 12.25604
12.25604 12.25604 12.25604 12.25604 12.25604
12.25604 12.25604 12.25604 12.25604 12.25604
12.25604 12.25604 12.25604 12.25604 12.25604
12.25604 12.25604 12.25604 12.25604 12.25604
12.25604 12.25604 12.25604 12.25604 12.25604
12.25604 12.25604 12.25604 12.25604 12.25604
12.25604 12.25604 12.25604 12.25604 12.25604
12.25604 12.25604 12.25604 12.25604 12.25604
12.25604 12.25604 12.25604 12.25604 12.25604
12.25604 12.25604 12.25604 12.25604 12.25604
12.25604 12.25604 12.25604 12.25604 12.25604
12.25604 12.25604 12.25604 12.25604 12.25604
12.25604 12.25604 12.25604 12.25604 12.25604
12.25604 12.25604 12.25604 12.25604 12.25604
12.25604 12.25604 12.25604 12.25604 12.25604
12.25604 12.25604 12.25604 12.25604 12.25604
12.35005 12.35005 12.35005 12.35005 12.35005
12.35005 12.35005 12.35005 12.35005 12.35005
12.35005 12.35005 12.35005 12.35005 12.35005
12.35005 12.35005 12.35005 12.35005 12.35005
12.35005 12.35005 12.35005 12.35005 12.35005
12.35005 12.35005 12.35005 12.35005 12.35005
12.35005 12.35005 12.35005 12.35005 12.35005
12.35005 12.35005 12.35005 12.35005 12.35005
12.35005 12.35005 12.35005 12.35005 12.35005
12.35005 12.35005 12.35005 12.35005 12.35005
12.35005 12.35005 12.35005 12.35005 12.35005
12.35005 12.35005 12.35005 12.35005 12.35005
12.35005 12.35005 12.35005 12.35005 12.35005
12.35005 12.35005 12.35005 12.35005 12.35005
12.35005 12.35005 12.35005 12.35005 12.35005
12.35005 12.35005 12.35005 12.35005 12.35005
12.35005 12.35005 12.35005 12.35005 12.35005
12.35005 12.35005 12.35005 12.35005 12.35005
12.35005 12.35005 12.35005 12.35005 12.35005
12.35005 12.35005 12.35005 12.35005 12.35005
12.44407 12.44407 12.44407 12.44407 12.44407
12.44407 12.44407 12.44407 12.44407 12.44407
12.44407 12.44407 12.44407 12.44407 12.44407
12.44407 12.44407 12.44407 12.44407 12.44407
12.44407 12.44407 12.44407 12.44407 12.44407
12.44407 12.44407 12.44407 12.44407 12.44407
12.44407 12.44407 12.44407 12.44407 12.44407
12.44407 12.44407 12.44407 12.44407 12.44407
12.44407 12.44407 12.44407 12.44407 12.44407
12.44407 12.44407 12.44407 12.44407 12.44407
12.44407 12.44407 12.44407 12.44407 12.44407
12.44407 12.44407 12.44407 12.44407 12.44407
12.44407 12.44407 12.44407 12.44407 12.44407
12.44407 12.44407 12.44407 12.44407 12.44407
12.44407 12.44407 12.44407 12.44407 12.44407
12.44407 12.44407 12.44407 12.44407 12.44407
12.44407 12.44407 12.44407 12.44407 12.44407
12.44407 12.44407 12.44407 12.44407 12.44407
12.44407 12.44407 12.44407 12.44407 12.44407
12.44407 12.44407 12.44407 12.44407 12.44407
12.53809 12.53809 12.53809 12.53809 12.53809
12.53809 12.53809 12.53809 12.53809 12.53809
12.53809 12.53809 12.53809 12.53809 12.53809
12.53809 12.53809 12.53809 12.53809 12.53809
12.53809 12.53809 12.53809 12.53809 12.53809
12.53809 12.53809 12.53809 12.53809 12.53809
12.53809 12.53809 12.53809 12.53809 12.53809
12.53809 12.53809 12.53809 12.53809 12.53809
12.53809 12.53809 12.53809 12.53809 12.53809
12.53809 12.53809 12.53809 12.53809 12.53809
12.53809 12.53809 12.53809 12.53809 12.53809
12.53809 12.53809 12.53809 12.53809 12.53809
12.53809 12.53809 12.53809 12.53809 12.53809
12.53809 12.53809 12.53809 12.53809 12.53809
12.53809 12.53809 12.53809 12.53809 12.53809
12.53809 12.53809 12.53809 12.53809 12.53809
12.53809 12.53809 12.53809 12.53809 12.53809
12.53809 12.53809 12.53809 12.53809 12.53809
12.53809 12.53809 12.53809 12.53809 12.53809
12.53809 12.53809 12.53809 12.53809 12.53809
12.6321 12.6321 12.6321 12.6321 12.6321
12.6321 12.6321 12.6321 12.6321 12.6321
12.6321 12.6321 12.6321 12.6321 12.6321
12.6321 12.6321 12.6321 12.6321 12.6321
12.6321 12.6321 12.6321 12.6321 12.6321
12.6321 12.6321 12.6321 12.6321 12.6321
12.6321 12.6321 12.6321 12.6321 12.6321
12.6321 12.6321 12.6321 12.6321 12.6321
12.6321 12.6321 12.6321 12.6321 12.6321
12.6321 12.6321 12.6321 12.6321 12.6321
12.6321 12.6321 12.6321 12.6321 12.6321
12.6321 12.6321 12.6321 12.6321 12.6321
12.6321 12.6321 12.6321 12.6321 12.6321
12.6321 12.6321 12.6321 12.6321 12.6321
12.6321 12.6321 12.6321 12.6321 12.6321
12.6321 12.6321 12.6321 12.6321 12.6321
12.6321 12.6321 12.6321 12.6321 12.6321
12.6321 12.6321 12.6321 12.6321 12.6321
12.6321 12.6321 12.6321 12.6321 12.6321
12.6321 12.6321 12.6321 12.6321 12.6321
12.72612 12.72612 12.72612 12.72612 12.72612
12.72612 12.72612 12.72612 12.72612 12.72612
12.72612 12.72612 12.72612 12.72612 12.72612
12.72612 12.72612 12.72612 12.72612 12.72612
12.72612 12.72612 12.72612 12.72612 12.72612
12.72612 12.72612 12.72612 12.72612 12.72612
12.72612 12.72612 12.72612 12.72612 12.72612
12.72612 12.72612 12.72612 12.72612 12.72612
12.72612 12.72612 12.72612 12.72612 12.72612
12.72612 12.72612 12.72612 12.72612 12.72612
12.72612 12.72612 12.72612 12.72612 12.72612
12.72612 12.72612 12.72612 12.72612 12.72612
12.72612 12.72612 12.72612 12.72612 12.72612
12.72612 12.72612 12.72612 12.72612 12.72612
12.72612 12.72612 12.72612 12.72612 12.72612
12.72612 12.72612 12.72612 12.72612 12.72612
12.72612 12.72612 12.72612 12.72612 12.72612
12.72612 12.72612 12.72612 12.72612 12.72612
12.72612 12.72612 12.72612 12.72612 12.72612
12.72612 12.72612 12.72612 12.72612 12.72612
12.82014 12.82014 12.82014 12.82014 12.82014
12.82014 12.82014 12.82014 12.82014 12.82014
12.82014 12.82014 12.82014 12.82014 12.82014
12.82014 12.82014 12.82014 12.82014 12.82014
12.82014 12.82014 12.82014 12.82014 12.82014
12.82014 12.82014 12.82014 12.82014 12.82014
12.82014 12.82014 12.82014 12.82014 12.82014
12.82014 12.82014 12.82014 12.82014 12.82014
12.82014 12.82014 12.82014 12.82014 12.82014
12.82014 12.82014 12.82014 12.82014 12.82014
12.82014 12.82014 12.82014 12.82014 12.82014
12.82014 12.82014 12.82014 12.82014 12.82014
12.82014 12.82014 12.82014 12.82014 12.82014
12.82014 12.82014 12.82014 12.82014 12.82014
12.82014 12.82014 12.82014 12.82014 12.82014
12.82014 12.82014 12.82014 12.82014 12.82014
12.82014 12.82014 12.82014 12.82014 12.82014
12.82014 12.82014 12.82014 12.82014 12.82014
12.82014 12.82014 12.82014 12.82014 12.82014
12.82014 12.82014 12.82014 12.82014 12.82014
12.91415 12.91415 12.91415 12.91415 12.91415
12.91415 12.91415 12.91415 12.91415 12.91415
12.91415 12.91415 12.91415 12.91415 12.91415
12.91415 12.91415 12.91415 12.91415 12.91415
12.91415 12.91415 12.91415 12.91415 12.91415
12.91415 12.91415 12.91415 12.91415 12.91415
12.91415 12.91415 12.91415 12.91415 12.91415
12.91415 12.91415 12.91415 12.91415 12.91415
12.91415 12.91415 12.91415 12.91415 12.91415
12.91415 12.91415 12.91415 12.91415 12.91415
12.91415 12.91415 12.91415 12.91415 12.91415
12.91415 12.91415 12.91415 12.91415 12.91415
12.91415 12.91415 12.91415 12.91415 12.91415
12.91415 12.91415 12.91415 12.91415 12.91415
12.91415 12.91415 12.91415 12.91415 12.91415
12.91415 12.91415 12.91415 12.91415 12.91415
12.91415 12.91415 12.91415 12.91415 12.91415
12.91415 12.91415 12.91415 12.91415 12.91415
12.91415 12.91415 12.91415 12.91415 12.91415
12.91415 12.91415 12.91415 12.91415 12.91415
13.00817 13.00817 13.00817 13.00817 13.00817
13.00817 13.00817 13.00817 13.00817 13.00817
13.00817 13.00817 13.00817 13.00817 13.00817
13.00817 13.00817 13.00817 13.00817 13.00817
13.00817 13.00817 13.00817 13.00817 13.00817
13.00817 13.00817 13.00817 13.00817 13.00817
13.00817 13.00817 13.00817 13.00817 13.00817
13.00817 13.00817 13.00817 13.00817 13.00817
13.00817 13.00817 13.00817 13.00817 13.00817
13.00817 13.00817 13.00817 13.00817 13.00817
13.00817 13.00817 13.00817 13.00817 13.00817
13.00817 13.00817 13.00817 13.00817 13.00817
13.00817 13.00817 13.00817 13.00817 13.00817
13.00817 13.00817 13.00817 13.00817 13.00817
13.00817 13.00817 13.00817 13.00817 13.00817
13.00817 13.00817 13.00817 13.00817 13.00817
13.00817 13.00817 13.00817 13.00817 13.00817
13.00817 13.00817 13.00817 13.00817 13.00817
13.00817 13.00817 13.00817 13.00817 13.00817
13.00817 13.00817 13.00817 13.00817 13.00817
13.10219 13.10219 13.10219 13.10219 13.10219
13.10219 13.10219 13.10219 13.10219 13.10219
13.10219 13.10219 13.10219 13.10219 13.10219
13.10219 13.10219 13.10219 13.10219 13.10219
13.10219 13.10219 13.10219 13.10219 13.10219
13.10219 13.10219 13.10219 13.10219 13.10219
13.10219 13.10219 13.10219 13.10219 13.10219
13.10219 13.10219 13.10219 13.10219 13.10219
13.10219 13.10219 13.10219 13.10219 13.10219
13.10219 13.10219 13.10219 13.10219 13.10219
13.10219 13.10219 13.10219 13.10219 13.10219
13.10219 13.10219 13.10219 13.10219 13.10219
13.10219 13.10219 13.10219 13.10219 13.10219
13.10219 13.10219 13.10219 13.10219 13.10219
13.10219 13.10219 13.10219 13.10219 13.10219
13.10219 13.10219 13.10219 13.10219 13.10219
13.10219 13.10219 13.10219 13.10219 13.10219
13.10219 13.10219 13.10219 13.10219 13.10219
13.10219 13.10219 13.10219 13.10219 13.10219
13.10219 13.10219 13.10219 13.10219 13.10219
13.18729 13.18729 13.18729 13.18729 13.18729
13.18729 13.18729 13.18729 13.18729 13.18729
13.18729 13.18729 13.18729 13.18729 13.18729
13.18729 13.18729 13.18729 13.18729 13.18729
13.18729 13.18729 13.18729 13.18729 13.18729
13.18729 13.18729 13.18729 13.18729 13.18729
13.18729 13.18729 13.18729 13.18729 13.18729
13.18729 13.18729 13.18729 13.18729 13.18729
13.18729 13.18729 13.18729 13.18729 13.18729
13.18729 13.18729 13.18729 13.18729 13.18729
13.18729 13.18729 13.18729 13.18729 13.18729
13.18729 13.18729 13.18729 13.18729 13.18729
13.18729 13.18729 13.18729 13.18729 13.18729
13.18729 13.18729 13.18729 13.18729 13.18729
13.18729 13.18729 13.18729 13.18729 13.18729
13.18729 13.18729 13.18729 13.18729 13.18729
13.18729 13.18729 13.18729 13.18729 13.18729
13.18729 13.18729 13.18729 13.18729 13.18729
13.18729 13.18729 13.18729 13.18729 13.18729
13.18729 13.18729 13.18729 13.18729 13.18729
12.92476 12.92476 12.92476 12.92476 12.92476
12.92476 12.92476 12.92476 12.92476 12.92476
12.92476 12.92476 12.92476 12.92476 12.92476
12.92476 12.92476 12.92476 12.92476 12.92476
12.92476 12.92476 12.92476 12.92476 12.92476
12.92476 12.92476 12.92476 12.92476 12.92476
12.92476 12.92476 12.92476 12.92476 12.92476
12.92476 12.92476 12.92476 12.92476 12.92476
12.92476 12.92476 12.92476 12.92476 12.92476
12.92476 12.92476 12.92476 12.92476 12.92476
12.92476 12.92476 12.92476 12.92476 12.92476
12.92476 12.92476 12.92476 12.92476 12.92476
12.92476 12.92476 12.92476 12.92476 12.92476
12.92476 12.92476 12.92476 12.92476 12.92476
12.92476 12.92476 12.92476 12.92476 12.92476
12.92476 12.92476 12.92476 12.92476 12.92476
12.92476 12.92476 12.92476 12.92476 12.92476
12.92476 12.92476 12.92476 12.92476 12.92476
12.92476 12.92476 12.92476 12.92476 12.92476
12.92476 12.92476 12.92476 12.92476 12.92476
12.78585 12.78585 12.78585 12.78585 12.78585
12.78585 12.78585 12.78585 12.78585 12.78585
12.78585 12.78585 12.78585 12.78585 12.78585
12.78585 12.78585 12.78585 12.78585 12.78585
12.78585 12.78585 12.78585 12.78585 12.78585
12.78585 12.78585 12.78585 12.78585 12.78585
12.78585 12.78585 12.78585 12.78585 12.78585
12.78585 12.78585 12.78585 12.78585 12.78585
12.78585 12.78585 12.78585 12.78585 12.78585
12.78585 12.78585 12.78585 12.78585 12.78585
12.78585 12.78585 12.78585 12.78585 12.78585
12.78585 12.78585 12.78585 12.78585 12.78585
12.78585 12.78585 12.78585 12.78585 12.78585
12.78585 12.78585 12.78585 12.78585 12.78585
12.78585 12.78585 12.78585 12.78585 12.78585
12.78585 12.78585 12.78585 12.78585 12.78585
12.78585 12.78585 12.78585 12.78585 12.78585
12.78585 12.78585 12.78585 12.78585 12.78585
12.78585 12.78585 12.78585 12.78585 12.78585
12.78585 12.78585 12.78585 12.78585 12.78585
12.85299 12.85299 12.85299 12.85299 12.85299
12.85299 12.85299 12.85299 12.85299 12.85299
12.85299 12.85299 12.85299 12.85299 12.85299
12.85299 12.85299 12.85299 12.85299 12.85299
12.85299 12.85299 12.85299 12.85299 12.85299
12.85299 12.85299 12.85299 12.85299 12.85299
12.85299 12.85299 12.85299 12.85299 12.85299
12.85299 12.85299 12.85299 12.85299 12.85299
12.85299 12.85299 12.85299 12.85299 12.85299
12.85299 12.85299 12.85299 12.85299 12.85299
12.85299 12.85299 12.85299 12.85299 12.85299
12.85299 12.85299 12.85299 12.85299 12.85299
12.85299 12.85299 12.85299 12.85299 12.85299
12.85299 12.85299 12.85299 12.85299 12.85299
12.85299 12.85299 12.85299 12.85299 12.85299
12.85299 12.85299 12.85299 12.85299 12.85299
12.85299 12.85299 12.85299 12.85299 12.85299
12.85299 12.85299 12.85299 12.85299 12.85299
12.85299 12.85299 12.85299 12.85299 12.85299
12.85299 12.85299 12.85299 12.85299 12.85299
12.92013 12.92013 12.92013 12.92013 12.92013
12.92013 12.92013 12.92013 12.92013 12.92013
12.92013 12.92013 12.92013 12.92013 12.92013
12.92013 12.92013 12.92013 12.92013 12.92013
12.92013 12.92013 12.92013 12.92013 12.92013
12.92013 12.92013 12.92013 12.92013 12.92013
12.92013 12.92013 12.92013 12.92013 12.92013
12.92013 12.92013 12.92013 12.92013 12.92013
12.92013 12.92013 12.92013 12.92013 12.92013
12.92013 12.92013 12.92013 12.92013 12.92013
12.92013 12.92013 12.92013 12.92013 12.92013
12.92013 12.92013 12.92013 12.92013 12.92013
12.92013 12.92013 12.92013 12.92013 12.92013
12.92013 12.92013 12.92013 12.92013 12.92013
12.92013 12.92013 12.92013 12.92013 12.92013
12.92013 12.92013 12.92013 12.92013 12.92013
12.92013 12.92013 12.92013 12.92013 12.92013
12.92013 12.92013 12.92013 12.92013 12.92013
12.92013 12.92013 12.92013 12.92013 12.92013
12.92013 12.92013 12.92013 12.92013 12.92013
12.98727 12.98727 12.98727 12.98727 12.98727
12.98727 12.98727 12.98727 12.98727 12.98727
12.98727 12.98727 12.98727 12.98727 12.98727
12.98727 12.98727 12.98727 12.98727 12.98727
12.98727 12.98727 12.98727 12.98727 12.98727
12.98727 12.98727 12.98727 12.98727 12.98727
12.98727 12.98727 12.98727 12.98727 12.98727
12.98727 12.98727 12.98727 12.98727 12.98727
12.98727 12.98727 12.98727 12.98727 12.98727
12.98727 12.98727 12.98727 12.98727 12.98727
12.98727 12.98727 12.98727 12.98727 12.98727
12.98727 12.98727 12.98727 12.98727 12.98727
12.98727 12.98727 12.98727 12.98727 12.98727
12.98727 12.98727 12.98727 12.98727 12.98727
12.98727 12.98727 12.98727 12.98727 12.98727
12.98727 12.98727 12.98727 12.98727 12.98727
12.98727 12.98727 12.98727 12.98727 12.98727
12.98727 12.98727 12.98727 12.98727 12.98727
12.98727 12.98727 12.98727 12.98727 12.98727
12.98727 12.98727 12.98727 12.98727 12.98727
13.05441 13.05441 13.05441 13.05441 13.05441
13.05441 13.05441 13.05441 13.05441 13.05441
13.05441 13.05441 13.05441 13.05441 13.05441
13.05441 13.05441 13.05441 13.05441 13.05441
13.05441 13.05441 13.05441 13.05441 13.05441
13.05441 13.05441 13.05441 13.05441 13.05441
13.05441 13.05441 13.05441 13.05441 13.05441
13.05441 13.05441 13.05441 13.05441 13.05441
13.05441 13.05441 13.05441 13.05441 13.05441
13.05441 13.05441 13.05441 13.05441 13.05441
13.05441 13.05441 13.05441 13.05441 13.05441
13.05441 13.05441 13.05441 13.05441 13.05441
13.05441 13.05441 13.05441 13.05441 13.05441
13.05441 13.05441 13.05441 13.05441 13.05441
13.05441 13.05441 13.05441 13.05441 13.05441
13.05441 13.05441 13.05441 13.05441 13.05441
13.05441 13.05441 13.05441 13.05441 13.05441
13.05441 13.05441 13.05441 13.05441 13.05441
13.05441 13.05441 13.05441 13.05441 13.05441
13.05441 13.05441 13.05441 13.05441 13.05441
13.12156 13.12156 13.12156 13.12156 13.12156
13.12156 13.12156 13.12156 13.12156 13.12156
13.12156 13.12156 13.12156 13.12156 13.12156
13.12156 13.12156 13.12156 13.12156 13.12156
13.12156 13.12156 13.12156 13.12156 13.12156
13.12156 13.12156 13.12156 13.12156 13.12156
13.12156 13.12156 13.12156 13.12156 13.12156
13.12156 13.12156 13.12156 13.12156 13.12156
13.12156 13.12156 13.12156 13.12156 13.12156
13.12156 13.12156 13.12156 13.12156 13.12156
13.12156 13.12156 13.12156 13.12156 13.12156
13.12156 13.12156 13.12156 13.12156 13.12156
13.12156 13.12156 13.12156 13.12156 13.12156
13.12156 13.12156 13.12156 13.12156 13.12156
13.12156 13.12156 13.12156 13.12156 13.12156
13.12156 13.12156 13.12156 13.12156 13.12156
13.12156 13.12156 13.12156 13.12156 13.12156
13.12156 13.12156 13.12156 13.12156 13.12156
13.12156 13.12156 13.12156 13.12156 13.12156
13.12156 13.12156 13.12156 13.12156 13.12156
13.1887 13.1887 13.1887 13.1887 13.1887
13.1887 13.1887 13.1887 13.1887 13.1887
13.1887 13.1887 13.1887 13.1887 13.1887
13.1887 13.1887 13.1887 13.1887 13.1887
13.1887 13.1887 13.1887 13.1887 13.1887
13.1887 13.1887 13.1887 13.1887 13.1887
13.1887 13.1887 13.1887 13.1887 13.1887
13.1887 13.1887 13.1887 13.1887 13.1887
13.1887 13.1887 13.1887 13.1887 13.1887
13.1887 13.1887 13.1887 13.1887 13.1887
13.1887 13.1887 13.1887 13.1887 13.1887
13.1887 13.1887 13.1887 13.1887 13.1887
13.1887 13.1887 13.1887 13.1887 13.1887
13.1887 13.1887 13.1887 13.1887 13.1887
13.1887 13.1887 13.1887 13.1887 13.1887
13.1887 13.1887 13.1887 13.1887 13.1887
13.1887 13.1887 13.1887 13.1887 13.1887
13.1887 13.1887 13.1887 13.1887 13.1887
13.1887 13.1887 13.1887 13.1887 13.1887
13.1887 13.1887 13.1887 13.1887 13.1887
13.25584 13.25584 13.25584 13.25584 13.25584
13.25584 13.25584 13.25584 13.25584 13.25584
13.25584 13.25584 13.25584 13.25584 13.25584
13.25584 13.25584 13.25584 13.25584 13.25584
13.25584 13.25584 13.25584 13.25584 13.25584
13.25584 13.25584 13.25584 13.25584 13.25584
13.25584 13.25584 13.25584 13.25584 13.25584
13.25584 13.25584 13.25584 13.25584 13.25584
13.25584 13.25584 13.25584 13.25584 13.25584
13.25584 13.25584 13.25584 13.25584 13.25584
13.25584 13.25584 13.25584 13.25584 13.25584
13.25584 13.25584 13.25584 13.25584 13.25584
13.25584 13.25584 13.25584 13.25584 13.25584
13.25584 13.25584 13.25584 13.25584 13.25584
13.25584 13.25584 13.25584 13.25584 13.25584
13.25584 13.25584 13.25584 13.25584 13.25584
13.25584 13.25584 13.25584 13.25584 13.25584
13.25584 13.25584 13.25584 13.25584 13.25584
13.25584 13.25584 13.25584 13.25584 13.25584
13.25584 13.25584 13.25584 13.25584 13.25584
13.32298 13.32298 13.32298 13.32298 13.32298
13.32298 13.32298 13.32298 13.32298 13.32298
13.32298 13.32298 13.32298 13.32298 13.32298
13.32298 13.32298 13.32298 13.32298 13.32298
13.32298 13.32298 13.32298 13.32298 13.32298
13.32298 13.32298 13.32298 13.32298 13.32298
13.32298 13.32298 13.32298 13.32298 13.32298
13.32298 13.32298 13.32298 13.32298 13.32298
13.32298 13.32298 13.32298 13.32298 13.32298
13.32298 13.32298 13.32298 13.32298 13.32298
13.32298 13.32298 13.32298 13.32298 13.32298
13.32298 13.32298 13.32298 13.32298 13.32298
13.32298 13.32298 13.32298 13.32298 13.32298
13.32298 13.32298 13.32298 13.32298 13.32298
13.32298 13.32298 13.32298 13.32298 13.32298
13.32298 13.32298 13.32298 13.32298 13.32298
13.32298 13.32298 13.32298 13.32298 13.32298
13.32298 13.32298 13.32298 13.32298 13.32298
13.32298 13.32298 13.32298 13.32298 13.32298
13.32298 13.32298 13.32298 13.32298 13.32298
13.39012 13.39012 13.39012 13.39012 13.39012
13.39012 13.39012 13.39012 13.39012 13.39012
13.39012 13.39012 13.39012 13.39012 13.39012
13.39012 13.39012 13.39012 13.39012 13.39012
13.39012 13.39012 13.39012 13.39012 13.39012
13.39012 13.39012 13.39012 13.39012 13.39012
13.39012 13.39012 13.39012 13.39012 13.39012
13.39012 13.39012 13.39012 13.39012 13.39012
13.39012 13.39012 13.39012 13.39012 13.39012
13.39012 13.39012 13.39012 13.39012 13.39012
13.39012 13.39012 13.39012 13.39012 13.39012
13.39012 13.39012 13.39012 13.39012 13.39012
13.39012 13.39012 13.39012 13.39012 13.39012
13.39012 13.39012 13.39012 13.39012 13.39012
13.39012 13.39012 13.39012 13.39012 13.39012
13.39012 13.39012 13.39012 13.39012 13.39012
13.39012 13.39012 13.39012 13.39012 13.39012
13.39012 13.39012 13.39012 13.39012 13.39012
13.39012 13.39012 13.39012 13.39012 13.39012
13.39012 13.39012 13.39012 13.39012 13.39012
13.45726 13.45726 13.45726 13.45726 13.45726
13.45726 13.45726 13.45726 13.45726 13.45726
13.45726 13.45726 13.45726 13.45726 13.45726
13.45726 13.45726 13.45726 13.45726 13.45726
13.45726 13.45726 13.45726 13.45726 13.45726
13.45726 13.45726 13.45726 13.45726 13.45726
13.45726 13.45726 13.45726 13.45726 13.45726
13.45726 13.45726 13.45726 13.45726 13.45726
13.45726 13.45726 13.45726 13.45726 13.45726
13.45726 13.45726 13.45726 13.45726 13.45726
13.45726 13.45726 13.45726 13.45726 13.45726
13.45726 13.45726 13.45726 13.45726 13.45726
13.45726 13.45726 13.45726 13.45726 13.45726
13.45726 13.45726 13.45726 13.45726 13.45726
13.45726 13.45726 13.45726 13.45726 13.45726
13.45726 13.45726 13.45726 13.45726 13.45726
13.45726 13.45726 13.45726 13.45726 13.45726
13.45726 13.45726 13.45726 13.45726 13.45726
13.45726 13.45726 13.45726 13.45726 13.45726
13.45726 13.45726 13.45726 13.45726 13.45726
13.5244 13.5244 13.5244 13.5244 13.5244
13.5244 13.5244 13.5244 13.5244 13.5244
13.5244 13.5244 13.5244 13.5244 13.5244
13.5244 13.5244 13.5244 13.5244 13.5244
13.5244 13.5244 13.5244 13.5244 13.5244
13.5244 13.5244 13.5244 13.5244 13.5244
13.5244 13.5244 13.5244 13.5244 13.5244
13.5244 13.5244 13.5244 13.5244 13.5244
13.5244 13.5244 13.5244 13.5244 13.5244
13.5244 13.5244 13.5244 13.5244 13.5244
13.5244 13.5244 13.5244 13.5244 13.5244
13.5244 13.5244 13.5244 13.5244 13.5244
13.5244 13.5244 13.5244 13.5244 13.5244
13.5244 13.5244 13.5244 13.5244 13.5244
13.5244 13.5244 13.5244 13.5244 13.5244
13.5244 13.5244 13.5244 13.5244 13.5244
13.5244 13.5244 13.5244 13.5244 13.5244
13.5244 13.5244 13.5244 13.5244 13.5244
13.5244 13.5244 13.5244 13.5244 13.5244
13.5244 13.5244 13.5244 13.5244 13.5244
13.59154 13.59154 13.59154 13.59154 13.59154
13.59154 13.59154 13.59154 13.59154 13.59154
13.59154 13.59154 13.59154 13.59154 13.59154
13.59154 13.59154 13.59154 13.59154 13.59154
13.59154 13.59154 13.59154 13.59154 13.59154
13.59154 13.59154 13.59154 13.59154 13.59154
13.59154 13.59154 13.59154 13.59154 13.59154
13.59154 13.59154 13.59154 13.59154 13.59154
13.59154 13.59154 13.59154 13.59154 13.59154
13.59154 13.59154 13.59154 13.59154 13.59154
13.59154 13.59154 13.59154 13.59154 13.59154
13.59154 13.59154 13.59154 13.59154 13.59154
13.59154 13.59154 13.59154 13.59154 13.59154
13.59154 13.59154 13.59154 13.59154 13.59154
13.59154 13.59154 13.59154 13.59154 13.59154
13.59154 13.59154 13.59154 13.59154 13.59154
13.59154 13.59154 13.59154 13.59154 13.59154
13.59154 13.59154 13.59154 13.59154 13.59154
13.59154 13.59154 13.59154 13.59154 13.59154
13.59154 13.59154 13.59154 13.59154 13.59154
