23.39144 23.39144 23.39144 23.39144 23.39144
23.39144 23.39144 23.39144 23.39144 23.39144
23.39144 23.39144 23.39144 23.39144 23.39144
23.39144 23.39144 23.39144 23.39144 23.39144
23.39144 23.39144 23.39144 23.39144 23.39144
23.39144 23.39144 23.39144 23.39144 23.39144
23.39144 23.39144 23.39144 23.39144 23.39144
23.39144 23.39144 23.39144 23.39144 23.39144
23.39144 23.39144 23.39144 23.39144 23.39144
23.39144 23.39144 23.39144 23.39144 23.39144
23.39144 23.39144 23.39144 23.39144 23.39144
23.39144 23.39144 23.39144 23.39144 23.39144
23.39144 23.39144 23.39144 23.39144 23.39144
23.39144 23.39144 23.39144 23.39144 23.39144
23.39144 23.39144 23.39144 23.39144 23.39144
23.39144 23.39144 23.39144 23.39144 23.39144
23.39144 23.39144 23.39144 23.39144 23.39144
23.39144 23.39144 23.39144 23.39144 23.39144
23.39144 23.3584 23.22626 23.09411 22.96197
22.82982 22.69768 22.56553 22.43339 22.30124
23.28758 23.28758 23.28758 23.28758 23.28758
23.28758 23.28758 23.28758 23.28758 23.28758
23.28758 23.28758 23.28758 23.28758 23.28758
23.28758 23.28758 23.28758 23.28758 23.28758
23.28758 23.28758 23.28758 23.28758 23.28758
23.28758 23.28758 23.28758 23.28758 23.28758
23.28758 23.28758 23.28758 23.28758 23.28758
23.28758 23.28758 23.28758 23.28758 23.28758
23.28758 23.28758 23.28758 23.28758 23.28758
23.28758 23.28758 23.28758 23.28758 23.28758
23.28758 23.28758 23.28758 23.28758 23.28758
23.28758 23.28758 23.28758 23.28758 23.28758
23.28758 23.28758 23.28758 23.28758 23.28758
23.28758 23.28758 23.28758 23.28758 23.28758
23.28758 23.28758 23.28758 23.28758 23.28758
23.28758 23.28758 23.28758 23.28758 23.28758
23.28758 23.28758 23.28758 23.28758 23.28758
23.28758 23.28758 23.28758 23.28758 23.28758
23.28758 23.25454 23.1224 22.99025 22.85811
22.72596 22.59382 22.46167 22.32953 22.19739
23.18372 23.18372 23.18372 23.18372 23.18372
23.18372 23.18372 23.18372 23.18372 23.18372
23.18372 23.18372 23.18372 23.18372 23.18372
23.18372 23.18372 23.18372 23.18372 23.18372
23.18372 23.18372 23.18372 23.18372 23.18372
23.18372 23.18372 23.18372 23.18372 23.18372
23.18372 23.18372 23.18372 23.18372 23.18372
23.18372 23.18372 23.18372 23.18372 23.18372
23.18372 23.18372 23.18372 23.18372 23.18372
23.18372 23.18372 23.18372 23.18372 23.18372
23.18372 23.18372 23.18372 23.18372 23.18372
23.18372 23.18372 23.18372 23.18372 23.18372
23.18372 23.18372 23.18372 23.18372 23.18372
23.18372 23.18372 23.18372 23.18372 23.18372
23.18372 23.18372 23.18372 23.18372 23.18372
23.18372 23.18372 23.18372 23.18372 23.18372
23.18372 23.18372 23.18372 23.18372 23.18372
23.18372 23.18372 23.18372 23.18372 23.18372
23.18372 23.15068 23.01854 22.88639 22.75425
22.62211 22.48996 22.35782 22.22567 22.09353
23.07986 23.07986 23.07986 23.07986 23.07986
23.07986 23.07986 23.07986 23.07986 23.07986
23.07986 23.07986 23.07986 23.07986 23.07986
23.07986 23.07986 23.07986 23.07986 23.07986
23.07986 23.07986 23.07986 23.07986 23.07986
23.07986 23.07986 23.07986 23.07986 23.07986
23.07986 23.07986 23.07986 23.07986 23.07986
23.07986 23.07986 23.07986 23.07986 23.07986
23.07986 23.07986 23.07986 23.07986 23.07986
23.07986 23.07986 23.07986 23.07986 23.07986
23.07986 23.07986 23.07986 23.07986 23.07986
23.07986 23.07986 23.07986 23.07986 23.07986
23.07986 23.07986 23.07986 23.07986 23.07986
23.07986 23.07986 23.07986 23.07986 23.07986
23.07986 23.07986 23.07986 23.07986 23.07986
23.07986 23.07986 23.07986 23.07986 23.07986
23.07986 23.07986 23.07986 23.07986 23.07986
23.07986 23.07986 23.07986 23.07986 23.07986
23.07986 23.04682 22.91468 22.78254 22.65039
22.51825 22.3861 22.25396 22.12181 21.98967
22.976 22.976 22.976 22.976 22.976
22.976 22.976 22.976 22.976 22.976
22.976 22.976 22.976 22.976 22.976
22.976 22.976 22.976 22.976 22.976
22.976 22.976 22.976 22.976 22.976
22.976 22.976 22.976 22.976 22.976
22.976 22.976 22.976 22.976 22.976
22.976 22.976 22.976 22.976 22.976
22.976 22.976 22.976 22.976 22.976
22.976 22.976 22.976 22.976 22.976
22.976 22.976 22.976 22.976 22.976
22.976 22.976 22.976 22.976 22.976
22.976 22.976 22.976 22.976 22.976
22.976 22.976 22.976 22.976 22.976
22.976 22.976 22.976 22.976 22.976
22.976 22.976 22.976 22.976 22.976
22.976 22.976 22.976 22.976 22.976
22.976 22.976 22.976 22.976 22.976
22.976 22.94297 22.81082 22.67868 22.54653
22.41439 22.28224 22.1501 22.01795 21.88581
22.87214 22.87214 22.87214 22.87214 22.87214
22.87214 22.87214 22.87214 22.87214 22.87214
22.87214 22.87214 22.87214 22.87214 22.87214
22.87214 22.87214 22.87214 22.87214 22.87214
22.87214 22.87214 22.87214 22.87214 22.87214
22.87214 22.87214 22.87214 22.87214 22.87214
22.87214 22.87214 22.87214 22.87214 22.87214
22.87214 22.87214 22.87214 22.87214 22.87214
22.87214 22.87214 22.87214 22.87214 22.87214
22.87214 22.87214 22.87214 22.87214 22.87214
22.87214 22.87214 22.87214 22.87214 22.87214
22.87214 22.87214 22.87214 22.87214 22.87214
22.87214 22.87214 22.87214 22.87214 22.87214
22.87214 22.87214 22.87214 22.87214 22.87214
22.87214 22.87214 22.87214 22.87214 22.87214
22.87214 22.87214 22.87214 22.87214 22.87214
22.87214 22.87214 22.87214 22.87214 22.87214
22.87214 22.87214 22.87214 22.87214 22.87214
22.87214 22.83911 22.70696 22.57482 22.44267
22.31053 22.17838 22.04624 21.9141 21.78195
22.76828 22.76828 22.76828 22.76828 22.76828
22.76828 22.76828 22.76828 22.76828 22.76828
22.76828 22.76828 22.76828 22.76828 22.76828
22.76828 22.76828 22.76828 22.76828 22.76828
22.76828 22.76828 22.76828 22.76828 22.76828
22.76828 22.76828 22.76828 22.76828 22.76828
22.76828 22.76828 22.76828 22.76828 22.76828
22.76828 22.76828 22.76828 22.76828 22.76828
22.76828 22.76828 22.76828 22.76828 22.76828
22.76828 22.76828 22.76828 22.76828 22.76828
22.76828 22.76828 22.76828 22.76828 22.76828
22.76828 22.76828 22.76828 22.76828 22.76828
22.76828 22.76828 22.76828 22.76828 22.76828
22.76828 22.76828 22.76828 22.76828 22.76828
22.76828 22.76828 22.76828 22.76828 22.76828
22.76828 22.76828 22.76828 22.76828 22.76828
22.76828 22.76828 22.76828 22.76828 22.76828
22.76828 22.76828 22.76828 22.76828 22.76828
22.76828 22.73525 22.6031 22.47096 22.33881
22.20667 22.07453 21.94238 21.81024 21.67809
22.66443 22.66443 22.66443 22.66443 22.66443
22.66443 22.66443 22.66443 22.66443 22.66443
22.66443 22.66443 22.66443 22.66443 22.66443
22.66443 22.66443 22.66443 22.66443 22.66443
22.66443 22.66443 22.66443 22.66443 22.66443
22.66443 22.66443 22.66443 22.66443 22.66443
22.66443 22.66443 22.66443 22.66443 22.66443
22.66443 22.66443 22.66443 22.66443 22.66443
22.66443 22.66443 22.66443 22.66443 22.66443
22.66443 22.66443 22.66443 22.66443 22.66443
22.66443 22.66443 22.66443 22.66443 22.66443
22.66443 22.66443 22.66443 22.66443 22.66443
22.66443 22.66443 22.66443 22.66443 22.66443
22.66443 22.66443 22.66443 22.66443 22.66443
22.66443 22.66443 22.66443 22.66443 22.66443
22.66443 22.66443 22.66443 22.66443 22.66443
22.66443 22.66443 22.66443 22.66443 22.66443
22.66443 22.66443 22.66443 22.66443 22.66443
22.66443 22.63139 22.49924 22.3671 22.23496
22.10281 21.97067 21.83852 21.70638 21.57423
22.56057 22.56057 22.56057 22.56057 22.56057
22.56057 22.56057 22.56057 22.56057 22.56057
22.56057 22.56057 22.56057 22.56057 22.56057
22.56057 22.56057 22.56057 22.56057 22.56057
22.56057 22.56057 22.56057 22.56057 22.56057
22.56057 22.56057 22.56057 22.56057 22.56057
22.56057 22.56057 22.56057 22.56057 22.56057
22.56057 22.56057 22.56057 22.56057 22.56057
22.56057 22.56057 22.56057 22.56057 22.56057
22.56057 22.56057 22.56057 22.56057 22.56057
22.56057 22.56057 22.56057 22.56057 22.56057
22.56057 22.56057 22.56057 22.56057 22.56057
22.56057 22.56057 22.56057 22.56057 22.56057
22.56057 22.56057 22.56057 22.56057 22.56057
22.56057 22.56057 22.56057 22.56057 22.56057
22.56057 22.56057 22.56057 22.56057 22.56057
22.56057 22.56057 22.56057 22.56057 22.56057
22.56057 22.56057 22.56057 22.56057 22.56057
22.56057 22.52753 22.39539 22.26324 22.1311
21.99895 21.86681 21.73466 21.60252 21.47037
22.45671 22.45671 22.45671 22.45671 22.45671
22.45671 22.45671 22.45671 22.45671 22.45671
22.45671 22.45671 22.45671 22.45671 22.45671
22.45671 22.45671 22.45671 22.45671 22.45671
22.45671 22.45671 22.45671 22.45671 22.45671
22.45671 22.45671 22.45671 22.45671 22.45671
22.45671 22.45671 22.45671 22.45671 22.45671
22.45671 22.45671 22.45671 22.45671 22.45671
22.45671 22.45671 22.45671 22.45671 22.45671
22.45671 22.45671 22.45671 22.45671 22.45671
22.45671 22.45671 22.45671 22.45671 22.45671
22.45671 22.45671 22.45671 22.45671 22.45671
22.45671 22.45671 22.45671 22.45671 22.45671
22.45671 22.45671 22.45671 22.45671 22.45671
22.45671 22.45671 22.45671 22.45671 22.45671
22.45671 22.45671 22.45671 22.45671 22.45671
22.45671 22.45671 22.45671 22.45671 22.45671
22.45671 22.45671 22.45671 22.45671 22.45671
22.45671 22.42367 22.29153 22.15938 22.02724
21.89509 21.76295 21.6308 21.49866 21.36652
22.35285 22.35285 22.35285 22.35285 22.35285
22.35285 22.35285 22.35285 22.35285 22.35285
22.35285 22.35285 22.35285 22.35285 22.35285
22.35285 22.35285 22.35285 22.35285 22.35285
22.35285 22.35285 22.35285 22.35285 22.35285
22.35285 22.35285 22.35285 22.35285 22.35285
22.35285 22.35285 22.35285 22.35285 22.35285
22.35285 22.35285 22.35285 22.35285 22.35285
22.35285 22.35285 22.35285 22.35285 22.35285
22.35285 22.35285 22.35285 22.35285 22.35285
22.35285 22.35285 22.35285 22.35285 22.35285
22.35285 22.35285 22.35285 22.35285 22.35285
22.35285 22.35285 22.35285 22.35285 22.35285
22.35285 22.35285 22.35285 22.35285 22.35285
22.35285 22.35285 22.35285 22.35285 22.35285
22.35285 22.35285 22.35285 22.35285 22.35285
22.35285 22.35285 22.35285 22.35285 22.35285
22.35285 22.35285 22.35285 22.35285 22.35285
22.35285 22.31981 22.18767 22.05552 21.92338
21.79123 21.65909 21.52695 21.3948 21.26266
22.24899 22.24899 22.24899 22.24899 22.24899
22.24899 22.24899 22.24899 22.24899 22.24899
22.24899 22.24899 22.24899 22.24899 22.24899
22.24899 22.24899 22.24899 22.24899 22.24899
22.24899 22.24899 22.24899 22.24899 22.24899
22.24899 22.24899 22.24899 22.24899 22.24899
22.24899 22.24899 22.24899 22.24899 22.24899
22.24899 22.24899 22.24899 22.24899 22.24899
22.24899 22.24899 22.24899 22.24899 22.24899
22.24899 22.24899 22.24899 22.24899 22.24899
22.24899 22.24899 22.24899 22.24899 22.24899
22.24899 22.24899 22.24899 22.24899 22.24899
22.24899 22.24899 22.24899 22.24899 22.24899
22.24899 22.24899 22.24899 22.24899 22.24899
22.24899 22.24899 22.24899 22.24899 22.24899
22.24899 22.24899 22.24899 22.24899 22.24899
22.24899 22.24899 22.24899 22.24899 22.24899
22.24899 22.24899 22.24899 22.24899 22.24899
22.24899 22.21595 22.08381 21.95167 21.81952
21.68738 21.55523 21.42309 21.29094 21.1588
22.14513 22.14513 22.14513 22.14513 22.14513
22.14513 22.14513 22.14513 22.14513 22.14513
22.14513 22.14513 22.14513 22.14513 22.14513
22.14513 22.14513 22.14513 22.14513 22.14513
22.14513 22.14513 22.14513 22.14513 22.14513
22.14513 22.14513 22.14513 22.14513 22.14513
22.14513 22.14513 22.14513 22.14513 22.14513
22.14513 22.14513 22.14513 22.14513 22.14513
22.14513 22.14513 22.14513 22.14513 22.14513
22.14513 22.14513 22.14513 22.14513 22.14513
22.14513 22.14513 22.14513 22.14513 22.14513
22.14513 22.14513 22.14513 22.14513 22.14513
22.14513 22.14513 22.14513 22.14513 22.14513
22.14513 22.14513 22.14513 22.14513 22.14513
22.14513 22.14513 22.14513 22.14513 22.14513
22.14513 22.14513 22.14513 22.14513 22.14513
22.14513 22.14513 22.14513 22.14513 22.14513
22.14513 22.14513 22.14513 22.14513 22.14513
22.14513 22.1121 21.97995 21.84781 21.71566
21.58352 21.45137 21.31923 21.18708 21.05494
22.04755 22.04755 22.04755 22.04755 22.04755
22.04755 22.04755 22.04755 22.04755 22.04755
22.04755 22.04755 22.04755 22.04755 22.04755
22.04755 22.04755 22.04755 22.04755 22.04755
22.04755 22.04755 22.04755 22.04755 22.04755
22.04755 22.04755 22.04755 22.04755 22.04755
22.04755 22.04755 22.04755 22.04755 22.04755
22.04755 22.04755 22.04755 22.04755 22.04755
22.04755 22.04755 22.04755 22.04755 22.04755
22.04755 22.04755 22.04755 22.04755 22.04755
22.04755 22.04755 22.04755 22.04755 22.04755
22.04755 22.04755 22.04755 22.04755 22.04755
22.04755 22.04755 22.04755 22.04755 22.04755
22.04755 22.04755 22.04755 22.04755 22.04755
22.04755 22.04755 22.04755 22.04755 22.04755
22.04755 22.04755 22.04755 22.04755 22.04755
22.04755 22.04755 22.04755 22.04755 22.04755
22.04755 22.04755 22.04755 22.04755 22.04755
22.04755 22.01452 21.88237 21.75023 21.61808
21.48594 21.35379 21.22165 21.0895 20.95736
21.99199 21.99199 21.99199 21.99199 21.99199
21.99199 21.99199 21.99199 21.99199 21.99199
21.99199 21.99199 21.99199 21.99199 21.99199
21.99199 21.99199 21.99199 21.99199 21.99199
21.99199 21.99199 21.99199 21.99199 21.99199
21.99199 21.99199 21.99199 21.99199 21.99199
21.99199 21.99199 21.99199 21.99199 21.99199
21.99199 21.99199 21.99199 21.99199 21.99199
21.99199 21.99199 21.99199 21.99199 21.99199
21.99199 21.99199 21.99199 21.99199 21.99199
21.99199 21.99199 21.99199 21.99199 21.99199
21.99199 21.99199 21.99199 21.99199 21.99199
21.99199 21.99199 21.99199 21.99199 21.99199
21.99199 21.99199 21.99199 21.99199 21.99199
21.99199 21.99199 21.99199 21.99199 21.99199
21.99199 21.99199 21.99199 21.99199 21.99199
21.99199 21.99199 21.99199 21.99199 21.99199
21.99199 21.99199 21.99199 21.99199 21.99199
21.99199 21.95896 21.82681 21.69467 21.56252
21.43038 21.29823 21.16609 21.03394 20.9018
21.93643 21.93643 21.93643 21.93643 21.93643
21.93643 21.93643 21.93643 21.93643 21.93643
21.93643 21.93643 21.93643 21.93643 21.93643
21.93643 21.93643 21.93643 21.93643 21.93643
21.93643 21.93643 21.93643 21.93643 21.93643
21.93643 21.93643 21.93643 21.93643 21.93643
21.93643 21.93643 21.93643 21.93643 21.93643
21.93643 21.93643 21.93643 21.93643 21.93643
21.93643 21.93643 21.93643 21.93643 21.93643
21.93643 21.93643 21.93643 21.93643 21.93643
21.93643 21.93643 21.93643 21.93643 21.93643
21.93643 21.93643 21.93643 21.93643 21.93643
21.93643 21.93643 21.93643 21.93643 21.93643
21.93643 21.93643 21.93643 21.93643 21.93643
21.93643 21.93643 21.93643 21.93643 21.93643
21.93643 21.93643 21.93643 21.93643 21.93643
21.93643 21.93643 21.93643 21.93643 21.93643
21.93643 21.93643 21.93643 21.93643 21.93643
21.93643 21.9034 21.77125 21.63911 21.50696
21.37482 21.24267 21.11053 20.97838 20.84624
21.88087 21.88087 21.88087 21.88087 21.88087
21.88087 21.88087 21.88087 21.88087 21.88087
21.88087 21.88087 21.88087 21.88087 21.88087
21.88087 21.88087 21.88087 21.88087 21.88087
21.88087 21.88087 21.88087 21.88087 21.88087
21.88087 21.88087 21.88087 21.88087 21.88087
21.88087 21.88087 21.88087 21.88087 21.88087
21.88087 21.88087 21.88087 21.88087 21.88087
21.88087 21.88087 21.88087 21.88087 21.88087
21.88087 21.88087 21.88087 21.88087 21.88087
21.88087 21.88087 21.88087 21.88087 21.88087
21.88087 21.88087 21.88087 21.88087 21.88087
21.88087 21.88087 21.88087 21.88087 21.88087
21.88087 21.88087 21.88087 21.88087 21.88087
21.88087 21.88087 21.88087 21.88087 21.88087
21.88087 21.88087 21.88087 21.88087 21.88087
21.88087 21.88087 21.88087 21.88087 21.88087
21.88087 21.88087 21.88087 21.88087 21.88087
21.88087 21.84784 21.71569 21.58355 21.4514
21.31926 21.18711 21.05497 20.92282 20.79068
21.82531 21.82531 21.82531 21.82531 21.82531
21.82531 21.82531 21.82531 21.82531 21.82531
21.82531 21.82531 21.82531 21.82531 21.82531
21.82531 21.82531 21.82531 21.82531 21.82531
21.82531 21.82531 21.82531 21.82531 21.82531
21.82531 21.82531 21.82531 21.82531 21.82531
21.82531 21.82531 21.82531 21.82531 21.82531
21.82531 21.82531 21.82531 21.82531 21.82531
21.82531 21.82531 21.82531 21.82531 21.82531
21.82531 21.82531 21.82531 21.82531 21.82531
21.82531 21.82531 21.82531 21.82531 21.82531
21.82531 21.82531 21.82531 21.82531 21.82531
21.82531 21.82531 21.82531 21.82531 21.82531
21.82531 21.82531 21.82531 21.82531 21.82531
21.82531 21.82531 21.82531 21.82531 21.82531
21.82531 21.82531 21.82531 21.82531 21.82531
21.82531 21.82531 21.82531 21.82531 21.82531
21.82531 21.82531 21.82531 21.82531 21.82531
21.82531 21.79227 21.66013 21.52799 21.39584
21.2637 21.13155 20.99941 20.86726 20.73512
21.76975 21.76975 21.76975 21.76975 21.76975
21.76975 21.76975 21.76975 21.76975 21.76975
21.76975 21.76975 21.76975 21.76975 21.76975
21.76975 21.76975 21.76975 21.76975 21.76975
21.76975 21.76975 21.76975 21.76975 21.76975
21.76975 21.76975 21.76975 21.76975 21.76975
21.76975 21.76975 21.76975 21.76975 21.76975
21.76975 21.76975 21.76975 21.76975 21.76975
21.76975 21.76975 21.76975 21.76975 21.76975
21.76975 21.76975 21.76975 21.76975 21.76975
21.76975 21.76975 21.76975 21.76975 21.76975
21.76975 21.76975 21.76975 21.76975 21.76975
21.76975 21.76975 21.76975 21.76975 21.76975
21.76975 21.76975 21.76975 21.76975 21.76975
21.76975 21.76975 21.76975 21.76975 21.76975
21.76975 21.76975 21.76975 21.76975 21.76975
21.76975 21.76975 21.76975 21.76975 21.76975
21.76975 21.76975 21.76975 21.76975 21.76975
21.76975 21.73671 21.60457 21.47243 21.34028
21.20814 21.07599 20.94385 20.8117 20.67956
21.71419 21.71419 21.71419 21.71419 21.71419
21.71419 21.71419 21.71419 21.71419 21.71419
21.71419 21.71419 21.71419 21.71419 21.71419
21.71419 21.71419 21.71419 21.71419 21.71419
21.71419 21.71419 21.71419 21.71419 21.71419
21.71419 21.71419 21.71419 21.71419 21.71419
21.71419 21.71419 21.71419 21.71419 21.71419
21.71419 21.71419 21.71419 21.71419 21.71419
21.71419 21.71419 21.71419 21.71419 21.71419
21.71419 21.71419 21.71419 21.71419 21.71419
21.71419 21.71419 21.71419 21.71419 21.71419
21.71419 21.71419 21.71419 21.71419 21.71419
21.71419 21.71419 21.71419 21.71419 21.71419
21.71419 21.71419 21.71419 21.71419 21.71419
21.71419 21.71419 21.71419 21.71419 21.71419
21.71419 21.71419 21.71419 21.71419 21.71419
21.71419 21.71419 21.71419 21.71419 21.71419
21.71419 21.71419 21.71419 21.71419 21.71419
21.71419 21.68115 21.54901 21.41687 21.28472
21.15258 21.02043 20.88829 20.75614 20.624
21.65863 21.65863 21.65863 21.65863 21.65863
21.65863 21.65863 21.65863 21.65863 21.65863
21.65863 21.65863 21.65863 21.65863 21.65863
21.65863 21.65863 21.65863 21.65863 21.65863
21.65863 21.65863 21.65863 21.65863 21.65863
21.65863 21.65863 21.65863 21.65863 21.65863
21.65863 21.65863 21.65863 21.65863 21.65863
21.65863 21.65863 21.65863 21.65863 21.65863
21.65863 21.65863 21.65863 21.65863 21.65863
21.65863 21.65863 21.65863 21.65863 21.65863
21.65863 21.65863 21.65863 21.65863 21.65863
21.65863 21.65863 21.65863 21.65863 21.65863
21.65863 21.65863 21.65863 21.65863 21.65863
21.65863 21.65863 21.65863 21.65863 21.65863
21.65863 21.65863 21.65863 21.65863 21.65863
21.65863 21.65863 21.65863 21.65863 21.65863
21.65863 21.65863 21.65863 21.65863 21.65863
21.65863 21.65863 21.65863 21.65863 21.65863
21.65863 21.62559 21.49345 21.36131 21.22916
21.09702 20.96487 20.83273 20.70058 20.56844
21.60307 21.60307 21.60307 21.60307 21.60307
21.60307 21.60307 21.60307 21.60307 21.60307
21.60307 21.60307 21.60307 21.60307 21.60307
21.60307 21.60307 21.60307 21.60307 21.60307
21.60307 21.60307 21.60307 21.60307 21.60307
21.60307 21.60307 21.60307 21.60307 21.60307
21.60307 21.60307 21.60307 21.60307 21.60307
21.60307 21.60307 21.60307 21.60307 21.60307
21.60307 21.60307 21.60307 21.60307 21.60307
21.60307 21.60307 21.60307 21.60307 21.60307
21.60307 21.60307 21.60307 21.60307 21.60307
21.60307 21.60307 21.60307 21.60307 21.60307
21.60307 21.60307 21.60307 21.60307 21.60307
21.60307 21.60307 21.60307 21.60307 21.60307
21.60307 21.60307 21.60307 21.60307 21.60307
21.60307 21.60307 21.60307 21.60307 21.60307
21.60307 21.60307 21.60307 21.60307 21.60307
21.60307 21.60307 21.60307 21.60307 21.60307
21.60307 21.57003 21.43789 21.30575 21.1736
21.04146 20.90931 20.77717 20.64502 20.51288
21.54751 21.54751 21.54751 21.54751 21.54751
21.54751 21.54751 21.54751 21.54751 21.54751
21.54751 21.54751 21.54751 21.54751 21.54751
21.54751 21.54751 21.54751 21.54751 21.54751
21.54751 21.54751 21.54751 21.54751 21.54751
21.54751 21.54751 21.54751 21.54751 21.54751
21.54751 21.54751 21.54751 21.54751 21.54751
21.54751 21.54751 21.54751 21.54751 21.54751
21.54751 21.54751 21.54751 21.54751 21.54751
21.54751 21.54751 21.54751 21.54751 21.54751
21.54751 21.54751 21.54751 21.54751 21.54751
21.54751 21.54751 21.54751 21.54751 21.54751
21.54751 21.54751 21.54751 21.54751 21.54751
21.54751 21.54751 21.54751 21.54751 21.54751
21.54751 21.54751 21.54751 21.54751 21.54751
21.54751 21.54751 21.54751 21.54751 21.54751
21.54751 21.54751 21.54751 21.54751 21.54751
21.54751 21.54751 21.54751 21.54751 21.54751
21.54751 21.51447 21.38233 21.25019 21.11804
20.9859 20.85375 20.72161 20.58946 20.45732
21.49195 21.49195 21.49195 21.49195 21.49195
21.49195 21.49195 21.49195 21.49195 21.49195
21.49195 21.49195 21.49195 21.49195 21.49195
21.49195 21.49195 21.49195 21.49195 21.49195
21.49195 21.49195 21.49195 21.49195 21.49195
21.49195 21.49195 21.49195 21.49195 21.49195
21.49195 21.49195 21.49195 21.49195 21.49195
21.49195 21.49195 21.49195 21.49195 21.49195
21.49195 21.49195 21.49195 21.49195 21.49195
21.49195 21.49195 21.49195 21.49195 21.49195
21.49195 21.49195 21.49195 21.49195 21.49195
21.49195 21.49195 21.49195 21.49195 21.49195
21.49195 21.49195 21.49195 21.49195 21.49195
21.49195 21.49195 21.49195 21.49195 21.49195
21.49195 21.49195 21.49195 21.49195 21.49195
21.49195 21.49195 21.49195 21.49195 21.49195
21.49195 21.49195 21.49195 21.49195 21.49195
21.49195 21.49195 21.49195 21.49195 21.49195
21.49195 21.45891 21.32677 21.19462 21.06248
20.93034 20.79819 20.66605 20.5339 20.40176
21.43639 21.43639 21.43639 21.43639 21.43639
21.43639 21.43639 21.43639 21.43639 21.43639
21.43639 21.43639 21.43639 21.43639 21.43639
21.43639 21.43639 21.43639 21.43639 21.43639
21.43639 21.43639 21.43639 21.43639 21.43639
21.43639 21.43639 21.43639 21.43639 21.43639
21.43639 21.43639 21.43639 21.43639 21.43639
21.43639 21.43639 21.43639 21.43639 21.43639
21.43639 21.43639 21.43639 21.43639 21.43639
21.43639 21.43639 21.43639 21.43639 21.43639
21.43639 21.43639 21.43639 21.43639 21.43639
21.43639 21.43639 21.43639 21.43639 21.43639
21.43639 21.43639 21.43639 21.43639 21.43639
21.43639 21.43639 21.43639 21.43639 21.43639
21.43639 21.43639 21.43639 21.43639 21.43639
21.43639 21.43639 21.43639 21.43639 21.43639
21.43639 21.43639 21.43639 21.43639 21.43639
21.43639 21.43639 21.43639 21.43639 21.43639
21.43639 21.40335 21.27121 21.13906 21.00692
20.87478 20.74263 20.61049 20.47834 20.3462
21.38083 21.38083 21.38083 21.38083 21.38083
21.38083 21.38083 21.38083 21.38083 21.38083
21.38083 21.38083 21.38083 21.38083 21.38083
21.38083 21.38083 21.38083 21.38083 21.38083
21.38083 21.38083 21.38083 21.38083 21.38083
21.38083 21.38083 21.38083 21.38083 21.38083
21.38083 21.38083 21.38083 21.38083 21.38083
21.38083 21.38083 21.38083 21.38083 21.38083
21.38083 21.38083 21.38083 21.38083 21.38083
21.38083 21.38083 21.38083 21.38083 21.38083
21.38083 21.38083 21.38083 21.38083 21.38083
21.38083 21.38083 21.38083 21.38083 21.38083
21.38083 21.38083 21.38083 21.38083 21.38083
21.38083 21.38083 21.38083 21.38083 21.38083
21.38083 21.38083 21.38083 21.38083 21.38083
21.38083 21.38083 21.38083 21.38083 21.38083
21.38083 21.38083 21.38083 21.38083 21.38083
21.38083 21.38083 21.38083 21.38083 21.38083
21.38083 21.34779 21.21565 21.0835 20.95136
20.81922 20.68707 20.55493 20.42278 20.29064
21.32527 21.32527 21.32527 21.32527 21.32527
21.32527 21.32527 21.32527 21.32527 21.32527
21.32527 21.32527 21.32527 21.32527 21.32527
21.32527 21.32527 21.32527 21.32527 21.32527
21.32527 21.32527 21.32527 21.32527 21.32527
21.32527 21.32527 21.32527 21.32527 21.32527
21.32527 21.32527 21.32527 21.32527 21.32527
21.32527 21.32527 21.32527 21.32527 21.32527
21.32527 21.32527 21.32527 21.32527 21.32527
21.32527 21.32527 21.32527 21.32527 21.32527
21.32527 21.32527 21.32527 21.32527 21.32527
21.32527 21.32527 21.32527 21.32527 21.32527
21.32527 21.32527 21.32527 21.32527 21.32527
21.32527 21.32527 21.32527 21.32527 21.32527
21.32527 21.32527 21.32527 21.32527 21.32527
21.32527 21.32527 21.32527 21.32527 21.32527
21.32527 21.32527 21.32527 21.32527 21.32527
21.32527 21.32527 21.32527 21.32527 21.32527
21.32527 21.29223 21.16009 21.02794 20.8958
20.76366 20.63151 20.49937 20.36722 20.23508
21.26971 21.26971 21.26971 21.26971 21.26971
21.26971 21.26971 21.26971 21.26971 21.26971
21.26971 21.26971 21.26971 21.26971 21.26971
21.26971 21.26971 21.26971 21.26971 21.26971
21.26971 21.26971 21.26971 21.26971 21.26971
21.26971 21.26971 21.26971 21.26971 21.26971
21.26971 21.26971 21.26971 21.26971 21.26971
21.26971 21.26971 21.26971 21.26971 21.26971
21.26971 21.26971 21.26971 21.26971 21.26971
21.26971 21.26971 21.26971 21.26971 21.26971
21.26971 21.26971 21.26971 21.26971 21.26971
21.26971 21.26971 21.26971 21.26971 21.26971
21.26971 21.26971 21.26971 21.26971 21.26971
21.26971 21.26971 21.26971 21.26971 21.26971
21.26971 21.26971 21.26971 21.26971 21.26971
21.26971 21.26971 21.26971 21.26971 21.26971
21.26971 21.26971 21.26971 21.26971 21.26971
21.26971 21.26971 21.26971 21.26971 21.26971
21.26971 21.23667 21.10453 20.97238 20.84024
20.7081 20.57595 20.44381 20.31166 20.17952
21.21415 21.21415 21.21415 21.21415 21.21415
21.21415 21.21415 21.21415 21.21415 21.21415
21.21415 21.21415 21.21415 21.21415 21.21415
21.21415 21.21415 21.21415 21.21415 21.21415
21.21415 21.21415 21.21415 21.21415 21.21415
21.21415 21.21415 21.21415 21.21415 21.21415
21.21415 21.21415 21.21415 21.21415 21.21415
21.21415 21.21415 21.21415 21.21415 21.21415
21.21415 21.21415 21.21415 21.21415 21.21415
21.21415 21.21415 21.21415 21.21415 21.21415
21.21415 21.21415 21.21415 21.21415 21.21415
21.21415 21.21415 21.21415 21.21415 21.21415
21.21415 21.21415 21.21415 21.21415 21.21415
21.21415 21.21415 21.21415 21.21415 21.21415
21.21415 21.21415 21.21415 21.21415 21.21415
21.21415 21.21415 21.21415 21.21415 21.21415
21.21415 21.21415 21.21415 21.21415 21.21415
21.21415 21.21415 21.21415 21.21415 21.21415
21.21415 21.18111 21.04897 20.91682 20.78468
20.65254 20.52039 20.38825 20.2561 20.12396
21.15859 21.15859 21.15859 21.15859 21.15859
21.15859 21.15859 21.15859 21.15859 21.15859
21.15859 21.15859 21.15859 21.15859 21.15859
21.15859 21.15859 21.15859 21.15859 21.15859
21.15859 21.15859 21.15859 21.15859 21.15859
21.15859 21.15859 21.15859 21.15859 21.15859
21.15859 21.15859 21.15859 21.15859 21.15859
21.15859 21.15859 21.15859 21.15859 21.15859
21.15859 21.15859 21.15859 21.15859 21.15859
21.15859 21.15859 21.15859 21.15859 21.15859
21.15859 21.15859 21.15859 21.15859 21.15859
21.15859 21.15859 21.15859 21.15859 21.15859
21.15859 21.15859 21.15859 21.15859 21.15859
21.15859 21.15859 21.15859 21.15859 21.15859
21.15859 21.15859 21.15859 21.15859 21.15859
21.15859 21.15859 21.15859 21.15859 21.15859
21.15859 21.15859 21.15859 21.15859 21.15859
21.15859 21.15859 21.15859 21.15859 21.15859
21.15859 21.12555 20.99341 20.86126 20.72912
20.59697 20.46483 20.33269 20.20054 20.0684
21.10303 21.10303 21.10303 21.10303 21.10303
21.10303 21.10303 21.10303 21.10303 21.10303
21.10303 21.10303 21.10303 21.10303 21.10303
21.10303 21.10303 21.10303 21.10303 21.10303
21.10303 21.10303 21.10303 21.10303 21.10303
21.10303 21.10303 21.10303 21.10303 21.10303
21.10303 21.10303 21.10303 21.10303 21.10303
21.10303 21.10303 21.10303 21.10303 21.10303
21.10303 21.10303 21.10303 21.10303 21.10303
21.10303 21.10303 21.10303 21.10303 21.10303
21.10303 21.10303 21.10303 21.10303 21.10303
21.10303 21.10303 21.10303 21.10303 21.10303
21.10303 21.10303 21.10303 21.10303 21.10303
21.10303 21.10303 21.10303 21.10303 21.10303
21.10303 21.10303 21.10303 21.10303 21.10303
21.10303 21.10303 21.10303 21.10303 21.10303
21.10303 21.10303 21.10303 21.10303 21.10303
21.10303 21.10303 21.10303 21.10303 21.10303
21.10303 21.06999 20.93785 20.8057 20.67356
20.54141 20.40927 20.27713 20.14498 20.01284
21.04747 21.04747 21.04747 21.04747 21.04747
21.04747 21.04747 21.04747 21.04747 21.04747
21.04747 21.04747 21.04747 21.04747 21.04747
21.04747 21.04747 21.04747 21.04747 21.04747
21.04747 21.04747 21.04747 21.04747 21.04747
21.04747 21.04747 21.04747 21.04747 21.04747
21.04747 21.04747 21.04747 21.04747 21.04747
21.04747 21.04747 21.04747 21.04747 21.04747
21.04747 21.04747 21.04747 21.04747 21.04747
21.04747 21.04747 21.04747 21.04747 21.04747
21.04747 21.04747 21.04747 21.04747 21.04747
21.04747 21.04747 21.04747 21.04747 21.04747
21.04747 21.04747 21.04747 21.04747 21.04747
21.04747 21.04747 21.04747 21.04747 21.04747
21.04747 21.04747 21.04747 21.04747 21.04747
21.04747 21.04747 21.04747 21.04747 21.04747
21.04747 21.04747 21.04747 21.04747 21.04747
21.04747 21.04747 21.04747 21.04747 21.04747
21.04747 21.01443 20.88229 20.75014 20.618
20.48585 20.35371 20.22157 20.08942 19.95728
20.99191 20.99191 20.99191 20.99191 20.99191
20.99191 20.99191 20.99191 20.99191 20.99191
20.99191 20.99191 20.99191 20.99191 20.99191
20.99191 20.99191 20.99191 20.99191 20.99191
20.99191 20.99191 20.99191 20.99191 20.99191
20.99191 20.99191 20.99191 20.99191 20.99191
20.99191 20.99191 20.99191 20.99191 20.99191
20.99191 20.99191 20.99191 20.99191 20.99191
20.99191 20.99191 20.99191 20.99191 20.99191
20.99191 20.99191 20.99191 20.99191 20.99191
20.99191 20.99191 20.99191 20.99191 20.99191
20.99191 20.99191 20.99191 20.99191 20.99191
20.99191 20.99191 20.99191 20.99191 20.99191
20.99191 20.99191 20.99191 20.99191 20.99191
20.99191 20.99191 20.99191 20.99191 20.99191
20.99191 20.99191 20.99191 20.99191 20.99191
20.99191 20.99191 20.99191 20.99191 20.99191
20.99191 20.99191 20.99191 20.99191 20.99191
20.99191 20.95887 20.82673 20.69458 20.56244
20.43029 20.29815 20.16601 20.03386 19.90172
20.93973 20.93973 20.93973 20.93973 20.93973
20.93973 20.93973 20.93973 20.93973 20.93973
20.93973 20.93973 20.93973 20.93973 20.93973
20.93973 20.93973 20.93973 20.93973 20.93973
20.93973 20.93973 20.93973 20.93973 20.93973
20.93973 20.93973 20.93973 20.93973 20.93973
20.93973 20.93973 20.93973 20.93973 20.93973
20.93973 20.93973 20.93973 20.93973 20.93973
20.93973 20.93973 20.93973 20.93973 20.93973
20.93973 20.93973 20.93973 20.93973 20.93973
20.93973 20.93973 20.93973 20.93973 20.93973
20.93973 20.93973 20.93973 20.93973 20.93973
20.93973 20.93973 20.93973 20.93973 20.93973
20.93973 20.93973 20.93973 20.93973 20.93973
20.93973 20.93973 20.93973 20.93973 20.93973
20.93973 20.93973 20.93973 20.93973 20.93973
20.93973 20.93973 20.93973 20.93973 20.93973
20.93973 20.93973 20.93973 20.93973 20.93973
20.93973 20.90669 20.77455 20.64241 20.51026
20.37812 20.24597 20.11383 19.98168 19.84954
20.89442 20.89442 20.89442 20.89442 20.89442
20.89442 20.89442 20.89442 20.89442 20.89442
20.89442 20.89442 20.89442 20.89442 20.89442
20.89442 20.89442 20.89442 20.89442 20.89442
20.89442 20.89442 20.89442 20.89442 20.89442
20.89442 20.89442 20.89442 20.89442 20.89442
20.89442 20.89442 20.89442 20.89442 20.89442
20.89442 20.89442 20.89442 20.89442 20.89442
20.89442 20.89442 20.89442 20.89442 20.89442
20.89442 20.89442 20.89442 20.89442 20.89442
20.89442 20.89442 20.89442 20.89442 20.89442
20.89442 20.89442 20.89442 20.89442 20.89442
20.89442 20.89442 20.89442 20.89442 20.89442
20.89442 20.89442 20.89442 20.89442 20.89442
20.89442 20.89442 20.89442 20.89442 20.89442
20.89442 20.89442 20.89442 20.89442 20.89442
20.89442 20.89442 20.89442 20.89442 20.89442
20.89442 20.89442 20.89442 20.89442 20.89442
20.89442 20.86139 20.72924 20.5971 20.46495
20.33281 20.20066 20.06852 19.93637 19.80423
20.84911 20.84911 20.84911 20.84911 20.84911
20.84911 20.84911 20.84911 20.84911 20.84911
20.84911 20.84911 20.84911 20.84911 20.84911
20.84911 20.84911 20.84911 20.84911 20.84911
20.84911 20.84911 20.84911 20.84911 20.84911
20.84911 20.84911 20.84911 20.84911 20.84911
20.84911 20.84911 20.84911 20.84911 20.84911
20.84911 20.84911 20.84911 20.84911 20.84911
20.84911 20.84911 20.84911 20.84911 20.84911
20.84911 20.84911 20.84911 20.84911 20.84911
20.84911 20.84911 20.84911 20.84911 20.84911
20.84911 20.84911 20.84911 20.84911 20.84911
20.84911 20.84911 20.84911 20.84911 20.84911
20.84911 20.84911 20.84911 20.84911 20.84911
20.84911 20.84911 20.84911 20.84911 20.84911
20.84911 20.84911 20.84911 20.84911 20.84911
20.84911 20.84911 20.84911 20.84911 20.84911
20.84911 20.84911 20.84911 20.84911 20.84911
20.84911 20.81608 20.68393 20.55179 20.41964
20.2875 20.15535 20.02321 19.89106 19.75892
20.8038 20.8038 20.8038 20.8038 20.8038
20.8038 20.8038 20.8038 20.8038 20.8038
20.8038 20.8038 20.8038 20.8038 20.8038
20.8038 20.8038 20.8038 20.8038 20.8038
20.8038 20.8038 20.8038 20.8038 20.8038
20.8038 20.8038 20.8038 20.8038 20.8038
20.8038 20.8038 20.8038 20.8038 20.8038
20.8038 20.8038 20.8038 20.8038 20.8038
20.8038 20.8038 20.8038 20.8038 20.8038
20.8038 20.8038 20.8038 20.8038 20.8038
20.8038 20.8038 20.8038 20.8038 20.8038
20.8038 20.8038 20.8038 20.8038 20.8038
20.8038 20.8038 20.8038 20.8038 20.8038
20.8038 20.8038 20.8038 20.8038 20.8038
20.8038 20.8038 20.8038 20.8038 20.8038
20.8038 20.8038 20.8038 20.8038 20.8038
20.8038 20.8038 20.8038 20.8038 20.8038
20.8038 20.8038 20.8038 20.8038 20.8038
20.8038 20.77077 20.63862 20.50648 20.37433
20.24219 20.11004 19.9779 19.84575 19.71361
20.75849 20.75849 20.75849 20.75849 20.75849
20.75849 20.75849 20.75849 20.75849 20.75849
20.75849 20.75849 20.75849 20.75849 20.75849
20.75849 20.75849 20.75849 20.75849 20.75849
20.75849 20.75849 20.75849 20.75849 20.75849
20.75849 20.75849 20.75849 20.75849 20.75849
20.75849 20.75849 20.75849 20.75849 20.75849
20.75849 20.75849 20.75849 20.75849 20.75849
20.75849 20.75849 20.75849 20.75849 20.75849
20.75849 20.75849 20.75849 20.75849 20.75849
20.75849 20.75849 20.75849 20.75849 20.75849
20.75849 20.75849 20.75849 20.75849 20.75849
20.75849 20.75849 20.75849 20.75849 20.75849
20.75849 20.75849 20.75849 20.75849 20.75849
20.75849 20.75849 20.75849 20.75849 20.75849
20.75849 20.75849 20.75849 20.75849 20.75849
20.75849 20.75849 20.75849 20.75849 20.75849
20.75849 20.75849 20.75849 20.75849 20.75849
20.75849 20.72546 20.59331 20.46117 20.32902
20.19688 20.06473 19.93259 19.80044 19.6683
20.71318 20.71318 20.71318 20.71318 20.71318
20.71318 20.71318 20.71318 20.71318 20.71318
20.71318 20.71318 20.71318 20.71318 20.71318
20.71318 20.71318 20.71318 20.71318 20.71318
20.71318 20.71318 20.71318 20.71318 20.71318
20.71318 20.71318 20.71318 20.71318 20.71318
20.71318 20.71318 20.71318 20.71318 20.71318
20.71318 20.71318 20.71318 20.71318 20.71318
20.71318 20.71318 20.71318 20.71318 20.71318
20.71318 20.71318 20.71318 20.71318 20.71318
20.71318 20.71318 20.71318 20.71318 20.71318
20.71318 20.71318 20.71318 20.71318 20.71318
20.71318 20.71318 20.71318 20.71318 20.71318
20.71318 20.71318 20.71318 20.71318 20.71318
20.71318 20.71318 20.71318 20.71318 20.71318
20.71318 20.71318 20.71318 20.71318 20.71318
20.71318 20.71318 20.71318 20.71318 20.71318
20.71318 20.71318 20.71318 20.71318 20.71318
20.71318 20.68015 20.548 20.41586 20.28371
20.15157 20.01942 19.88728 19.75513 19.62299
20.66787 20.66787 20.66787 20.66787 20.66787
20.66787 20.66787 20.66787 20.66787 20.66787
20.66787 20.66787 20.66787 20.66787 20.66787
20.66787 20.66787 20.66787 20.66787 20.66787
20.66787 20.66787 20.66787 20.66787 20.66787
20.66787 20.66787 20.66787 20.66787 20.66787
20.66787 20.66787 20.66787 20.66787 20.66787
20.66787 20.66787 20.66787 20.66787 20.66787
20.66787 20.66787 20.66787 20.66787 20.66787
20.66787 20.66787 20.66787 20.66787 20.66787
20.66787 20.66787 20.66787 20.66787 20.66787
20.66787 20.66787 20.66787 20.66787 20.66787
20.66787 20.66787 20.66787 20.66787 20.66787
20.66787 20.66787 20.66787 20.66787 20.66787
20.66787 20.66787 20.66787 20.66787 20.66787
20.66787 20.66787 20.66787 20.66787 20.66787
20.66787 20.66787 20.66787 20.66787 20.66787
20.66787 20.66787 20.66787 20.66787 20.66787
20.66787 20.63484 20.50269 20.37055 20.2384
20.10626 19.97411 19.84197 19.70982 19.57768
20.62256 20.62256 20.62256 20.62256 20.62256
20.62256 20.62256 20.62256 20.62256 20.62256
20.62256 20.62256 20.62256 20.62256 20.62256
20.62256 20.62256 20.62256 20.62256 20.62256
20.62256 20.62256 20.62256 20.62256 20.62256
20.62256 20.62256 20.62256 20.62256 20.62256
20.62256 20.62256 20.62256 20.62256 20.62256
20.62256 20.62256 20.62256 20.62256 20.62256
20.62256 20.62256 20.62256 20.62256 20.62256
20.62256 20.62256 20.62256 20.62256 20.62256
20.62256 20.62256 20.62256 20.62256 20.62256
20.62256 20.62256 20.62256 20.62256 20.62256
20.62256 20.62256 20.62256 20.62256 20.62256
20.62256 20.62256 20.62256 20.62256 20.62256
20.62256 20.62256 20.62256 20.62256 20.62256
20.62256 20.62256 20.62256 20.62256 20.62256
20.62256 20.62256 20.62256 20.62256 20.62256
20.62256 20.62256 20.62256 20.62256 20.62256
20.62256 20.58953 20.45738 20.32524 20.19309
20.06095 19.9288 19.79666 19.66452 19.53237
20.57725 20.57725 20.57725 20.57725 20.57725
20.57725 20.57725 20.57725 20.57725 20.57725
20.57725 20.57725 20.57725 20.57725 20.57725
20.57725 20.57725 20.57725 20.57725 20.57725
20.57725 20.57725 20.57725 20.57725 20.57725
20.57725 20.57725 20.57725 20.57725 20.57725
20.57725 20.57725 20.57725 20.57725 20.57725
20.57725 20.57725 20.57725 20.57725 20.57725
20.57725 20.57725 20.57725 20.57725 20.57725
20.57725 20.57725 20.57725 20.57725 20.57725
20.57725 20.57725 20.57725 20.57725 20.57725
20.57725 20.57725 20.57725 20.57725 20.57725
20.57725 20.57725 20.57725 20.57725 20.57725
20.57725 20.57725 20.57725 20.57725 20.57725
20.57725 20.57725 20.57725 20.57725 20.57725
20.57725 20.57725 20.57725 20.57725 20.57725
20.57725 20.57725 20.57725 20.57725 20.57725
20.57725 20.57725 20.57725 20.57725 20.57725
20.57725 20.54422 20.41207 20.27993 20.14778
20.01564 19.88349 19.75135 19.61921 19.48706
20.53194 20.53194 20.53194 20.53194 20.53194
20.53194 20.53194 20.53194 20.53194 20.53194
20.53194 20.53194 20.53194 20.53194 20.53194
20.53194 20.53194 20.53194 20.53194 20.53194
20.53194 20.53194 20.53194 20.53194 20.53194
20.53194 20.53194 20.53194 20.53194 20.53194
20.53194 20.53194 20.53194 20.53194 20.53194
20.53194 20.53194 20.53194 20.53194 20.53194
20.53194 20.53194 20.53194 20.53194 20.53194
20.53194 20.53194 20.53194 20.53194 20.53194
20.53194 20.53194 20.53194 20.53194 20.53194
20.53194 20.53194 20.53194 20.53194 20.53194
20.53194 20.53194 20.53194 20.53194 20.53194
20.53194 20.53194 20.53194 20.53194 20.53194
20.53194 20.53194 20.53194 20.53194 20.53194
20.53194 20.53194 20.53194 20.53194 20.53194
20.53194 20.53194 20.53194 20.53194 20.53194
20.53194 20.53194 20.53194 20.53194 20.53194
20.53194 20.49891 20.36676 20.23462 20.10247
19.97033 19.83818 19.70604 19.5739 19.44175
20.48663 20.48663 20.48663 20.48663 20.48663
20.48663 20.48663 20.48663 20.48663 20.48663
20.48663 20.48663 20.48663 20.48663 20.48663
20.48663 20.48663 20.48663 20.48663 20.48663
20.48663 20.48663 20.48663 20.48663 20.48663
20.48663 20.48663 20.48663 20.48663 20.48663
20.48663 20.48663 20.48663 20.48663 20.48663
20.48663 20.48663 20.48663 20.48663 20.48663
20.48663 20.48663 20.48663 20.48663 20.48663
20.48663 20.48663 20.48663 20.48663 20.48663
20.48663 20.48663 20.48663 20.48663 20.48663
20.48663 20.48663 20.48663 20.48663 20.48663
20.48663 20.48663 20.48663 20.48663 20.48663
20.48663 20.48663 20.48663 20.48663 20.48663
20.48663 20.48663 20.48663 20.48663 20.48663
20.48663 20.48663 20.48663 20.48663 20.48663
20.48663 20.48663 20.48663 20.48663 20.48663
20.48663 20.48663 20.48663 20.48663 20.48663
20.48663 20.4536 20.32145 20.18931 20.05716
19.92502 19.79288 19.66073 19.52859 19.39644
20.44132 20.44132 20.44132 20.44132 20.44132
20.44132 20.44132 20.44132 20.44132 20.44132
20.44132 20.44132 20.44132 20.44132 20.44132
20.44132 20.44132 20.44132 20.44132 20.44132
20.44132 20.44132 20.44132 20.44132 20.44132
20.44132 20.44132 20.44132 20.44132 20.44132
20.44132 20.44132 20.44132 20.44132 20.44132
20.44132 20.44132 20.44132 20.44132 20.44132
20.44132 20.44132 20.44132 20.44132 20.44132
20.44132 20.44132 20.44132 20.44132 20.44132
20.44132 20.44132 20.44132 20.44132 20.44132
20.44132 20.44132 20.44132 20.44132 20.44132
20.44132 20.44132 20.44132 20.44132 20.44132
20.44132 20.44132 20.44132 20.44132 20.44132
20.44132 20.44132 20.44132 20.44132 20.44132
20.44132 20.44132 20.44132 20.44132 20.44132
20.44132 20.44132 20.44132 20.44132 20.44132
20.44132 20.44132 20.44132 20.44132 20.44132
20.44132 20.40829 20.27614 20.144 20.01185
19.87971 19.74757 19.61542 19.48328 19.35113
20.39601 20.39601 20.39601 20.39601 20.39601
20.39601 20.39601 20.39601 20.39601 20.39601
20.39601 20.39601 20.39601 20.39601 20.39601
20.39601 20.39601 20.39601 20.39601 20.39601
20.39601 20.39601 20.39601 20.39601 20.39601
20.39601 20.39601 20.39601 20.39601 20.39601
20.39601 20.39601 20.39601 20.39601 20.39601
20.39601 20.39601 20.39601 20.39601 20.39601
20.39601 20.39601 20.39601 20.39601 20.39601
20.39601 20.39601 20.39601 20.39601 20.39601
20.39601 20.39601 20.39601 20.39601 20.39601
20.39601 20.39601 20.39601 20.39601 20.39601
20.39601 20.39601 20.39601 20.39601 20.39601
20.39601 20.39601 20.39601 20.39601 20.39601
20.39601 20.39601 20.39601 20.39601 20.39601
20.39601 20.39601 20.39601 20.39601 20.39601
20.39601 20.39601 20.39601 20.39601 20.39601
20.39601 20.39601 20.39601 20.39601 20.39601
20.39601 20.36298 20.23083 20.09869 19.96654
19.8344 19.70226 19.57011 19.43797 19.30582
20.3507 20.3507 20.3507 20.3507 20.3507
20.3507 20.3507 20.3507 20.3507 20.3507
20.3507 20.3507 20.3507 20.3507 20.3507
20.3507 20.3507 20.3507 20.3507 20.3507
20.3507 20.3507 20.3507 20.3507 20.3507
20.3507 20.3507 20.3507 20.3507 20.3507
20.3507 20.3507 20.3507 20.3507 20.3507
20.3507 20.3507 20.3507 20.3507 20.3507
20.3507 20.3507 20.3507 20.3507 20.3507
20.3507 20.3507 20.3507 20.3507 20.3507
20.3507 20.3507 20.3507 20.3507 20.3507
20.3507 20.3507 20.3507 20.3507 20.3507
20.3507 20.3507 20.3507 20.3507 20.3507
20.3507 20.3507 20.3507 20.3507 20.3507
20.3507 20.3507 20.3507 20.3507 20.3507
20.3507 20.3507 20.3507 20.3507 20.3507
20.3507 20.3507 20.3507 20.3507 20.3507
20.3507 20.3507 20.3507 20.3507 20.3507
20.3507 20.31767 20.18552 20.05338 19.92123
19.78909 19.65695 19.5248 19.39266 19.26051
20.30539 20.30539 20.30539 20.30539 20.30539
20.30539 20.30539 20.30539 20.30539 20.30539
20.30539 20.30539 20.30539 20.30539 20.30539
20.30539 20.30539 20.30539 20.30539 20.30539
20.30539 20.30539 20.30539 20.30539 20.30539
20.30539 20.30539 20.30539 20.30539 20.30539
20.30539 20.30539 20.30539 20.30539 20.30539
20.30539 20.30539 20.30539 20.30539 20.30539
20.30539 20.30539 20.30539 20.30539 20.30539
20.30539 20.30539 20.30539 20.30539 20.30539
20.30539 20.30539 20.30539 20.30539 20.30539
20.30539 20.30539 20.30539 20.30539 20.30539
20.30539 20.30539 20.30539 20.30539 20.30539
20.30539 20.30539 20.30539 20.30539 20.30539
20.30539 20.30539 20.30539 20.30539 20.30539
20.30539 20.30539 20.30539 20.30539 20.30539
20.30539 20.30539 20.30539 20.30539 20.30539
20.30539 20.30539 20.30539 20.30539 20.30539
20.30539 20.27236 20.14021 20.00807 19.87593
19.74378 19.61164 19.47949 19.34735 19.2152
20.26008 20.26008 20.26008 20.26008 20.26008
20.26008 20.26008 20.26008 20.26008 20.26008
20.26008 20.26008 20.26008 20.26008 20.26008
20.26008 20.26008 20.26008 20.26008 20.26008
20.26008 20.26008 20.26008 20.26008 20.26008
20.26008 20.26008 20.26008 20.26008 20.26008
20.26008 20.26008 20.26008 20.26008 20.26008
20.26008 20.26008 20.26008 20.26008 20.26008
20.26008 20.26008 20.26008 20.26008 20.26008
20.26008 20.26008 20.26008 20.26008 20.26008
20.26008 20.26008 20.26008 20.26008 20.26008
20.26008 20.26008 20.26008 20.26008 20.26008
20.26008 20.26008 20.26008 20.26008 20.26008
20.26008 20.26008 20.26008 20.26008 20.26008
20.26008 20.26008 20.26008 20.26008 20.26008
20.26008 20.26008 20.26008 20.26008 20.26008
20.26008 20.26008 20.26008 20.26008 20.26008
20.26008 20.26008 20.26008 20.26008 20.26008
20.26008 20.22705 20.0949 19.96276 19.83062
19.69847 19.56633 19.43418 19.30204 19.16989
20.21478 20.21478 20.21478 20.21478 20.21478
20.21478 20.21478 20.21478 20.21478 20.21478
20.21478 20.21478 20.21478 20.21478 20.21478
20.21478 20.21478 20.21478 20.21478 20.21478
20.21478 20.21478 20.21478 20.21478 20.21478
20.21478 20.21478 20.21478 20.21478 20.21478
20.21478 20.21478 20.21478 20.21478 20.21478
20.21478 20.21478 20.21478 20.21478 20.21478
20.21478 20.21478 20.21478 20.21478 20.21478
20.21478 20.21478 20.21478 20.21478 20.21478
20.21478 20.21478 20.21478 20.21478 20.21478
20.21478 20.21478 20.21478 20.21478 20.21478
20.21478 20.21478 20.21478 20.21478 20.21478
20.21478 20.21478 20.21478 20.21478 20.21478
20.21478 20.21478 20.21478 20.21478 20.21478
20.21478 20.21478 20.21478 20.21478 20.21478
20.21478 20.21478 20.21478 20.21478 20.21478
20.21478 20.21478 20.21478 20.21478 20.21478
20.21478 20.18174 20.04959 19.91745 19.78531
19.65316 19.52102 19.38887 19.25673 19.12458
20.16947 20.16947 20.16947 20.16947 20.16947
20.16947 20.16947 20.16947 20.16947 20.16947
20.16947 20.16947 20.16947 20.16947 20.16947
20.16947 20.16947 20.16947 20.16947 20.16947
20.16947 20.16947 20.16947 20.16947 20.16947
20.16947 20.16947 20.16947 20.16947 20.16947
20.16947 20.16947 20.16947 20.16947 20.16947
20.16947 20.16947 20.16947 20.16947 20.16947
20.16947 20.16947 20.16947 20.16947 20.16947
20.16947 20.16947 20.16947 20.16947 20.16947
20.16947 20.16947 20.16947 20.16947 20.16947
20.16947 20.16947 20.16947 20.16947 20.16947
20.16947 20.16947 20.16947 20.16947 20.16947
20.16947 20.16947 20.16947 20.16947 20.16947
20.16947 20.16947 20.16947 20.16947 20.16947
20.16947 20.16947 20.16947 20.16947 20.16947
20.16947 20.16947 20.16947 20.16947 20.16947
20.16947 20.16947 20.16947 20.16947 20.16947
20.16947 20.13643 20.00428 19.87214 19.74
19.60785 19.47571 19.34356 19.21142 19.07927
20.12416 20.12416 20.12416 20.12416 20.12416
20.12416 20.12416 20.12416 20.12416 20.12416
20.12416 20.12416 20.12416 20.12416 20.12416
20.12416 20.12416 20.12416 20.12416 20.12416
20.12416 20.12416 20.12416 20.12416 20.12416
20.12416 20.12416 20.12416 20.12416 20.12416
20.12416 20.12416 20.12416 20.12416 20.12416
20.12416 20.12416 20.12416 20.12416 20.12416
20.12416 20.12416 20.12416 20.12416 20.12416
20.12416 20.12416 20.12416 20.12416 20.12416
20.12416 20.12416 20.12416 20.12416 20.12416
20.12416 20.12416 20.12416 20.12416 20.12416
20.12416 20.12416 20.12416 20.12416 20.12416
20.12416 20.12416 20.12416 20.12416 20.12416
20.12416 20.12416 20.12416 20.12416 20.12416
20.12416 20.12416 20.12416 20.12416 20.12416
20.12416 20.12416 20.12416 20.12416 20.12416
20.12416 20.12416 20.12416 20.12416 20.12416
20.12416 20.09112 19.95898 19.82683 19.69469
19.56254 19.4304 19.29825 19.16611 19.03396
20.07885 20.07885 20.07885 20.07885 20.07885
20.07885 20.07885 20.07885 20.07885 20.07885
20.07885 20.07885 20.07885 20.07885 20.07885
20.07885 20.07885 20.07885 20.07885 20.07885
20.07885 20.07885 20.07885 20.07885 20.07885
20.07885 20.07885 20.07885 20.07885 20.07885
20.07885 20.07885 20.07885 20.07885 20.07885
20.07885 20.07885 20.07885 20.07885 20.07885
20.07885 20.07885 20.07885 20.07885 20.07885
20.07885 20.07885 20.07885 20.07885 20.07885
20.07885 20.07885 20.07885 20.07885 20.07885
20.07885 20.07885 20.07885 20.07885 20.07885
20.07885 20.07885 20.07885 20.07885 20.07885
20.07885 20.07885 20.07885 20.07885 20.07885
20.07885 20.07885 20.07885 20.07885 20.07885
20.07885 20.07885 20.07885 20.07885 20.07885
20.07885 20.07885 20.07885 20.07885 20.07885
20.07885 20.07885 20.07885 20.07885 20.07885
20.07885 20.04581 19.91367 19.78152 19.64938
19.51723 19.38509 19.25294 19.1208 18.98865
20.03354 20.03354 20.03354 20.03354 20.03354
20.03354 20.03354 20.03354 20.03354 20.03354
20.03354 20.03354 20.03354 20.03354 20.03354
20.03354 20.03354 20.03354 20.03354 20.03354
20.03354 20.03354 20.03354 20.03354 20.03354
20.03354 20.03354 20.03354 20.03354 20.03354
20.03354 20.03354 20.03354 20.03354 20.03354
20.03354 20.03354 20.03354 20.03354 20.03354
20.03354 20.03354 20.03354 20.03354 20.03354
20.03354 20.03354 20.03354 20.03354 20.03354
20.03354 20.03354 20.03354 20.03354 20.03354
20.03354 20.03354 20.03354 20.03354 20.03354
20.03354 20.03354 20.03354 20.03354 20.03354
20.03354 20.03354 20.03354 20.03354 20.03354
20.03354 20.03354 20.03354 20.03354 20.03354
20.03354 20.03354 20.03354 20.03354 20.03354
20.03354 20.03354 20.03354 20.03354 20.03354
20.03354 20.03354 20.03354 20.03354 20.03354
20.03354 20.0005 19.86836 19.73621 19.60407
19.47192 19.33978 19.20763 19.07549 18.94334
19.98823 19.98823 19.98823 19.98823 19.98823
19.98823 19.98823 19.98823 19.98823 19.98823
19.98823 19.98823 19.98823 19.98823 19.98823
19.98823 19.98823 19.98823 19.98823 19.98823
19.98823 19.98823 19.98823 19.98823 19.98823
19.98823 19.98823 19.98823 19.98823 19.98823
19.98823 19.98823 19.98823 19.98823 19.98823
19.98823 19.98823 19.98823 19.98823 19.98823
19.98823 19.98823 19.98823 19.98823 19.98823
19.98823 19.98823 19.98823 19.98823 19.98823
19.98823 19.98823 19.98823 19.98823 19.98823
19.98823 19.98823 19.98823 19.98823 19.98823
19.98823 19.98823 19.98823 19.98823 19.98823
19.98823 19.98823 19.98823 19.98823 19.98823
19.98823 19.98823 19.98823 19.98823 19.98823
19.98823 19.98823 19.98823 19.98823 19.98823
19.98823 19.98823 19.98823 19.98823 19.98823
19.98823 19.98823 19.98823 19.98823 19.98823
19.98823 19.95519 19.82305 19.6909 19.55876
19.42661 19.29447 19.16232 19.03018 18.89803
19.94292 19.94292 19.94292 19.94292 19.94292
19.94292 19.94292 19.94292 19.94292 19.94292
19.94292 19.94292 19.94292 19.94292 19.94292
19.94292 19.94292 19.94292 19.94292 19.94292
19.94292 19.94292 19.94292 19.94292 19.94292
19.94292 19.94292 19.94292 19.94292 19.94292
19.94292 19.94292 19.94292 19.94292 19.94292
19.94292 19.94292 19.94292 19.94292 19.94292
19.94292 19.94292 19.94292 19.94292 19.94292
19.94292 19.94292 19.94292 19.94292 19.94292
19.94292 19.94292 19.94292 19.94292 19.94292
19.94292 19.94292 19.94292 19.94292 19.94292
19.94292 19.94292 19.94292 19.94292 19.94292
19.94292 19.94292 19.94292 19.94292 19.94292
19.94292 19.94292 19.94292 19.94292 19.94292
19.94292 19.94292 19.94292 19.94292 19.94292
19.94292 19.94292 19.94292 19.94292 19.94292
19.94292 19.94292 19.94292 19.94292 19.94292
19.94292 19.90988 19.77774 19.64559 19.51345
19.3813 19.24916 19.11701 18.98487 18.85272
19.89761 19.89761 19.89761 19.89761 19.89761
19.89761 19.89761 19.89761 19.89761 19.89761
19.89761 19.89761 19.89761 19.89761 19.89761
19.89761 19.89761 19.89761 19.89761 19.89761
19.89761 19.89761 19.89761 19.89761 19.89761
19.89761 19.89761 19.89761 19.89761 19.89761
19.89761 19.89761 19.89761 19.89761 19.89761
19.89761 19.89761 19.89761 19.89761 19.89761
19.89761 19.89761 19.89761 19.89761 19.89761
19.89761 19.89761 19.89761 19.89761 19.89761
19.89761 19.89761 19.89761 19.89761 19.89761
19.89761 19.89761 19.89761 19.89761 19.89761
19.89761 19.89761 19.89761 19.89761 19.89761
19.89761 19.89761 19.89761 19.89761 19.89761
19.89761 19.89761 19.89761 19.89761 19.89761
19.89761 19.89761 19.89761 19.89761 19.89761
19.89761 19.89761 19.89761 19.89761 19.89761
19.89761 19.89761 19.89761 19.89761 19.89761
19.89761 19.86457 19.73243 19.60028 19.46814
19.33599 19.20385 19.0717 18.93956 18.80742
19.8523 19.8523 19.8523 19.8523 19.8523
19.8523 19.8523 19.8523 19.8523 19.8523
19.8523 19.8523 19.8523 19.8523 19.8523
19.8523 19.8523 19.8523 19.8523 19.8523
19.8523 19.8523 19.8523 19.8523 19.8523
19.8523 19.8523 19.8523 19.8523 19.8523
19.8523 19.8523 19.8523 19.8523 19.8523
19.8523 19.8523 19.8523 19.8523 19.8523
19.8523 19.8523 19.8523 19.8523 19.8523
19.8523 19.8523 19.8523 19.8523 19.8523
19.8523 19.8523 19.8523 19.8523 19.8523
19.8523 19.8523 19.8523 19.8523 19.8523
19.8523 19.8523 19.8523 19.8523 19.8523
19.8523 19.8523 19.8523 19.8523 19.8523
19.8523 19.8523 19.8523 19.8523 19.8523
19.8523 19.8523 19.8523 19.8523 19.8523
19.8523 19.8523 19.8523 19.8523 19.8523
19.8523 19.8523 19.8523 19.8523 19.8523
19.8523 19.81926 19.68712 19.55497 19.42283
19.29068 19.15854 19.02639 18.89425 18.76211
19.80699 19.80699 19.80699 19.80699 19.80699
19.80699 19.80699 19.80699 19.80699 19.80699
19.80699 19.80699 19.80699 19.80699 19.80699
19.80699 19.80699 19.80699 19.80699 19.80699
19.80699 19.80699 19.80699 19.80699 19.80699
19.80699 19.80699 19.80699 19.80699 19.80699
19.80699 19.80699 19.80699 19.80699 19.80699
19.80699 19.80699 19.80699 19.80699 19.80699
19.80699 19.80699 19.80699 19.80699 19.80699
19.80699 19.80699 19.80699 19.80699 19.80699
19.80699 19.80699 19.80699 19.80699 19.80699
19.80699 19.80699 19.80699 19.80699 19.80699
19.80699 19.80699 19.80699 19.80699 19.80699
19.80699 19.80699 19.80699 19.80699 19.80699
19.80699 19.80699 19.80699 19.80699 19.80699
19.80699 19.80699 19.80699 19.80699 19.80699
19.80699 19.80699 19.80699 19.80699 19.80699
19.80699 19.80699 19.80699 19.80699 19.80699
19.80699 19.77395 19.64181 19.50966 19.37752
19.24537 19.11323 18.98108 18.84894 18.7168
19.76168 19.76168 19.76168 19.76168 19.76168
19.76168 19.76168 19.76168 19.76168 19.76168
19.76168 19.76168 19.76168 19.76168 19.76168
19.76168 19.76168 19.76168 19.76168 19.76168
19.76168 19.76168 19.76168 19.76168 19.76168
19.76168 19.76168 19.76168 19.76168 19.76168
19.76168 19.76168 19.76168 19.76168 19.76168
19.76168 19.76168 19.76168 19.76168 19.76168
19.76168 19.76168 19.76168 19.76168 19.76168
19.76168 19.76168 19.76168 19.76168 19.76168
19.76168 19.76168 19.76168 19.76168 19.76168
19.76168 19.76168 19.76168 19.76168 19.76168
19.76168 19.76168 19.76168 19.76168 19.76168
19.76168 19.76168 19.76168 19.76168 19.76168
19.76168 19.76168 19.76168 19.76168 19.76168
19.76168 19.76168 19.76168 19.76168 19.76168
19.76168 19.76168 19.76168 19.76168 19.76168
19.76168 19.76168 19.76168 19.76168 19.76168
19.76168 19.72864 19.5965 19.46435 19.33221
19.20006 19.06792 18.93577 18.80363 18.67149
19.71637 19.71637 19.71637 19.71637 19.71637
19.71637 19.71637 19.71637 19.71637 19.71637
19.71637 19.71637 19.71637 19.71637 19.71637
19.71637 19.71637 19.71637 19.71637 19.71637
19.71637 19.71637 19.71637 19.71637 19.71637
19.71637 19.71637 19.71637 19.71637 19.71637
19.71637 19.71637 19.71637 19.71637 19.71637
19.71637 19.71637 19.71637 19.71637 19.71637
19.71637 19.71637 19.71637 19.71637 19.71637
19.71637 19.71637 19.71637 19.71637 19.71637
19.71637 19.71637 19.71637 19.71637 19.71637
19.71637 19.71637 19.71637 19.71637 19.71637
19.71637 19.71637 19.71637 19.71637 19.71637
19.71637 19.71637 19.71637 19.71637 19.71637
19.71637 19.71637 19.71637 19.71637 19.71637
19.71637 19.71637 19.71637 19.71637 19.71637
19.71637 19.71637 19.71637 19.71637 19.71637
19.71637 19.71637 19.71637 19.71637 19.71637
19.71637 19.68333 19.55119 19.41904 19.2869
19.15475 19.02261 18.89047 18.75832 18.62618
19.67106 19.67106 19.67106 19.67106 19.67106
19.67106 19.67106 19.67106 19.67106 19.67106
19.67106 19.67106 19.67106 19.67106 19.67106
19.67106 19.67106 19.67106 19.67106 19.67106
19.67106 19.67106 19.67106 19.67106 19.67106
19.67106 19.67106 19.67106 19.67106 19.67106
19.67106 19.67106 19.67106 19.67106 19.67106
19.67106 19.67106 19.67106 19.67106 19.67106
19.67106 19.67106 19.67106 19.67106 19.67106
19.67106 19.67106 19.67106 19.67106 19.67106
19.67106 19.67106 19.67106 19.67106 19.67106
19.67106 19.67106 19.67106 19.67106 19.67106
19.67106 19.67106 19.67106 19.67106 19.67106
19.67106 19.67106 19.67106 19.67106 19.67106
19.67106 19.67106 19.67106 19.67106 19.67106
19.67106 19.67106 19.67106 19.67106 19.67106
19.67106 19.67106 19.67106 19.67106 19.67106
19.67106 19.67106 19.67106 19.67106 19.67106
19.67106 19.63802 19.50588 19.37373 19.24159
19.10944 18.9773 18.84516 18.71301 18.58087
19.62575 19.62575 19.62575 19.62575 19.62575
19.62575 19.62575 19.62575 19.62575 19.62575
19.62575 19.62575 19.62575 19.62575 19.62575
19.62575 19.62575 19.62575 19.62575 19.62575
19.62575 19.62575 19.62575 19.62575 19.62575
19.62575 19.62575 19.62575 19.62575 19.62575
19.62575 19.62575 19.62575 19.62575 19.62575
19.62575 19.62575 19.62575 19.62575 19.62575
19.62575 19.62575 19.62575 19.62575 19.62575
19.62575 19.62575 19.62575 19.62575 19.62575
19.62575 19.62575 19.62575 19.62575 19.62575
19.62575 19.62575 19.62575 19.62575 19.62575
19.62575 19.62575 19.62575 19.62575 19.62575
19.62575 19.62575 19.62575 19.62575 19.62575
19.62575 19.62575 19.62575 19.62575 19.62575
19.62575 19.62575 19.62575 19.62575 19.62575
19.62575 19.62575 19.62575 19.62575 19.62575
19.62575 19.62575 19.62575 19.62575 19.62575
19.62575 19.59271 19.46057 19.32842 19.19628
19.06413 18.93199 18.79985 18.6677 18.53556
19.58044 19.58044 19.58044 19.58044 19.58044
19.58044 19.58044 19.58044 19.58044 19.58044
19.58044 19.58044 19.58044 19.58044 19.58044
19.58044 19.58044 19.58044 19.58044 19.58044
19.58044 19.58044 19.58044 19.58044 19.58044
19.58044 19.58044 19.58044 19.58044 19.58044
19.58044 19.58044 19.58044 19.58044 19.58044
19.58044 19.58044 19.58044 19.58044 19.58044
19.58044 19.58044 19.58044 19.58044 19.58044
19.58044 19.58044 19.58044 19.58044 19.58044
19.58044 19.58044 19.58044 19.58044 19.58044
19.58044 19.58044 19.58044 19.58044 19.58044
19.58044 19.58044 19.58044 19.58044 19.58044
19.58044 19.58044 19.58044 19.58044 19.58044
19.58044 19.58044 19.58044 19.58044 19.58044
19.58044 19.58044 19.58044 19.58044 19.58044
19.58044 19.58044 19.58044 19.58044 19.58044
19.58044 19.58044 19.58044 19.58044 19.58044
19.58044 19.5474 19.41526 19.28311 19.15097
19.01882 18.88668 18.75454 18.62239 18.49025
19.53513 19.53513 19.53513 19.53513 19.53513
19.53513 19.53513 19.53513 19.53513 19.53513
19.53513 19.53513 19.53513 19.53513 19.53513
19.53513 19.53513 19.53513 19.53513 19.53513
19.53513 19.53513 19.53513 19.53513 19.53513
19.53513 19.53513 19.53513 19.53513 19.53513
19.53513 19.53513 19.53513 19.53513 19.53513
19.53513 19.53513 19.53513 19.53513 19.53513
19.53513 19.53513 19.53513 19.53513 19.53513
19.53513 19.53513 19.53513 19.53513 19.53513
19.53513 19.53513 19.53513 19.53513 19.53513
19.53513 19.53513 19.53513 19.53513 19.53513
19.53513 19.53513 19.53513 19.53513 19.53513
19.53513 19.53513 19.53513 19.53513 19.53513
19.53513 19.53513 19.53513 19.53513 19.53513
19.53513 19.53513 19.53513 19.53513 19.53513
19.53513 19.53513 19.53513 19.53513 19.53513
19.53513 19.53513 19.53513 19.53513 19.53513
19.53513 19.50209 19.36995 19.2378 19.10566
18.97352 18.84137 18.70923 18.57708 18.44494
19.48982 19.48982 19.48982 19.48982 19.48982
19.48982 19.48982 19.48982 19.48982 19.48982
19.48982 19.48982 19.48982 19.48982 19.48982
19.48982 19.48982 19.48982 19.48982 19.48982
19.48982 19.48982 19.48982 19.48982 19.48982
19.48982 19.48982 19.48982 19.48982 19.48982
19.48982 19.48982 19.48982 19.48982 19.48982
19.48982 19.48982 19.48982 19.48982 19.48982
19.48982 19.48982 19.48982 19.48982 19.48982
19.48982 19.48982 19.48982 19.48982 19.48982
19.48982 19.48982 19.48982 19.48982 19.48982
19.48982 19.48982 19.48982 19.48982 19.48982
19.48982 19.48982 19.48982 19.48982 19.48982
19.48982 19.48982 19.48982 19.48982 19.48982
19.48982 19.48982 19.48982 19.48982 19.48982
19.48982 19.48982 19.48982 19.48982 19.48982
19.48982 19.48982 19.48982 19.48982 19.48982
19.48982 19.48982 19.48982 19.48982 19.48982
19.48982 19.45678 19.32464 19.19249 19.06035
18.92821 18.79606 18.66392 18.53177 18.39963
19.44451 19.44451 19.44451 19.44451 19.44451
19.44451 19.44451 19.44451 19.44451 19.44451
19.44451 19.44451 19.44451 19.44451 19.44451
19.44451 19.44451 19.44451 19.44451 19.44451
19.44451 19.44451 19.44451 19.44451 19.44451
19.44451 19.44451 19.44451 19.44451 19.44451
19.44451 19.44451 19.44451 19.44451 19.44451
19.44451 19.44451 19.44451 19.44451 19.44451
19.44451 19.44451 19.44451 19.44451 19.44451
19.44451 19.44451 19.44451 19.44451 19.44451
19.44451 19.44451 19.44451 19.44451 19.44451
19.44451 19.44451 19.44451 19.44451 19.44451
19.44451 19.44451 19.44451 19.44451 19.44451
19.44451 19.44451 19.44451 19.44451 19.44451
19.44451 19.44451 19.44451 19.44451 19.44451
19.44451 19.44451 19.44451 19.44451 19.44451
19.44451 19.44451 19.44451 19.44451 19.44451
19.44451 19.44451 19.44451 19.44451 19.44451
19.44451 19.41147 19.27933 19.14718 19.01504
18.8829 18.75075 18.61861 18.48646 18.35432
19.3992 19.3992 19.3992 19.3992 19.3992
19.3992 19.3992 19.3992 19.3992 19.3992
19.3992 19.3992 19.3992 19.3992 19.3992
19.3992 19.3992 19.3992 19.3992 19.3992
19.3992 19.3992 19.3992 19.3992 19.3992
19.3992 19.3992 19.3992 19.3992 19.3992
19.3992 19.3992 19.3992 19.3992 19.3992
19.3992 19.3992 19.3992 19.3992 19.3992
19.3992 19.3992 19.3992 19.3992 19.3992
19.3992 19.3992 19.3992 19.3992 19.3992
19.3992 19.3992 19.3992 19.3992 19.3992
19.3992 19.3992 19.3992 19.3992 19.3992
19.3992 19.3992 19.3992 19.3992 19.3992
19.3992 19.3992 19.3992 19.3992 19.3992
19.3992 19.3992 19.3992 19.3992 19.3992
19.3992 19.3992 19.3992 19.3992 19.3992
19.3992 19.3992 19.3992 19.3992 19.3992
19.3992 19.3992 19.3992 19.3992 19.3992
19.3992 19.36616 19.23402 19.10187 18.96973
18.83759 18.70544 18.5733 18.44115 18.30901
19.35389 19.35389 19.35389 19.35389 19.35389
19.35389 19.35389 19.35389 19.35389 19.35389
19.35389 19.35389 19.35389 19.35389 19.35389
19.35389 19.35389 19.35389 19.35389 19.35389
19.35389 19.35389 19.35389 19.35389 19.35389
19.35389 19.35389 19.35389 19.35389 19.35389
19.35389 19.35389 19.35389 19.35389 19.35389
19.35389 19.35389 19.35389 19.35389 19.35389
19.35389 19.35389 19.35389 19.35389 19.35389
19.35389 19.35389 19.35389 19.35389 19.35389
19.35389 19.35389 19.35389 19.35389 19.35389
19.35389 19.35389 19.35389 19.35389 19.35389
19.35389 19.35389 19.35389 19.35389 19.35389
19.35389 19.35389 19.35389 19.35389 19.35389
19.35389 19.35389 19.35389 19.35389 19.35389
19.35389 19.35389 19.35389 19.35389 19.35389
19.35389 19.35389 19.35389 19.35389 19.35389
19.35389 19.35389 19.35389 19.35389 19.35389
19.35389 19.32085 19.18871 19.05657 18.92442
18.79228 18.66013 18.52799 18.39584 18.2637
19.30858 19.30858 19.30858 19.30858 19.30858
19.30858 19.30858 19.30858 19.30858 19.30858
19.30858 19.30858 19.30858 19.30858 19.30858
19.30858 19.30858 19.30858 19.30858 19.30858
19.30858 19.30858 19.30858 19.30858 19.30858
19.30858 19.30858 19.30858 19.30858 19.30858
19.30858 19.30858 19.30858 19.30858 19.30858
19.30858 19.30858 19.30858 19.30858 19.30858
19.30858 19.30858 19.30858 19.30858 19.30858
19.30858 19.30858 19.30858 19.30858 19.30858
19.30858 19.30858 19.30858 19.30858 19.30858
19.30858 19.30858 19.30858 19.30858 19.30858
19.30858 19.30858 19.30858 19.30858 19.30858
19.30858 19.30858 19.30858 19.30858 19.30858
19.30858 19.30858 19.30858 19.30858 19.30858
19.30858 19.30858 19.30858 19.30858 19.30858
19.30858 19.30858 19.30858 19.30858 19.30858
19.30858 19.30858 19.30858 19.30858 19.30858
19.30858 19.27554 19.1434 19.01126 18.87911
18.74697 18.61482 18.48268 18.35053 18.21839
19.26327 19.26327 19.26327 19.26327 19.26327
19.26327 19.26327 19.26327 19.26327 19.26327
19.26327 19.26327 19.26327 19.26327 19.26327
19.26327 19.26327 19.26327 19.26327 19.26327
19.26327 19.26327 19.26327 19.26327 19.26327
19.26327 19.26327 19.26327 19.26327 19.26327
19.26327 19.26327 19.26327 19.26327 19.26327
19.26327 19.26327 19.26327 19.26327 19.26327
19.26327 19.26327 19.26327 19.26327 19.26327
19.26327 19.26327 19.26327 19.26327 19.26327
19.26327 19.26327 19.26327 19.26327 19.26327
19.26327 19.26327 19.26327 19.26327 19.26327
19.26327 19.26327 19.26327 19.26327 19.26327
19.26327 19.26327 19.26327 19.26327 19.26327
19.26327 19.26327 19.26327 19.26327 19.26327
19.26327 19.26327 19.26327 19.26327 19.26327
19.26327 19.26327 19.26327 19.26327 19.26327
19.26327 19.26327 19.26327 19.26327 19.26327
19.26327 19.23023 19.09809 18.96595 18.8338
18.70166 18.56951 18.43737 18.30522 18.17308
19.21796 19.21796 19.21796 19.21796 19.21796
19.21796 19.21796 19.21796 19.21796 19.21796
19.21796 19.21796 19.21796 19.21796 19.21796
19.21796 19.21796 19.21796 19.21796 19.21796
19.21796 19.21796 19.21796 19.21796 19.21796
19.21796 19.21796 19.21796 19.21796 19.21796
19.21796 19.21796 19.21796 19.21796 19.21796
19.21796 19.21796 19.21796 19.21796 19.21796
19.21796 19.21796 19.21796 19.21796 19.21796
19.21796 19.21796 19.21796 19.21796 19.21796
19.21796 19.21796 19.21796 19.21796 19.21796
19.21796 19.21796 19.21796 19.21796 19.21796
19.21796 19.21796 19.21796 19.21796 19.21796
19.21796 19.21796 19.21796 19.21796 19.21796
19.21796 19.21796 19.21796 19.21796 19.21796
19.21796 19.21796 19.21796 19.21796 19.21796
19.21796 19.21796 19.21796 19.21796 19.21796
19.21796 19.21796 19.21796 19.21796 19.21796
19.21796 19.18492 19.05278 18.92064 18.78849
18.65635 18.5242 18.39206 18.25991 18.12777
19.17265 19.17265 19.17265 19.17265 19.17265
19.17265 19.17265 19.17265 19.17265 19.17265
19.17265 19.17265 19.17265 19.17265 19.17265
19.17265 19.17265 19.17265 19.17265 19.17265
19.17265 19.17265 19.17265 19.17265 19.17265
19.17265 19.17265 19.17265 19.17265 19.17265
19.17265 19.17265 19.17265 19.17265 19.17265
19.17265 19.17265 19.17265 19.17265 19.17265
19.17265 19.17265 19.17265 19.17265 19.17265
19.17265 19.17265 19.17265 19.17265 19.17265
19.17265 19.17265 19.17265 19.17265 19.17265
19.17265 19.17265 19.17265 19.17265 19.17265
19.17265 19.17265 19.17265 19.17265 19.17265
19.17265 19.17265 19.17265 19.17265 19.17265
19.17265 19.17265 19.17265 19.17265 19.17265
19.17265 19.17265 19.17265 19.17265 19.17265
19.17265 19.17265 19.17265 19.17265 19.17265
19.17265 19.17265 19.17265 19.17265 19.17265
19.17265 19.13962 19.00747 18.87533 18.74318
18.61104 18.47889 18.34675 18.2146 18.08246
19.12734 19.12734 19.12734 19.12734 19.12734
19.12734 19.12734 19.12734 19.12734 19.12734
19.12734 19.12734 19.12734 19.12734 19.12734
19.12734 19.12734 19.12734 19.12734 19.12734
19.12734 19.12734 19.12734 19.12734 19.12734
19.12734 19.12734 19.12734 19.12734 19.12734
19.12734 19.12734 19.12734 19.12734 19.12734
19.12734 19.12734 19.12734 19.12734 19.12734
19.12734 19.12734 19.12734 19.12734 19.12734
19.12734 19.12734 19.12734 19.12734 19.12734
19.12734 19.12734 19.12734 19.12734 19.12734
19.12734 19.12734 19.12734 19.12734 19.12734
19.12734 19.12734 19.12734 19.12734 19.12734
19.12734 19.12734 19.12734 19.12734 19.12734
19.12734 19.12734 19.12734 19.12734 19.12734
19.12734 19.12734 19.12734 19.12734 19.12734
19.12734 19.12734 19.12734 19.12734 19.12734
19.12734 19.12734 19.12734 19.12734 19.12734
19.12734 19.09431 18.96216 18.83002 18.69787
18.56573 18.43358 18.30144 18.16929 18.03715
19.08203 19.08203 19.08203 19.08203 19.08203
19.08203 19.08203 19.08203 19.08203 19.08203
19.08203 19.08203 19.08203 19.08203 19.08203
19.08203 19.08203 19.08203 19.08203 19.08203
19.08203 19.08203 19.08203 19.08203 19.08203
19.08203 19.08203 19.08203 19.08203 19.08203
19.08203 19.08203 19.08203 19.08203 19.08203
19.08203 19.08203 19.08203 19.08203 19.08203
19.08203 19.08203 19.08203 19.08203 19.08203
19.08203 19.08203 19.08203 19.08203 19.08203
19.08203 19.08203 19.08203 19.08203 19.08203
19.08203 19.08203 19.08203 19.08203 19.08203
19.08203 19.08203 19.08203 19.08203 19.08203
19.08203 19.08203 19.08203 19.08203 19.08203
19.08203 19.08203 19.08203 19.08203 19.08203
19.08203 19.08203 19.08203 19.08203 19.08203
19.08203 19.08203 19.08203 19.08203 19.08203
19.08203 19.08203 19.08203 19.08203 19.08203
19.08203 19.049 18.91685 18.78471 18.65256
18.52042 18.38827 18.25613 18.12398 17.99184
19.03672 19.03672 19.03672 19.03672 19.03672
19.03672 19.03672 19.03672 19.03672 19.03672
19.03672 19.03672 19.03672 19.03672 19.03672
19.03672 19.03672 19.03672 19.03672 19.03672
19.03672 19.03672 19.03672 19.03672 19.03672
19.03672 19.03672 19.03672 19.03672 19.03672
19.03672 19.03672 19.03672 19.03672 19.03672
19.03672 19.03672 19.03672 19.03672 19.03672
19.03672 19.03672 19.03672 19.03672 19.03672
19.03672 19.03672 19.03672 19.03672 19.03672
19.03672 19.03672 19.03672 19.03672 19.03672
19.03672 19.03672 19.03672 19.03672 19.03672
19.03672 19.03672 19.03672 19.03672 19.03672
19.03672 19.03672 19.03672 19.03672 19.03672
19.03672 19.03672 19.03672 19.03672 19.03672
19.03672 19.03672 19.03672 19.03672 19.03672
19.03672 19.03672 19.03672 19.03672 19.03672
19.03672 19.03672 19.03672 19.03672 19.03672
19.03672 19.00369 18.87154 18.7394 18.60725
18.47511 18.34296 18.21082 18.07867 17.94653
18.99141 18.99141 18.99141 18.99141 18.99141
18.99141 18.99141 18.99141 18.99141 18.99141
18.99141 18.99141 18.99141 18.99141 18.99141
18.99141 18.99141 18.99141 18.99141 18.99141
18.99141 18.99141 18.99141 18.99141 18.99141
18.99141 18.99141 18.99141 18.99141 18.99141
18.99141 18.99141 18.99141 18.99141 18.99141
18.99141 18.99141 18.99141 18.99141 18.99141
18.99141 18.99141 18.99141 18.99141 18.99141
18.99141 18.99141 18.99141 18.99141 18.99141
18.99141 18.99141 18.99141 18.99141 18.99141
18.99141 18.99141 18.99141 18.99141 18.99141
18.99141 18.99141 18.99141 18.99141 18.99141
18.99141 18.99141 18.99141 18.99141 18.99141
18.99141 18.99141 18.99141 18.99141 18.99141
18.99141 18.99141 18.99141 18.99141 18.99141
18.99141 18.99141 18.99141 18.99141 18.99141
18.99141 18.99141 18.99141 18.99141 18.99141
18.99141 18.95838 18.82623 18.69409 18.56194
18.4298 18.29765 18.16551 18.03336 17.90122
18.9461 18.9461 18.9461 18.9461 18.9461
18.9461 18.9461 18.9461 18.9461 18.9461
18.9461 18.9461 18.9461 18.9461 18.9461
18.9461 18.9461 18.9461 18.9461 18.9461
18.9461 18.9461 18.9461 18.9461 18.9461
18.9461 18.9461 18.9461 18.9461 18.9461
18.9461 18.9461 18.9461 18.9461 18.9461
18.9461 18.9461 18.9461 18.9461 18.9461
18.9461 18.9461 18.9461 18.9461 18.9461
18.9461 18.9461 18.9461 18.9461 18.9461
18.9461 18.9461 18.9461 18.9461 18.9461
18.9461 18.9461 18.9461 18.9461 18.9461
18.9461 18.9461 18.9461 18.9461 18.9461
18.9461 18.9461 18.9461 18.9461 18.9461
18.9461 18.9461 18.9461 18.9461 18.9461
18.9461 18.9461 18.9461 18.9461 18.9461
18.9461 18.9461 18.9461 18.9461 18.9461
18.9461 18.9461 18.9461 18.9461 18.9461
18.9461 18.91307 18.78092 18.64878 18.51663
18.38449 18.25234 18.1202 17.98806 17.85591
18.90079 18.90079 18.90079 18.90079 18.90079
18.90079 18.90079 18.90079 18.90079 18.90079
18.90079 18.90079 18.90079 18.90079 18.90079
18.90079 18.90079 18.90079 18.90079 18.90079
18.90079 18.90079 18.90079 18.90079 18.90079
18.90079 18.90079 18.90079 18.90079 18.90079
18.90079 18.90079 18.90079 18.90079 18.90079
18.90079 18.90079 18.90079 18.90079 18.90079
18.90079 18.90079 18.90079 18.90079 18.90079
18.90079 18.90079 18.90079 18.90079 18.90079
18.90079 18.90079 18.90079 18.90079 18.90079
18.90079 18.90079 18.90079 18.90079 18.90079
18.90079 18.90079 18.90079 18.90079 18.90079
18.90079 18.90079 18.90079 18.90079 18.90079
18.90079 18.90079 18.90079 18.90079 18.90079
18.90079 18.90079 18.90079 18.90079 18.90079
18.90079 18.90079 18.90079 18.90079 18.90079
18.90079 18.90079 18.90079 18.90079 18.90079
18.90079 18.86776 18.73561 18.60347 18.47132
18.33918 18.20703 18.07489 17.94275 17.8106
18.85548 18.85548 18.85548 18.85548 18.85548
18.85548 18.85548 18.85548 18.85548 18.85548
18.85548 18.85548 18.85548 18.85548 18.85548
18.85548 18.85548 18.85548 18.85548 18.85548
18.85548 18.85548 18.85548 18.85548 18.85548
18.85548 18.85548 18.85548 18.85548 18.85548
18.85548 18.85548 18.85548 18.85548 18.85548
18.85548 18.85548 18.85548 18.85548 18.85548
18.85548 18.85548 18.85548 18.85548 18.85548
18.85548 18.85548 18.85548 18.85548 18.85548
18.85548 18.85548 18.85548 18.85548 18.85548
18.85548 18.85548 18.85548 18.85548 18.85548
18.85548 18.85548 18.85548 18.85548 18.85548
18.85548 18.85548 18.85548 18.85548 18.85548
18.85548 18.85548 18.85548 18.85548 18.85548
18.85548 18.85548 18.85548 18.85548 18.85548
18.85548 18.85548 18.85548 18.85548 18.85548
18.85548 18.85548 18.85548 18.85548 18.85548
18.85548 18.82245 18.6903 18.55816 18.42601
18.29387 18.16172 18.02958 17.89744 17.76529
18.81017 18.81017 18.81017 18.81017 18.81017
18.81017 18.81017 18.81017 18.81017 18.81017
18.81017 18.81017 18.81017 18.81017 18.81017
18.81017 18.81017 18.81017 18.81017 18.81017
18.81017 18.81017 18.81017 18.81017 18.81017
18.81017 18.81017 18.81017 18.81017 18.81017
18.81017 18.81017 18.81017 18.81017 18.81017
18.81017 18.81017 18.81017 18.81017 18.81017
18.81017 18.81017 18.81017 18.81017 18.81017
18.81017 18.81017 18.81017 18.81017 18.81017
18.81017 18.81017 18.81017 18.81017 18.81017
18.81017 18.81017 18.81017 18.81017 18.81017
18.81017 18.81017 18.81017 18.81017 18.81017
18.81017 18.81017 18.81017 18.81017 18.81017
18.81017 18.81017 18.81017 18.81017 18.81017
18.81017 18.81017 18.81017 18.81017 18.81017
18.81017 18.81017 18.81017 18.81017 18.81017
18.81017 18.81017 18.81017 18.81017 18.81017
18.81017 18.77714 18.64499 18.51285 18.3807
18.24856 18.11641 17.98427 17.85213 17.71998
18.76486 18.76486 18.76486 18.76486 18.76486
18.76486 18.76486 18.76486 18.76486 18.76486
18.76486 18.76486 18.76486 18.76486 18.76486
18.76486 18.76486 18.76486 18.76486 18.76486
18.76486 18.76486 18.76486 18.76486 18.76486
18.76486 18.76486 18.76486 18.76486 18.76486
18.76486 18.76486 18.76486 18.76486 18.76486
18.76486 18.76486 18.76486 18.76486 18.76486
18.76486 18.76486 18.76486 18.76486 18.76486
18.76486 18.76486 18.76486 18.76486 18.76486
18.76486 18.76486 18.76486 18.76486 18.76486
18.76486 18.76486 18.76486 18.76486 18.76486
18.76486 18.76486 18.76486 18.76486 18.76486
18.76486 18.76486 18.76486 18.76486 18.76486
18.76486 18.76486 18.76486 18.76486 18.76486
18.76486 18.76486 18.76486 18.76486 18.76486
18.76486 18.76486 18.76486 18.76486 18.76486
18.76486 18.76486 18.76486 18.76486 18.76486
18.76486 18.73183 18.59968 18.46754 18.33539
18.20325 18.07111 17.93896 17.80682 17.67467
18.71955 18.71955 18.71955 18.71955 18.71955
18.71955 18.71955 18.71955 18.71955 18.71955
18.71955 18.71955 18.71955 18.71955 18.71955
18.71955 18.71955 18.71955 18.71955 18.71955
18.71955 18.71955 18.71955 18.71955 18.71955
18.71955 18.71955 18.71955 18.71955 18.71955
18.71955 18.71955 18.71955 18.71955 18.71955
18.71955 18.71955 18.71955 18.71955 18.71955
18.71955 18.71955 18.71955 18.71955 18.71955
18.71955 18.71955 18.71955 18.71955 18.71955
18.71955 18.71955 18.71955 18.71955 18.71955
18.71955 18.71955 18.71955 18.71955 18.71955
18.71955 18.71955 18.71955 18.71955 18.71955
18.71955 18.71955 18.71955 18.71955 18.71955
18.71955 18.71955 18.71955 18.71955 18.71955
18.71955 18.71955 18.71955 18.71955 18.71955
18.71955 18.71955 18.71955 18.71955 18.71955
18.71955 18.71955 18.71955 18.71955 18.71955
18.71955 18.68652 18.55437 18.42223 18.29008
18.15794 18.0258 17.89365 17.76151 17.62936
18.67424 18.67424 18.67424 18.67424 18.67424
18.67424 18.67424 18.67424 18.67424 18.67424
18.67424 18.67424 18.67424 18.67424 18.67424
18.67424 18.67424 18.67424 18.67424 18.67424
18.67424 18.67424 18.67424 18.67424 18.67424
18.67424 18.67424 18.67424 18.67424 18.67424
18.67424 18.67424 18.67424 18.67424 18.67424
18.67424 18.67424 18.67424 18.67424 18.67424
18.67424 18.67424 18.67424 18.67424 18.67424
18.67424 18.67424 18.67424 18.67424 18.67424
18.67424 18.67424 18.67424 18.67424 18.67424
18.67424 18.67424 18.67424 18.67424 18.67424
18.67424 18.67424 18.67424 18.67424 18.67424
18.67424 18.67424 18.67424 18.67424 18.67424
18.67424 18.67424 18.67424 18.67424 18.67424
18.67424 18.67424 18.67424 18.67424 18.67424
18.67424 18.67424 18.67424 18.67424 18.67424
18.67424 18.67424 18.67424 18.67424 18.67424
18.67424 18.64121 18.50906 18.37692 18.24477
18.11263 17.98049 17.84834 17.7162 17.58405
18.62893 18.62893 18.62893 18.62893 18.62893
18.62893 18.62893 18.62893 18.62893 18.62893
18.62893 18.62893 18.62893 18.62893 18.62893
18.62893 18.62893 18.62893 18.62893 18.62893
18.62893 18.62893 18.62893 18.62893 18.62893
18.62893 18.62893 18.62893 18.62893 18.62893
18.62893 18.62893 18.62893 18.62893 18.62893
18.62893 18.62893 18.62893 18.62893 18.62893
18.62893 18.62893 18.62893 18.62893 18.62893
18.62893 18.62893 18.62893 18.62893 18.62893
18.62893 18.62893 18.62893 18.62893 18.62893
18.62893 18.62893 18.62893 18.62893 18.62893
18.62893 18.62893 18.62893 18.62893 18.62893
18.62893 18.62893 18.62893 18.62893 18.62893
18.62893 18.62893 18.62893 18.62893 18.62893
18.62893 18.62893 18.62893 18.62893 18.62893
18.62893 18.62893 18.62893 18.62893 18.62893
18.62893 18.62893 18.62893 18.62893 18.62893
18.62893 18.5959 18.46375 18.33161 18.19946
18.06732 17.93518 17.80303 17.67089 17.53874
18.58362 18.58362 18.58362 18.58362 18.58362
18.58362 18.58362 18.58362 18.58362 18.58362
18.58362 18.58362 18.58362 18.58362 18.58362
18.58362 18.58362 18.58362 18.58362 18.58362
18.58362 18.58362 18.58362 18.58362 18.58362
18.58362 18.58362 18.58362 18.58362 18.58362
18.58362 18.58362 18.58362 18.58362 18.58362
18.58362 18.58362 18.58362 18.58362 18.58362
18.58362 18.58362 18.58362 18.58362 18.58362
18.58362 18.58362 18.58362 18.58362 18.58362
18.58362 18.58362 18.58362 18.58362 18.58362
18.58362 18.58362 18.58362 18.58362 18.58362
18.58362 18.58362 18.58362 18.58362 18.58362
18.58362 18.58362 18.58362 18.58362 18.58362
18.58362 18.58362 18.58362 18.58362 18.58362
18.58362 18.58362 18.58362 18.58362 18.58362
18.58362 18.58362 18.58362 18.58362 18.58362
18.58362 18.58362 18.58362 18.58362 18.58362
18.58362 18.55059 18.41844 18.2863 18.15416
18.02201 17.88987 17.75772 17.62558 17.49343
18.53832 18.53832 18.53832 18.53832 18.53832
18.53832 18.53832 18.53832 18.53832 18.53832
18.53832 18.53832 18.53832 18.53832 18.53832
18.53832 18.53832 18.53832 18.53832 18.53832
18.53832 18.53832 18.53832 18.53832 18.53832
18.53832 18.53832 18.53832 18.53832 18.53832
18.53832 18.53832 18.53832 18.53832 18.53832
18.53832 18.53832 18.53832 18.53832 18.53832
18.53832 18.53832 18.53832 18.53832 18.53832
18.53832 18.53832 18.53832 18.53832 18.53832
18.53832 18.53832 18.53832 18.53832 18.53832
18.53832 18.53832 18.53832 18.53832 18.53832
18.53832 18.53832 18.53832 18.53832 18.53832
18.53832 18.53832 18.53832 18.53832 18.53832
18.53832 18.53832 18.53832 18.53832 18.53832
18.53832 18.53832 18.53832 18.53832 18.53832
18.53832 18.53832 18.53832 18.53832 18.53832
18.53832 18.53832 18.53832 18.53832 18.53832
18.53832 18.50528 18.37313 18.24099 18.10885
17.9767 17.84456 17.71241 17.58027 17.44812
18.49301 18.49301 18.49301 18.49301 18.49301
18.49301 18.49301 18.49301 18.49301 18.49301
18.49301 18.49301 18.49301 18.49301 18.49301
18.49301 18.49301 18.49301 18.49301 18.49301
18.49301 18.49301 18.49301 18.49301 18.49301
18.49301 18.49301 18.49301 18.49301 18.49301
18.49301 18.49301 18.49301 18.49301 18.49301
18.49301 18.49301 18.49301 18.49301 18.49301
18.49301 18.49301 18.49301 18.49301 18.49301
18.49301 18.49301 18.49301 18.49301 18.49301
18.49301 18.49301 18.49301 18.49301 18.49301
18.49301 18.49301 18.49301 18.49301 18.49301
18.49301 18.49301 18.49301 18.49301 18.49301
18.49301 18.49301 18.49301 18.49301 18.49301
18.49301 18.49301 18.49301 18.49301 18.49301
18.49301 18.49301 18.49301 18.49301 18.49301
18.49301 18.49301 18.49301 18.49301 18.49301
18.49301 18.49301 18.49301 18.49301 18.49301
18.49301 18.45997 18.32782 18.19568 18.06354
17.93139 17.79925 17.6671 17.53496 17.40281
18.4477 18.4477 18.4477 18.4477 18.4477
18.4477 18.4477 18.4477 18.4477 18.4477
18.4477 18.4477 18.4477 18.4477 18.4477
18.4477 18.4477 18.4477 18.4477 18.4477
18.4477 18.4477 18.4477 18.4477 18.4477
18.4477 18.4477 18.4477 18.4477 18.4477
18.4477 18.4477 18.4477 18.4477 18.4477
18.4477 18.4477 18.4477 18.4477 18.4477
18.4477 18.4477 18.4477 18.4477 18.4477
18.4477 18.4477 18.4477 18.4477 18.4477
18.4477 18.4477 18.4477 18.4477 18.4477
18.4477 18.4477 18.4477 18.4477 18.4477
18.4477 18.4477 18.4477 18.4477 18.4477
18.4477 18.4477 18.4477 18.4477 18.4477
18.4477 18.4477 18.4477 18.4477 18.4477
18.4477 18.4477 18.4477 18.4477 18.4477
18.4477 18.4477 18.4477 18.4477 18.4477
18.4477 18.4477 18.4477 18.4477 18.4477
18.4477 18.41466 18.28251 18.15037 18.01823
17.88608 17.75394 17.62179 17.48965 17.3575
18.40239 18.40239 18.40239 18.40239 18.40239
18.40239 18.40239 18.40239 18.40239 18.40239
18.40239 18.40239 18.40239 18.40239 18.40239
18.40239 18.40239 18.40239 18.40239 18.40239
18.40239 18.40239 18.40239 18.40239 18.40239
18.40239 18.40239 18.40239 18.40239 18.40239
18.40239 18.40239 18.40239 18.40239 18.40239
18.40239 18.40239 18.40239 18.40239 18.40239
18.40239 18.40239 18.40239 18.40239 18.40239
18.40239 18.40239 18.40239 18.40239 18.40239
18.40239 18.40239 18.40239 18.40239 18.40239
18.40239 18.40239 18.40239 18.40239 18.40239
18.40239 18.40239 18.40239 18.40239 18.40239
18.40239 18.40239 18.40239 18.40239 18.40239
18.40239 18.40239 18.40239 18.40239 18.40239
18.40239 18.40239 18.40239 18.40239 18.40239
18.40239 18.40239 18.40239 18.40239 18.40239
18.40239 18.40239 18.40239 18.40239 18.40239
18.40239 18.36935 18.23721 18.10506 17.97292
17.84077 17.70863 17.57648 17.44434 17.31219
18.35708 18.35708 18.35708 18.35708 18.35708
18.35708 18.35708 18.35708 18.35708 18.35708
18.35708 18.35708 18.35708 18.35708 18.35708
18.35708 18.35708 18.35708 18.35708 18.35708
18.35708 18.35708 18.35708 18.35708 18.35708
18.35708 18.35708 18.35708 18.35708 18.35708
18.35708 18.35708 18.35708 18.35708 18.35708
18.35708 18.35708 18.35708 18.35708 18.35708
18.35708 18.35708 18.35708 18.35708 18.35708
18.35708 18.35708 18.35708 18.35708 18.35708
18.35708 18.35708 18.35708 18.35708 18.35708
18.35708 18.35708 18.35708 18.35708 18.35708
18.35708 18.35708 18.35708 18.35708 18.35708
18.35708 18.35708 18.35708 18.35708 18.35708
18.35708 18.35708 18.35708 18.35708 18.35708
18.35708 18.35708 18.35708 18.35708 18.35708
18.35708 18.35708 18.35708 18.35708 18.35708
18.35708 18.35708 18.35708 18.35708 18.35708
18.35708 18.32404 18.1919 18.05975 17.92761
17.79546 17.66332 17.53117 17.39903 17.26688
18.31177 18.31177 18.31177 18.31177 18.31177
18.31177 18.31177 18.31177 18.31177 18.31177
18.31177 18.31177 18.31177 18.31177 18.31177
18.31177 18.31177 18.31177 18.31177 18.31177
18.31177 18.31177 18.31177 18.31177 18.31177
18.31177 18.31177 18.31177 18.31177 18.31177
18.31177 18.31177 18.31177 18.31177 18.31177
18.31177 18.31177 18.31177 18.31177 18.31177
18.31177 18.31177 18.31177 18.31177 18.31177
18.31177 18.31177 18.31177 18.31177 18.31177
18.31177 18.31177 18.31177 18.31177 18.31177
18.31177 18.31177 18.31177 18.31177 18.31177
18.31177 18.31177 18.31177 18.31177 18.31177
18.31177 18.31177 18.31177 18.31177 18.31177
18.31177 18.31177 18.31177 18.31177 18.31177
18.31177 18.31177 18.31177 18.31177 18.31177
18.31177 18.31177 18.31177 18.31177 18.31177
18.31177 18.31177 18.31177 18.31177 18.31177
18.31177 18.27873 18.14659 18.01444 17.8823
17.75015 17.61801 17.48586 17.35372 17.22157
18.26646 18.26646 18.26646 18.26646 18.26646
18.26646 18.26646 18.26646 18.26646 18.26646
18.26646 18.26646 18.26646 18.26646 18.26646
18.26646 18.26646 18.26646 18.26646 18.26646
18.26646 18.26646 18.26646 18.26646 18.26646
18.26646 18.26646 18.26646 18.26646 18.26646
18.26646 18.26646 18.26646 18.26646 18.26646
18.26646 18.26646 18.26646 18.26646 18.26646
18.26646 18.26646 18.26646 18.26646 18.26646
18.26646 18.26646 18.26646 18.26646 18.26646
18.26646 18.26646 18.26646 18.26646 18.26646
18.26646 18.26646 18.26646 18.26646 18.26646
18.26646 18.26646 18.26646 18.26646 18.26646
18.26646 18.26646 18.26646 18.26646 18.26646
18.26646 18.26646 18.26646 18.26646 18.26646
18.26646 18.26646 18.26646 18.26646 18.26646
18.26646 18.26646 18.26646 18.26646 18.26646
18.26646 18.26646 18.26646 18.26646 18.26646
18.26646 18.23342 18.10128 17.96913 17.83699
17.70484 17.5727 17.44055 17.30841 17.17626
18.22115 18.22115 18.22115 18.22115 18.22115
18.22115 18.22115 18.22115 18.22115 18.22115
18.22115 18.22115 18.22115 18.22115 18.22115
18.22115 18.22115 18.22115 18.22115 18.22115
18.22115 18.22115 18.22115 18.22115 18.22115
18.22115 18.22115 18.22115 18.22115 18.22115
18.22115 18.22115 18.22115 18.22115 18.22115
18.22115 18.22115 18.22115 18.22115 18.22115
18.22115 18.22115 18.22115 18.22115 18.22115
18.22115 18.22115 18.22115 18.22115 18.22115
18.22115 18.22115 18.22115 18.22115 18.22115
18.22115 18.22115 18.22115 18.22115 18.22115
18.22115 18.22115 18.22115 18.22115 18.22115
18.22115 18.22115 18.22115 18.22115 18.22115
18.22115 18.22115 18.22115 18.22115 18.22115
18.22115 18.22115 18.22115 18.22115 18.22115
18.22115 18.22115 18.22115 18.22115 18.22115
18.22115 18.22115 18.22115 18.22115 18.22115
18.22115 18.18811 18.05597 17.92382 17.79168
17.65953 17.52739 17.39524 17.2631 17.13095
18.17584 18.17584 18.17584 18.17584 18.17584
18.17584 18.17584 18.17584 18.17584 18.17584
18.17584 18.17584 18.17584 18.17584 18.17584
18.17584 18.17584 18.17584 18.17584 18.17584
18.17584 18.17584 18.17584 18.17584 18.17584
18.17584 18.17584 18.17584 18.17584 18.17584
18.17584 18.17584 18.17584 18.17584 18.17584
18.17584 18.17584 18.17584 18.17584 18.17584
18.17584 18.17584 18.17584 18.17584 18.17584
18.17584 18.17584 18.17584 18.17584 18.17584
18.17584 18.17584 18.17584 18.17584 18.17584
18.17584 18.17584 18.17584 18.17584 18.17584
18.17584 18.17584 18.17584 18.17584 18.17584
18.17584 18.17584 18.17584 18.17584 18.17584
18.17584 18.17584 18.17584 18.17584 18.17584
18.17584 18.17584 18.17584 18.17584 18.17584
18.17584 18.17584 18.17584 18.17584 18.17584
18.17584 18.17584 18.17584 18.17584 18.17584
18.17584 18.1428 18.01066 17.87851 17.74637
17.61422 17.48208 17.34993 17.21779 17.08565
18.13053 18.13053 18.13053 18.13053 18.13053
18.13053 18.13053 18.13053 18.13053 18.13053
18.13053 18.13053 18.13053 18.13053 18.13053
18.13053 18.13053 18.13053 18.13053 18.13053
18.13053 18.13053 18.13053 18.13053 18.13053
18.13053 18.13053 18.13053 18.13053 18.13053
18.13053 18.13053 18.13053 18.13053 18.13053
18.13053 18.13053 18.13053 18.13053 18.13053
18.13053 18.13053 18.13053 18.13053 18.13053
18.13053 18.13053 18.13053 18.13053 18.13053
18.13053 18.13053 18.13053 18.13053 18.13053
18.13053 18.13053 18.13053 18.13053 18.13053
18.13053 18.13053 18.13053 18.13053 18.13053
18.13053 18.13053 18.13053 18.13053 18.13053
18.13053 18.13053 18.13053 18.13053 18.13053
18.13053 18.13053 18.13053 18.13053 18.13053
18.13053 18.13053 18.13053 18.13053 18.13053
18.13053 18.13053 18.13053 18.13053 18.13053
18.13053 18.09749 17.96535 17.8332 17.70106
17.56891 17.43677 17.30462 17.17248 17.04034
18.08522 18.08522 18.08522 18.08522 18.08522
18.08522 18.08522 18.08522 18.08522 18.08522
18.08522 18.08522 18.08522 18.08522 18.08522
18.08522 18.08522 18.08522 18.08522 18.08522
18.08522 18.08522 18.08522 18.08522 18.08522
18.08522 18.08522 18.08522 18.08522 18.08522
18.08522 18.08522 18.08522 18.08522 18.08522
18.08522 18.08522 18.08522 18.08522 18.08522
18.08522 18.08522 18.08522 18.08522 18.08522
18.08522 18.08522 18.08522 18.08522 18.08522
18.08522 18.08522 18.08522 18.08522 18.08522
18.08522 18.08522 18.08522 18.08522 18.08522
18.08522 18.08522 18.08522 18.08522 18.08522
18.08522 18.08522 18.08522 18.08522 18.08522
18.08522 18.08522 18.08522 18.08522 18.08522
18.08522 18.08522 18.08522 18.08522 18.08522
18.08522 18.08522 18.08522 18.08522 18.08522
18.08522 18.08522 18.08522 18.08522 18.08522
18.08522 18.05218 17.92004 17.78789 17.65575
17.5236 17.39146 17.25931 17.12717 16.99503
18.03991 18.03991 18.03991 18.03991 18.03991
18.03991 18.03991 18.03991 18.03991 18.03991
18.03991 18.03991 18.03991 18.03991 18.03991
18.03991 18.03991 18.03991 18.03991 18.03991
18.03991 18.03991 18.03991 18.03991 18.03991
18.03991 18.03991 18.03991 18.03991 18.03991
18.03991 18.03991 18.03991 18.03991 18.03991
18.03991 18.03991 18.03991 18.03991 18.03991
18.03991 18.03991 18.03991 18.03991 18.03991
18.03991 18.03991 18.03991 18.03991 18.03991
18.03991 18.03991 18.03991 18.03991 18.03991
18.03991 18.03991 18.03991 18.03991 18.03991
18.03991 18.03991 18.03991 18.03991 18.03991
18.03991 18.03991 18.03991 18.03991 18.03991
18.03991 18.03991 18.03991 18.03991 18.03991
18.03991 18.03991 18.03991 18.03991 18.03991
18.03991 18.03991 18.03991 18.03991 18.03991
18.03991 18.03991 18.03991 18.03991 18.03991
18.03991 18.00687 17.87473 17.74258 17.61044
17.47829 17.34615 17.214 17.08186 16.94972
17.9946 17.9946 17.9946 17.9946 17.9946
17.9946 17.9946 17.9946 17.9946 17.9946
17.9946 17.9946 17.9946 17.9946 17.9946
17.9946 17.9946 17.9946 17.9946 17.9946
17.9946 17.9946 17.9946 17.9946 17.9946
17.9946 17.9946 17.9946 17.9946 17.9946
17.9946 17.9946 17.9946 17.9946 17.9946
17.9946 17.9946 17.9946 17.9946 17.9946
17.9946 17.9946 17.9946 17.9946 17.9946
17.9946 17.9946 17.9946 17.9946 17.9946
17.9946 17.9946 17.9946 17.9946 17.9946
17.9946 17.9946 17.9946 17.9946 17.9946
17.9946 17.9946 17.9946 17.9946 17.9946
17.9946 17.9946 17.9946 17.9946 17.9946
17.9946 17.9946 17.9946 17.9946 17.9946
17.9946 17.9946 17.9946 17.9946 17.9946
17.9946 17.9946 17.9946 17.9946 17.9946
17.9946 17.9946 17.9946 17.9946 17.9946
17.9946 17.96156 17.82942 17.69727 17.56513
17.43298 17.30084 17.1687 17.03655 16.90441
17.94929 17.94929 17.94929 17.94929 17.94929
17.94929 17.94929 17.94929 17.94929 17.94929
17.94929 17.94929 17.94929 17.94929 17.94929
17.94929 17.94929 17.94929 17.94929 17.94929
17.94929 17.94929 17.94929 17.94929 17.94929
17.94929 17.94929 17.94929 17.94929 17.94929
17.94929 17.94929 17.94929 17.94929 17.94929
17.94929 17.94929 17.94929 17.94929 17.94929
17.94929 17.94929 17.94929 17.94929 17.94929
17.94929 17.94929 17.94929 17.94929 17.94929
17.94929 17.94929 17.94929 17.94929 17.94929
17.94929 17.94929 17.94929 17.94929 17.94929
17.94929 17.94929 17.94929 17.94929 17.94929
17.94929 17.94929 17.94929 17.94929 17.94929
17.94929 17.94929 17.94929 17.94929 17.94929
17.94929 17.94929 17.94929 17.94929 17.94929
17.94929 17.94929 17.94929 17.94929 17.94929
17.94929 17.94929 17.94929 17.94929 17.94929
17.94929 17.91625 17.78411 17.65196 17.51982
17.38767 17.25553 17.12339 16.99124 16.8591
