4.997611 4.997611 4.997611 4.997611 4.997611
4.997611 4.997611 4.997611 4.997611 4.997611
4.997611 4.997611 4.997611 4.997611 4.997611
4.997611 4.997611 4.997611 4.997611 4.997611
4.997611 4.997611 4.997611 4.997611 4.997611
4.997611 4.997611 4.997611 4.997611 4.997611
4.997611 4.997611 4.997611 4.997611 4.997611
4.997611 4.997611 4.997611 4.997611 4.997611
4.997611 4.997611 4.997611 4.997611 4.997611
4.997611 4.997611 4.997611 4.997611 4.997611
4.997611 4.997611 4.997611 4.997611 4.997611
4.997611 4.997611 4.997611 4.997611 4.997611
4.997611 4.997611 4.997611 4.997611 4.997611
4.997611 4.997611 4.997611 4.997611 4.997611
4.997611 4.997611 4.997611 4.997611 4.997611
4.997611 4.997611 4.997611 4.997611 4.997611
4.997611 4.997611 4.997611 4.997611 4.997611
4.997611 4.997611 4.997611 4.997611 4.997611
4.997611 4.997611 4.997611 4.997611 4.997611
4.997611 4.997611 4.997611 4.997611 4.997611
5.020554 5.020554 5.020554 5.020554 5.020554
5.020554 5.020554 5.020554 5.020554 5.020554
5.020554 5.020554 5.020554 5.020554 5.020554
5.020554 5.020554 5.020554 5.020554 5.020554
5.020554 5.020554 5.020554 5.020554 5.020554
5.020554 5.020554 5.020554 5.020554 5.020554
5.020554 5.020554 5.020554 5.020554 5.020554
5.020554 5.020554 5.020554 5.020554 5.020554
5.020554 5.020554 5.020554 5.020554 5.020554
5.020554 5.020554 5.020554 5.020554 5.020554
5.020554 5.020554 5.020554 5.020554 5.020554
5.020554 5.020554 5.020554 5.020554 5.020554
5.020554 5.020554 5.020554 5.020554 5.020554
5.020554 5.020554 5.020554 5.020554 5.020554
5.020554 5.020554 5.020554 5.020554 5.020554
5.020554 5.020554 5.020554 5.020554 5.020554
5.020554 5.020554 5.020554 5.020554 5.020554
5.020554 5.020554 5.020554 5.020554 5.020554
5.020554 5.020554 5.020554 5.020554 5.020554
5.020554 5.020554 5.020554 5.020554 5.020554
5.043497 5.043497 5.043497 5.043497 5.043497
5.043497 5.043497 5.043497 5.043497 5.043497
5.043497 5.043497 5.043497 5.043497 5.043497
5.043497 5.043497 5.043497 5.043497 5.043497
5.043497 5.043497 5.043497 5.043497 5.043497
5.043497 5.043497 5.043497 5.043497 5.043497
5.043497 5.043497 5.043497 5.043497 5.043497
5.043497 5.043497 5.043497 5.043497 5.043497
5.043497 5.043497 5.043497 5.043497 5.043497
5.043497 5.043497 5.043497 5.043497 5.043497
5.043497 5.043497 5.043497 5.043497 5.043497
5.043497 5.043497 5.043497 5.043497 5.043497
5.043497 5.043497 5.043497 5.043497 5.043497
5.043497 5.043497 5.043497 5.043497 5.043497
5.043497 5.043497 5.043497 5.043497 5.043497
5.043497 5.043497 5.043497 5.043497 5.043497
5.043497 5.043497 5.043497 5.043497 5.043497
5.043497 5.043497 5.043497 5.043497 5.043497
5.043497 5.043497 5.043497 5.043497 5.043497
5.043497 5.043497 5.043497 5.043497 5.043497
5.06644 5.06644 5.06644 5.06644 5.06644
5.06644 5.06644 5.06644 5.06644 5.06644
5.06644 5.06644 5.06644 5.06644 5.06644
5.06644 5.06644 5.06644 5.06644 5.06644
5.06644 5.06644 5.06644 5.06644 5.06644
5.06644 5.06644 5.06644 5.06644 5.06644
5.06644 5.06644 5.06644 5.06644 5.06644
5.06644 5.06644 5.06644 5.06644 5.06644
5.06644 5.06644 5.06644 5.06644 5.06644
5.06644 5.06644 5.06644 5.06644 5.06644
5.06644 5.06644 5.06644 5.06644 5.06644
5.06644 5.06644 5.06644 5.06644 5.06644
5.06644 5.06644 5.06644 5.06644 5.06644
5.06644 5.06644 5.06644 5.06644 5.06644
5.06644 5.06644 5.06644 5.06644 5.06644
5.06644 5.06644 5.06644 5.06644 5.06644
5.06644 5.06644 5.06644 5.06644 5.06644
5.06644 5.06644 5.06644 5.06644 5.06644
5.06644 5.06644 5.06644 5.06644 5.06644
5.06644 5.06644 5.06644 5.06644 5.06644
5.089382 5.089382 5.089382 5.089382 5.089382
5.089382 5.089382 5.089382 5.089382 5.089382
5.089382 5.089382 5.089382 5.089382 5.089382
5.089382 5.089382 5.089382 5.089382 5.089382
5.089382 5.089382 5.089382 5.089382 5.089382
5.089382 5.089382 5.089382 5.089382 5.089382
5.089382 5.089382 5.089382 5.089382 5.089382
5.089382 5.089382 5.089382 5.089382 5.089382
5.089382 5.089382 5.089382 5.089382 5.089382
5.089382 5.089382 5.089382 5.089382 5.089382
5.089382 5.089382 5.089382 5.089382 5.089382
5.089382 5.089382 5.089382 5.089382 5.089382
5.089382 5.089382 5.089382 5.089382 5.089382
5.089382 5.089382 5.089382 5.089382 5.089382
5.089382 5.089382 5.089382 5.089382 5.089382
5.089382 5.089382 5.089382 5.089382 5.089382
5.089382 5.089382 5.089382 5.089382 5.089382
5.089382 5.089382 5.089382 5.089382 5.089382
5.089382 5.089382 5.089382 5.089382 5.089382
5.089382 5.089382 5.089382 5.089382 5.089382
5.112325 5.112325 5.112325 5.112325 5.112325
5.112325 5.112325 5.112325 5.112325 5.112325
5.112325 5.112325 5.112325 5.112325 5.112325
5.112325 5.112325 5.112325 5.112325 5.112325
5.112325 5.112325 5.112325 5.112325 5.112325
5.112325 5.112325 5.112325 5.112325 5.112325
5.112325 5.112325 5.112325 5.112325 5.112325
5.112325 5.112325 5.112325 5.112325 5.112325
5.112325 5.112325 5.112325 5.112325 5.112325
5.112325 5.112325 5.112325 5.112325 5.112325
5.112325 5.112325 5.112325 5.112325 5.112325
5.112325 5.112325 5.112325 5.112325 5.112325
5.112325 5.112325 5.112325 5.112325 5.112325
5.112325 5.112325 5.112325 5.112325 5.112325
5.112325 5.112325 5.112325 5.112325 5.112325
5.112325 5.112325 5.112325 5.112325 5.112325
5.112325 5.112325 5.112325 5.112325 5.112325
5.112325 5.112325 5.112325 5.112325 5.112325
5.112325 5.112325 5.112325 5.112325 5.112325
5.112325 5.112325 5.112325 5.112325 5.112325
5.135268 5.135268 5.135268 5.135268 5.135268
5.135268 5.135268 5.135268 5.135268 5.135268
5.135268 5.135268 5.135268 5.135268 5.135268
5.135268 5.135268 5.135268 5.135268 5.135268
5.135268 5.135268 5.135268 5.135268 5.135268
5.135268 5.135268 5.135268 5.135268 5.135268
5.135268 5.135268 5.135268 5.135268 5.135268
5.135268 5.135268 5.135268 5.135268 5.135268
5.135268 5.135268 5.135268 5.135268 5.135268
5.135268 5.135268 5.135268 5.135268 5.135268
5.135268 5.135268 5.135268 5.135268 5.135268
5.135268 5.135268 5.135268 5.135268 5.135268
5.135268 5.135268 5.135268 5.135268 5.135268
5.135268 5.135268 5.135268 5.135268 5.135268
5.135268 5.135268 5.135268 5.135268 5.135268
5.135268 5.135268 5.135268 5.135268 5.135268
5.135268 5.135268 5.135268 5.135268 5.135268
5.135268 5.135268 5.135268 5.135268 5.135268
5.135268 5.135268 5.135268 5.135268 5.135268
5.135268 5.135268 5.135268 5.135268 5.135268
5.158211 5.158211 5.158211 5.158211 5.158211
5.158211 5.158211 5.158211 5.158211 5.158211
5.158211 5.158211 5.158211 5.158211 5.158211
5.158211 5.158211 5.158211 5.158211 5.158211
5.158211 5.158211 5.158211 5.158211 5.158211
5.158211 5.158211 5.158211 5.158211 5.158211
5.158211 5.158211 5.158211 5.158211 5.158211
5.158211 5.158211 5.158211 5.158211 5.158211
5.158211 5.158211 5.158211 5.158211 5.158211
5.158211 5.158211 5.158211 5.158211 5.158211
5.158211 5.158211 5.158211 5.158211 5.158211
5.158211 5.158211 5.158211 5.158211 5.158211
5.158211 5.158211 5.158211 5.158211 5.158211
5.158211 5.158211 5.158211 5.158211 5.158211
5.158211 5.158211 5.158211 5.158211 5.158211
5.158211 5.158211 5.158211 5.158211 5.158211
5.158211 5.158211 5.158211 5.158211 5.158211
5.158211 5.158211 5.158211 5.158211 5.158211
5.158211 5.158211 5.158211 5.158211 5.158211
5.158211 5.158211 5.158211 5.158211 5.158211
5.181153 5.181153 5.181153 5.181153 5.181153
5.181153 5.181153 5.181153 5.181153 5.181153
5.181153 5.181153 5.181153 5.181153 5.181153
5.181153 5.181153 5.181153 5.181153 5.181153
5.181153 5.181153 5.181153 5.181153 5.181153
5.181153 5.181153 5.181153 5.181153 5.181153
5.181153 5.181153 5.181153 5.181153 5.181153
5.181153 5.181153 5.181153 5.181153 5.181153
5.181153 5.181153 5.181153 5.181153 5.181153
5.181153 5.181153 5.181153 5.181153 5.181153
5.181153 5.181153 5.181153 5.181153 5.181153
5.181153 5.181153 5.181153 5.181153 5.181153
5.181153 5.181153 5.181153 5.181153 5.181153
5.181153 5.181153 5.181153 5.181153 5.181153
5.181153 5.181153 5.181153 5.181153 5.181153
5.181153 5.181153 5.181153 5.181153 5.181153
5.181153 5.181153 5.181153 5.181153 5.181153
5.181153 5.181153 5.181153 5.181153 5.181153
5.181153 5.181153 5.181153 5.181153 5.181153
5.181153 5.181153 5.181153 5.181153 5.181153
5.204096 5.204096 5.204096 5.204096 5.204096
5.204096 5.204096 5.204096 5.204096 5.204096
5.204096 5.204096 5.204096 5.204096 5.204096
5.204096 5.204096 5.204096 5.204096 5.204096
5.204096 5.204096 5.204096 5.204096 5.204096
5.204096 5.204096 5.204096 5.204096 5.204096
5.204096 5.204096 5.204096 5.204096 5.204096
5.204096 5.204096 5.204096 5.204096 5.204096
5.204096 5.204096 5.204096 5.204096 5.204096
5.204096 5.204096 5.204096 5.204096 5.204096
5.204096 5.204096 5.204096 5.204096 5.204096
5.204096 5.204096 5.204096 5.204096 5.204096
5.204096 5.204096 5.204096 5.204096 5.204096
5.204096 5.204096 5.204096 5.204096 5.204096
5.204096 5.204096 5.204096 5.204096 5.204096
5.204096 5.204096 5.204096 5.204096 5.204096
5.204096 5.204096 5.204096 5.204096 5.204096
5.204096 5.204096 5.204096 5.204096 5.204096
5.204096 5.204096 5.204096 5.204096 5.204096
5.204096 5.204096 5.204096 5.204096 5.204096
5.227039 5.227039 5.227039 5.227039 5.227039
5.227039 5.227039 5.227039 5.227039 5.227039
5.227039 5.227039 5.227039 5.227039 5.227039
5.227039 5.227039 5.227039 5.227039 5.227039
5.227039 5.227039 5.227039 5.227039 5.227039
5.227039 5.227039 5.227039 5.227039 5.227039
5.227039 5.227039 5.227039 5.227039 5.227039
5.227039 5.227039 5.227039 5.227039 5.227039
5.227039 5.227039 5.227039 5.227039 5.227039
5.227039 5.227039 5.227039 5.227039 5.227039
5.227039 5.227039 5.227039 5.227039 5.227039
5.227039 5.227039 5.227039 5.227039 5.227039
5.227039 5.227039 5.227039 5.227039 5.227039
5.227039 5.227039 5.227039 5.227039 5.227039
5.227039 5.227039 5.227039 5.227039 5.227039
5.227039 5.227039 5.227039 5.227039 5.227039
5.227039 5.227039 5.227039 5.227039 5.227039
5.227039 5.227039 5.227039 5.227039 5.227039
5.227039 5.227039 5.227039 5.227039 5.227039
5.227039 5.227039 5.227039 5.227039 5.227039
5.249982 5.249982 5.249982 5.249982 5.249982
5.249982 5.249982 5.249982 5.249982 5.249982
5.249982 5.249982 5.249982 5.249982 5.249982
5.249982 5.249982 5.249982 5.249982 5.249982
5.249982 5.249982 5.249982 5.249982 5.249982
5.249982 5.249982 5.249982 5.249982 5.249982
5.249982 5.249982 5.249982 5.249982 5.249982
5.249982 5.249982 5.249982 5.249982 5.249982
5.249982 5.249982 5.249982 5.249982 5.249982
5.249982 5.249982 5.249982 5.249982 5.249982
5.249982 5.249982 5.249982 5.249982 5.249982
5.249982 5.249982 5.249982 5.249982 5.249982
5.249982 5.249982 5.249982 5.249982 5.249982
5.249982 5.249982 5.249982 5.249982 5.249982
5.249982 5.249982 5.249982 5.249982 5.249982
5.249982 5.249982 5.249982 5.249982 5.249982
5.249982 5.249982 5.249982 5.249982 5.249982
5.249982 5.249982 5.249982 5.249982 5.249982
5.249982 5.249982 5.249982 5.249982 5.249982
5.249982 5.249982 5.249982 5.249982 5.249982
5.272924 5.272924 5.272924 5.272924 5.272924
5.272924 5.272924 5.272924 5.272924 5.272924
5.272924 5.272924 5.272924 5.272924 5.272924
5.272924 5.272924 5.272924 5.272924 5.272924
5.272924 5.272924 5.272924 5.272924 5.272924
5.272924 5.272924 5.272924 5.272924 5.272924
5.272924 5.272924 5.272924 5.272924 5.272924
5.272924 5.272924 5.272924 5.272924 5.272924
5.272924 5.272924 5.272924 5.272924 5.272924
5.272924 5.272924 5.272924 5.272924 5.272924
5.272924 5.272924 5.272924 5.272924 5.272924
5.272924 5.272924 5.272924 5.272924 5.272924
5.272924 5.272924 5.272924 5.272924 5.272924
5.272924 5.272924 5.272924 5.272924 5.272924
5.272924 5.272924 5.272924 5.272924 5.272924
5.272924 5.272924 5.272924 5.272924 5.272924
5.272924 5.272924 5.272924 5.272924 5.272924
5.272924 5.272924 5.272924 5.272924 5.272924
5.272924 5.272924 5.272924 5.272924 5.272924
5.272924 5.272924 5.272924 5.272924 5.272924
5.295867 5.295867 5.295867 5.295867 5.295867
5.295867 5.295867 5.295867 5.295867 5.295867
5.295867 5.295867 5.295867 5.295867 5.295867
5.295867 5.295867 5.295867 5.295867 5.295867
5.295867 5.295867 5.295867 5.295867 5.295867
5.295867 5.295867 5.295867 5.295867 5.295867
5.295867 5.295867 5.295867 5.295867 5.295867
5.295867 5.295867 5.295867 5.295867 5.295867
5.295867 5.295867 5.295867 5.295867 5.295867
5.295867 5.295867 5.295867 5.295867 5.295867
5.295867 5.295867 5.295867 5.295867 5.295867
5.295867 5.295867 5.295867 5.295867 5.295867
5.295867 5.295867 5.295867 5.295867 5.295867
5.295867 5.295867 5.295867 5.295867 5.295867
5.295867 5.295867 5.295867 5.295867 5.295867
5.295867 5.295867 5.295867 5.295867 5.295867
5.295867 5.295867 5.295867 5.295867 5.295867
5.295867 5.295867 5.295867 5.295867 5.295867
5.295867 5.295867 5.295867 5.295867 5.295867
5.295867 5.295867 5.295867 5.295867 5.295867
5.31881 5.31881 5.31881 5.31881 5.31881
5.31881 5.31881 5.31881 5.31881 5.31881
5.31881 5.31881 5.31881 5.31881 5.31881
5.31881 5.31881 5.31881 5.31881 5.31881
5.31881 5.31881 5.31881 5.31881 5.31881
5.31881 5.31881 5.31881 5.31881 5.31881
5.31881 5.31881 5.31881 5.31881 5.31881
5.31881 5.31881 5.31881 5.31881 5.31881
5.31881 5.31881 5.31881 5.31881 5.31881
5.31881 5.31881 5.31881 5.31881 5.31881
5.31881 5.31881 5.31881 5.31881 5.31881
5.31881 5.31881 5.31881 5.31881 5.31881
5.31881 5.31881 5.31881 5.31881 5.31881
5.31881 5.31881 5.31881 5.31881 5.31881
5.31881 5.31881 5.31881 5.31881 5.31881
5.31881 5.31881 5.31881 5.31881 5.31881
5.31881 5.31881 5.31881 5.31881 5.31881
5.31881 5.31881 5.31881 5.31881 5.31881
5.31881 5.31881 5.31881 5.31881 5.31881
5.31881 5.31881 5.31881 5.31881 5.31881
5.341753 5.341753 5.341753 5.341753 5.341753
5.341753 5.341753 5.341753 5.341753 5.341753
5.341753 5.341753 5.341753 5.341753 5.341753
5.341753 5.341753 5.341753 5.341753 5.341753
5.341753 5.341753 5.341753 5.341753 5.341753
5.341753 5.341753 5.341753 5.341753 5.341753
5.341753 5.341753 5.341753 5.341753 5.341753
5.341753 5.341753 5.341753 5.341753 5.341753
5.341753 5.341753 5.341753 5.341753 5.341753
5.341753 5.341753 5.341753 5.341753 5.341753
5.341753 5.341753 5.341753 5.341753 5.341753
5.341753 5.341753 5.341753 5.341753 5.341753
5.341753 5.341753 5.341753 5.341753 5.341753
5.341753 5.341753 5.341753 5.341753 5.341753
5.341753 5.341753 5.341753 5.341753 5.341753
5.341753 5.341753 5.341753 5.341753 5.341753
5.341753 5.341753 5.341753 5.341753 5.341753
5.341753 5.341753 5.341753 5.341753 5.341753
5.341753 5.341753 5.341753 5.341753 5.341753
5.341753 5.341753 5.341753 5.341753 5.341753
5.364695 5.364695 5.364695 5.364695 5.364695
5.364695 5.364695 5.364695 5.364695 5.364695
5.364695 5.364695 5.364695 5.364695 5.364695
5.364695 5.364695 5.364695 5.364695 5.364695
5.364695 5.364695 5.364695 5.364695 5.364695
5.364695 5.364695 5.364695 5.364695 5.364695
5.364695 5.364695 5.364695 5.364695 5.364695
5.364695 5.364695 5.364695 5.364695 5.364695
5.364695 5.364695 5.364695 5.364695 5.364695
5.364695 5.364695 5.364695 5.364695 5.364695
5.364695 5.364695 5.364695 5.364695 5.364695
5.364695 5.364695 5.364695 5.364695 5.364695
5.364695 5.364695 5.364695 5.364695 5.364695
5.364695 5.364695 5.364695 5.364695 5.364695
5.364695 5.364695 5.364695 5.364695 5.364695
5.364695 5.364695 5.364695 5.364695 5.364695
5.364695 5.364695 5.364695 5.364695 5.364695
5.364695 5.364695 5.364695 5.364695 5.364695
5.364695 5.364695 5.364695 5.364695 5.364695
5.364695 5.364695 5.364695 5.364695 5.364695
5.387638 5.387638 5.387638 5.387638 5.387638
5.387638 5.387638 5.387638 5.387638 5.387638
5.387638 5.387638 5.387638 5.387638 5.387638
5.387638 5.387638 5.387638 5.387638 5.387638
5.387638 5.387638 5.387638 5.387638 5.387638
5.387638 5.387638 5.387638 5.387638 5.387638
5.387638 5.387638 5.387638 5.387638 5.387638
5.387638 5.387638 5.387638 5.387638 5.387638
5.387638 5.387638 5.387638 5.387638 5.387638
5.387638 5.387638 5.387638 5.387638 5.387638
5.387638 5.387638 5.387638 5.387638 5.387638
5.387638 5.387638 5.387638 5.387638 5.387638
5.387638 5.387638 5.387638 5.387638 5.387638
5.387638 5.387638 5.387638 5.387638 5.387638
5.387638 5.387638 5.387638 5.387638 5.387638
5.387638 5.387638 5.387638 5.387638 5.387638
5.387638 5.387638 5.387638 5.387638 5.387638
5.387638 5.387638 5.387638 5.387638 5.387638
5.387638 5.387638 5.387638 5.387638 5.387638
5.387638 5.387638 5.387638 5.387638 5.387638
5.410581 5.410581 5.410581 5.410581 5.410581
5.410581 5.410581 5.410581 5.410581 5.410581
5.410581 5.410581 5.410581 5.410581 5.410581
5.410581 5.410581 5.410581 5.410581 5.410581
5.410581 5.410581 5.410581 5.410581 5.410581
5.410581 5.410581 5.410581 5.410581 5.410581
5.410581 5.410581 5.410581 5.410581 5.410581
5.410581 5.410581 5.410581 5.410581 5.410581
5.410581 5.410581 5.410581 5.410581 5.410581
5.410581 5.410581 5.410581 5.410581 5.410581
5.410581 5.410581 5.410581 5.410581 5.410581
5.410581 5.410581 5.410581 5.410581 5.410581
5.410581 5.410581 5.410581 5.410581 5.410581
5.410581 5.410581 5.410581 5.410581 5.410581
5.410581 5.410581 5.410581 5.410581 5.410581
5.410581 5.410581 5.410581 5.410581 5.410581
5.410581 5.410581 5.410581 5.410581 5.410581
5.410581 5.410581 5.410581 5.410581 5.410581
5.410581 5.410581 5.410581 5.410581 5.410581
5.410581 5.410581 5.410581 5.410581 5.410581
5.433524 5.433524 5.433524 5.433524 5.433524
5.433524 5.433524 5.433524 5.433524 5.433524
5.433524 5.433524 5.433524 5.433524 5.433524
5.433524 5.433524 5.433524 5.433524 5.433524
5.433524 5.433524 5.433524 5.433524 5.433524
5.433524 5.433524 5.433524 5.433524 5.433524
5.433524 5.433524 5.433524 5.433524 5.433524
5.433524 5.433524 5.433524 5.433524 5.433524
5.433524 5.433524 5.433524 5.433524 5.433524
5.433524 5.433524 5.433524 5.433524 5.433524
5.433524 5.433524 5.433524 5.433524 5.433524
5.433524 5.433524 5.433524 5.433524 5.433524
5.433524 5.433524 5.433524 5.433524 5.433524
5.433524 5.433524 5.433524 5.433524 5.433524
5.433524 5.433524 5.433524 5.433524 5.433524
5.433524 5.433524 5.433524 5.433524 5.433524
5.433524 5.433524 5.433524 5.433524 5.433524
5.433524 5.433524 5.433524 5.433524 5.433524
5.433524 5.433524 5.433524 5.433524 5.433524
5.433524 5.433524 5.433524 5.433524 5.433524
5.456466 5.456466 5.456466 5.456466 5.456466
5.456466 5.456466 5.456466 5.456466 5.456466
5.456466 5.456466 5.456466 5.456466 5.456466
5.456466 5.456466 5.456466 5.456466 5.456466
5.456466 5.456466 5.456466 5.456466 5.456466
5.456466 5.456466 5.456466 5.456466 5.456466
5.456466 5.456466 5.456466 5.456466 5.456466
5.456466 5.456466 5.456466 5.456466 5.456466
5.456466 5.456466 5.456466 5.456466 5.456466
5.456466 5.456466 5.456466 5.456466 5.456466
5.456466 5.456466 5.456466 5.456466 5.456466
5.456466 5.456466 5.456466 5.456466 5.456466
5.456466 5.456466 5.456466 5.456466 5.456466
5.456466 5.456466 5.456466 5.456466 5.456466
5.456466 5.456466 5.456466 5.456466 5.456466
5.456466 5.456466 5.456466 5.456466 5.456466
5.456466 5.456466 5.456466 5.456466 5.456466
5.456466 5.456466 5.456466 5.456466 5.456466
5.456466 5.456466 5.456466 5.456466 5.456466
5.456466 5.456466 5.456466 5.456466 5.456466
5.479409 5.479409 5.479409 5.479409 5.479409
5.479409 5.479409 5.479409 5.479409 5.479409
5.479409 5.479409 5.479409 5.479409 5.479409
5.479409 5.479409 5.479409 5.479409 5.479409
5.479409 5.479409 5.479409 5.479409 5.479409
5.479409 5.479409 5.479409 5.479409 5.479409
5.479409 5.479409 5.479409 5.479409 5.479409
5.479409 5.479409 5.479409 5.479409 5.479409
5.479409 5.479409 5.479409 5.479409 5.479409
5.479409 5.479409 5.479409 5.479409 5.479409
5.479409 5.479409 5.479409 5.479409 5.479409
5.479409 5.479409 5.479409 5.479409 5.479409
5.479409 5.479409 5.479409 5.479409 5.479409
5.479409 5.479409 5.479409 5.479409 5.479409
5.479409 5.479409 5.479409 5.479409 5.479409
5.479409 5.479409 5.479409 5.479409 5.479409
5.479409 5.479409 5.479409 5.479409 5.479409
5.479409 5.479409 5.479409 5.479409 5.479409
5.479409 5.479409 5.479409 5.479409 5.479409
5.479409 5.479409 5.479409 5.479409 5.479409
5.502352 5.502352 5.502352 5.502352 5.502352
5.502352 5.502352 5.502352 5.502352 5.502352
5.502352 5.502352 5.502352 5.502352 5.502352
5.502352 5.502352 5.502352 5.502352 5.502352
5.502352 5.502352 5.502352 5.502352 5.502352
5.502352 5.502352 5.502352 5.502352 5.502352
5.502352 5.502352 5.502352 5.502352 5.502352
5.502352 5.502352 5.502352 5.502352 5.502352
5.502352 5.502352 5.502352 5.502352 5.502352
5.502352 5.502352 5.502352 5.502352 5.502352
5.502352 5.502352 5.502352 5.502352 5.502352
5.502352 5.502352 5.502352 5.502352 5.502352
5.502352 5.502352 5.502352 5.502352 5.502352
5.502352 5.502352 5.502352 5.502352 5.502352
5.502352 5.502352 5.502352 5.502352 5.502352
5.502352 5.502352 5.502352 5.502352 5.502352
5.502352 5.502352 5.502352 5.502352 5.502352
5.502352 5.502352 5.502352 5.502352 5.502352
5.502352 5.502352 5.502352 5.502352 5.502352
5.502352 5.502352 5.502352 5.502352 5.502352
5.525295 5.525295 5.525295 5.525295 5.525295
5.525295 5.525295 5.525295 5.525295 5.525295
5.525295 5.525295 5.525295 5.525295 5.525295
5.525295 5.525295 5.525295 5.525295 5.525295
5.525295 5.525295 5.525295 5.525295 5.525295
5.525295 5.525295 5.525295 5.525295 5.525295
5.525295 5.525295 5.525295 5.525295 5.525295
5.525295 5.525295 5.525295 5.525295 5.525295
5.525295 5.525295 5.525295 5.525295 5.525295
5.525295 5.525295 5.525295 5.525295 5.525295
5.525295 5.525295 5.525295 5.525295 5.525295
5.525295 5.525295 5.525295 5.525295 5.525295
5.525295 5.525295 5.525295 5.525295 5.525295
5.525295 5.525295 5.525295 5.525295 5.525295
5.525295 5.525295 5.525295 5.525295 5.525295
5.525295 5.525295 5.525295 5.525295 5.525295
5.525295 5.525295 5.525295 5.525295 5.525295
5.525295 5.525295 5.525295 5.525295 5.525295
5.525295 5.525295 5.525295 5.525295 5.525295
5.525295 5.525295 5.525295 5.525295 5.525295
5.548237 5.548237 5.548237 5.548237 5.548237
5.548237 5.548237 5.548237 5.548237 5.548237
5.548237 5.548237 5.548237 5.548237 5.548237
5.548237 5.548237 5.548237 5.548237 5.548237
5.548237 5.548237 5.548237 5.548237 5.548237
5.548237 5.548237 5.548237 5.548237 5.548237
5.548237 5.548237 5.548237 5.548237 5.548237
5.548237 5.548237 5.548237 5.548237 5.548237
5.548237 5.548237 5.548237 5.548237 5.548237
5.548237 5.548237 5.548237 5.548237 5.548237
5.548237 5.548237 5.548237 5.548237 5.548237
5.548237 5.548237 5.548237 5.548237 5.548237
5.548237 5.548237 5.548237 5.548237 5.548237
5.548237 5.548237 5.548237 5.548237 5.548237
5.548237 5.548237 5.548237 5.548237 5.548237
5.548237 5.548237 5.548237 5.548237 5.548237
5.548237 5.548237 5.548237 5.548237 5.548237
5.548237 5.548237 5.548237 5.548237 5.548237
5.548237 5.548237 5.548237 5.548237 5.548237
5.548237 5.548237 5.548237 5.548237 5.548237
5.57118 5.57118 5.57118 5.57118 5.57118
5.57118 5.57118 5.57118 5.57118 5.57118
5.57118 5.57118 5.57118 5.57118 5.57118
5.57118 5.57118 5.57118 5.57118 5.57118
5.57118 5.57118 5.57118 5.57118 5.57118
5.57118 5.57118 5.57118 5.57118 5.57118
5.57118 5.57118 5.57118 5.57118 5.57118
5.57118 5.57118 5.57118 5.57118 5.57118
5.57118 5.57118 5.57118 5.57118 5.57118
5.57118 5.57118 5.57118 5.57118 5.57118
5.57118 5.57118 5.57118 5.57118 5.57118
5.57118 5.57118 5.57118 5.57118 5.57118
5.57118 5.57118 5.57118 5.57118 5.57118
5.57118 5.57118 5.57118 5.57118 5.57118
5.57118 5.57118 5.57118 5.57118 5.57118
5.57118 5.57118 5.57118 5.57118 5.57118
5.57118 5.57118 5.57118 5.57118 5.57118
5.57118 5.57118 5.57118 5.57118 5.57118
5.57118 5.57118 5.57118 5.57118 5.57118
5.57118 5.57118 5.57118 5.57118 5.57118
5.594123 5.594123 5.594123 5.594123 5.594123
5.594123 5.594123 5.594123 5.594123 5.594123
5.594123 5.594123 5.594123 5.594123 5.594123
5.594123 5.594123 5.594123 5.594123 5.594123
5.594123 5.594123 5.594123 5.594123 5.594123
5.594123 5.594123 5.594123 5.594123 5.594123
5.594123 5.594123 5.594123 5.594123 5.594123
5.594123 5.594123 5.594123 5.594123 5.594123
5.594123 5.594123 5.594123 5.594123 5.594123
5.594123 5.594123 5.594123 5.594123 5.594123
5.594123 5.594123 5.594123 5.594123 5.594123
5.594123 5.594123 5.594123 5.594123 5.594123
5.594123 5.594123 5.594123 5.594123 5.594123
5.594123 5.594123 5.594123 5.594123 5.594123
5.594123 5.594123 5.594123 5.594123 5.594123
5.594123 5.594123 5.594123 5.594123 5.594123
5.594123 5.594123 5.594123 5.594123 5.594123
5.594123 5.594123 5.594123 5.594123 5.594123
5.594123 5.594123 5.594123 5.594123 5.594123
5.594123 5.594123 5.594123 5.594123 5.594123
5.617066 5.617066 5.617066 5.617066 5.617066
5.617066 5.617066 5.617066 5.617066 5.617066
5.617066 5.617066 5.617066 5.617066 5.617066
5.617066 5.617066 5.617066 5.617066 5.617066
5.617066 5.617066 5.617066 5.617066 5.617066
5.617066 5.617066 5.617066 5.617066 5.617066
5.617066 5.617066 5.617066 5.617066 5.617066
5.617066 5.617066 5.617066 5.617066 5.617066
5.617066 5.617066 5.617066 5.617066 5.617066
5.617066 5.617066 5.617066 5.617066 5.617066
5.617066 5.617066 5.617066 5.617066 5.617066
5.617066 5.617066 5.617066 5.617066 5.617066
5.617066 5.617066 5.617066 5.617066 5.617066
5.617066 5.617066 5.617066 5.617066 5.617066
5.617066 5.617066 5.617066 5.617066 5.617066
5.617066 5.617066 5.617066 5.617066 5.617066
5.617066 5.617066 5.617066 5.617066 5.617066
5.617066 5.617066 5.617066 5.617066 5.617066
5.617066 5.617066 5.617066 5.617066 5.617066
5.617066 5.617066 5.617066 5.617066 5.617066
5.640008 5.640008 5.640008 5.640008 5.640008
5.640008 5.640008 5.640008 5.640008 5.640008
5.640008 5.640008 5.640008 5.640008 5.640008
5.640008 5.640008 5.640008 5.640008 5.640008
5.640008 5.640008 5.640008 5.640008 5.640008
5.640008 5.640008 5.640008 5.640008 5.640008
5.640008 5.640008 5.640008 5.640008 5.640008
5.640008 5.640008 5.640008 5.640008 5.640008
5.640008 5.640008 5.640008 5.640008 5.640008
5.640008 5.640008 5.640008 5.640008 5.640008
5.640008 5.640008 5.640008 5.640008 5.640008
5.640008 5.640008 5.640008 5.640008 5.640008
5.640008 5.640008 5.640008 5.640008 5.640008
5.640008 5.640008 5.640008 5.640008 5.640008
5.640008 5.640008 5.640008 5.640008 5.640008
5.640008 5.640008 5.640008 5.640008 5.640008
5.640008 5.640008 5.640008 5.640008 5.640008
5.640008 5.640008 5.640008 5.640008 5.640008
5.640008 5.640008 5.640008 5.640008 5.640008
5.640008 5.640008 5.640008 5.640008 5.640008
5.662951 5.662951 5.662951 5.662951 5.662951
5.662951 5.662951 5.662951 5.662951 5.662951
5.662951 5.662951 5.662951 5.662951 5.662951
5.662951 5.662951 5.662951 5.662951 5.662951
5.662951 5.662951 5.662951 5.662951 5.662951
5.662951 5.662951 5.662951 5.662951 5.662951
5.662951 5.662951 5.662951 5.662951 5.662951
5.662951 5.662951 5.662951 5.662951 5.662951
5.662951 5.662951 5.662951 5.662951 5.662951
5.662951 5.662951 5.662951 5.662951 5.662951
5.662951 5.662951 5.662951 5.662951 5.662951
5.662951 5.662951 5.662951 5.662951 5.662951
5.662951 5.662951 5.662951 5.662951 5.662951
5.662951 5.662951 5.662951 5.662951 5.662951
5.662951 5.662951 5.662951 5.662951 5.662951
5.662951 5.662951 5.662951 5.662951 5.662951
5.662951 5.662951 5.662951 5.662951 5.662951
5.662951 5.662951 5.662951 5.662951 5.662951
5.662951 5.662951 5.662951 5.662951 5.662951
5.662951 5.662951 5.662951 5.662951 5.662951
5.685894 5.685894 5.685894 5.685894 5.685894
5.685894 5.685894 5.685894 5.685894 5.685894
5.685894 5.685894 5.685894 5.685894 5.685894
5.685894 5.685894 5.685894 5.685894 5.685894
5.685894 5.685894 5.685894 5.685894 5.685894
5.685894 5.685894 5.685894 5.685894 5.685894
5.685894 5.685894 5.685894 5.685894 5.685894
5.685894 5.685894 5.685894 5.685894 5.685894
5.685894 5.685894 5.685894 5.685894 5.685894
5.685894 5.685894 5.685894 5.685894 5.685894
5.685894 5.685894 5.685894 5.685894 5.685894
5.685894 5.685894 5.685894 5.685894 5.685894
5.685894 5.685894 5.685894 5.685894 5.685894
5.685894 5.685894 5.685894 5.685894 5.685894
5.685894 5.685894 5.685894 5.685894 5.685894
5.685894 5.685894 5.685894 5.685894 5.685894
5.685894 5.685894 5.685894 5.685894 5.685894
5.685894 5.685894 5.685894 5.685894 5.685894
5.685894 5.685894 5.685894 5.685894 5.685894
5.685894 5.685894 5.685894 5.685894 5.685894
5.708837 5.708837 5.708837 5.708837 5.708837
5.708837 5.708837 5.708837 5.708837 5.708837
5.708837 5.708837 5.708837 5.708837 5.708837
5.708837 5.708837 5.708837 5.708837 5.708837
5.708837 5.708837 5.708837 5.708837 5.708837
5.708837 5.708837 5.708837 5.708837 5.708837
5.708837 5.708837 5.708837 5.708837 5.708837
5.708837 5.708837 5.708837 5.708837 5.708837
5.708837 5.708837 5.708837 5.708837 5.708837
5.708837 5.708837 5.708837 5.708837 5.708837
5.708837 5.708837 5.708837 5.708837 5.708837
5.708837 5.708837 5.708837 5.708837 5.708837
5.708837 5.708837 5.708837 5.708837 5.708837
5.708837 5.708837 5.708837 5.708837 5.708837
5.708837 5.708837 5.708837 5.708837 5.708837
5.708837 5.708837 5.708837 5.708837 5.708837
5.708837 5.708837 5.708837 5.708837 5.708837
5.708837 5.708837 5.708837 5.708837 5.708837
5.708837 5.708837 5.708837 5.708837 5.708837
5.708837 5.708837 5.708837 5.708837 5.708837
5.731779 5.731779 5.731779 5.731779 5.731779
5.731779 5.731779 5.731779 5.731779 5.731779
5.731779 5.731779 5.731779 5.731779 5.731779
5.731779 5.731779 5.731779 5.731779 5.731779
5.731779 5.731779 5.731779 5.731779 5.731779
5.731779 5.731779 5.731779 5.731779 5.731779
5.731779 5.731779 5.731779 5.731779 5.731779
5.731779 5.731779 5.731779 5.731779 5.731779
5.731779 5.731779 5.731779 5.731779 5.731779
5.731779 5.731779 5.731779 5.731779 5.731779
5.731779 5.731779 5.731779 5.731779 5.731779
5.731779 5.731779 5.731779 5.731779 5.731779
5.731779 5.731779 5.731779 5.731779 5.731779
5.731779 5.731779 5.731779 5.731779 5.731779
5.731779 5.731779 5.731779 5.731779 5.731779
5.731779 5.731779 5.731779 5.731779 5.731779
5.731779 5.731779 5.731779 5.731779 5.731779
5.731779 5.731779 5.731779 5.731779 5.731779
5.731779 5.731779 5.731779 5.731779 5.731779
5.731779 5.731779 5.731779 5.731779 5.731779
5.754722 5.754722 5.754722 5.754722 5.754722
5.754722 5.754722 5.754722 5.754722 5.754722
5.754722 5.754722 5.754722 5.754722 5.754722
5.754722 5.754722 5.754722 5.754722 5.754722
5.754722 5.754722 5.754722 5.754722 5.754722
5.754722 5.754722 5.754722 5.754722 5.754722
5.754722 5.754722 5.754722 5.754722 5.754722
5.754722 5.754722 5.754722 5.754722 5.754722
5.754722 5.754722 5.754722 5.754722 5.754722
5.754722 5.754722 5.754722 5.754722 5.754722
5.754722 5.754722 5.754722 5.754722 5.754722
5.754722 5.754722 5.754722 5.754722 5.754722
5.754722 5.754722 5.754722 5.754722 5.754722
5.754722 5.754722 5.754722 5.754722 5.754722
5.754722 5.754722 5.754722 5.754722 5.754722
5.754722 5.754722 5.754722 5.754722 5.754722
5.754722 5.754722 5.754722 5.754722 5.754722
5.754722 5.754722 5.754722 5.754722 5.754722
5.754722 5.754722 5.754722 5.754722 5.754722
5.754722 5.754722 5.754722 5.754722 5.754722
5.777665 5.777665 5.777665 5.777665 5.777665
5.777665 5.777665 5.777665 5.777665 5.777665
5.777665 5.777665 5.777665 5.777665 5.777665
5.777665 5.777665 5.777665 5.777665 5.777665
5.777665 5.777665 5.777665 5.777665 5.777665
5.777665 5.777665 5.777665 5.777665 5.777665
5.777665 5.777665 5.777665 5.777665 5.777665
5.777665 5.777665 5.777665 5.777665 5.777665
5.777665 5.777665 5.777665 5.777665 5.777665
5.777665 5.777665 5.777665 5.777665 5.777665
5.777665 5.777665 5.777665 5.777665 5.777665
5.777665 5.777665 5.777665 5.777665 5.777665
5.777665 5.777665 5.777665 5.777665 5.777665
5.777665 5.777665 5.777665 5.777665 5.777665
5.777665 5.777665 5.777665 5.777665 5.777665
5.777665 5.777665 5.777665 5.777665 5.777665
5.777665 5.777665 5.777665 5.777665 5.777665
5.777665 5.777665 5.777665 5.777665 5.777665
5.777665 5.777665 5.777665 5.777665 5.777665
5.777665 5.777665 5.777665 5.777665 5.777665
5.800608 5.800608 5.800608 5.800608 5.800608
5.800608 5.800608 5.800608 5.800608 5.800608
5.800608 5.800608 5.800608 5.800608 5.800608
5.800608 5.800608 5.800608 5.800608 5.800608
5.800608 5.800608 5.800608 5.800608 5.800608
5.800608 5.800608 5.800608 5.800608 5.800608
5.800608 5.800608 5.800608 5.800608 5.800608
5.800608 5.800608 5.800608 5.800608 5.800608
5.800608 5.800608 5.800608 5.800608 5.800608
5.800608 5.800608 5.800608 5.800608 5.800608
5.800608 5.800608 5.800608 5.800608 5.800608
5.800608 5.800608 5.800608 5.800608 5.800608
5.800608 5.800608 5.800608 5.800608 5.800608
5.800608 5.800608 5.800608 5.800608 5.800608
5.800608 5.800608 5.800608 5.800608 5.800608
5.800608 5.800608 5.800608 5.800608 5.800608
5.800608 5.800608 5.800608 5.800608 5.800608
5.800608 5.800608 5.800608 5.800608 5.800608
5.800608 5.800608 5.800608 5.800608 5.800608
5.800608 5.800608 5.800608 5.800608 5.800608
5.82355 5.82355 5.82355 5.82355 5.82355
5.82355 5.82355 5.82355 5.82355 5.82355
5.82355 5.82355 5.82355 5.82355 5.82355
5.82355 5.82355 5.82355 5.82355 5.82355
5.82355 5.82355 5.82355 5.82355 5.82355
5.82355 5.82355 5.82355 5.82355 5.82355
5.82355 5.82355 5.82355 5.82355 5.82355
5.82355 5.82355 5.82355 5.82355 5.82355
5.82355 5.82355 5.82355 5.82355 5.82355
5.82355 5.82355 5.82355 5.82355 5.82355
5.82355 5.82355 5.82355 5.82355 5.82355
5.82355 5.82355 5.82355 5.82355 5.82355
5.82355 5.82355 5.82355 5.82355 5.82355
5.82355 5.82355 5.82355 5.82355 5.82355
5.82355 5.82355 5.82355 5.82355 5.82355
5.82355 5.82355 5.82355 5.82355 5.82355
5.82355 5.82355 5.82355 5.82355 5.82355
5.82355 5.82355 5.82355 5.82355 5.82355
5.82355 5.82355 5.82355 5.82355 5.82355
5.82355 5.82355 5.82355 5.82355 5.82355
5.846493 5.846493 5.846493 5.846493 5.846493
5.846493 5.846493 5.846493 5.846493 5.846493
5.846493 5.846493 5.846493 5.846493 5.846493
5.846493 5.846493 5.846493 5.846493 5.846493
5.846493 5.846493 5.846493 5.846493 5.846493
5.846493 5.846493 5.846493 5.846493 5.846493
5.846493 5.846493 5.846493 5.846493 5.846493
5.846493 5.846493 5.846493 5.846493 5.846493
5.846493 5.846493 5.846493 5.846493 5.846493
5.846493 5.846493 5.846493 5.846493 5.846493
5.846493 5.846493 5.846493 5.846493 5.846493
5.846493 5.846493 5.846493 5.846493 5.846493
5.846493 5.846493 5.846493 5.846493 5.846493
5.846493 5.846493 5.846493 5.846493 5.846493
5.846493 5.846493 5.846493 5.846493 5.846493
5.846493 5.846493 5.846493 5.846493 5.846493
5.846493 5.846493 5.846493 5.846493 5.846493
5.846493 5.846493 5.846493 5.846493 5.846493
5.846493 5.846493 5.846493 5.846493 5.846493
5.846493 5.846493 5.846493 5.846493 5.846493
5.869436 5.869436 5.869436 5.869436 5.869436
5.869436 5.869436 5.869436 5.869436 5.869436
5.869436 5.869436 5.869436 5.869436 5.869436
5.869436 5.869436 5.869436 5.869436 5.869436
5.869436 5.869436 5.869436 5.869436 5.869436
5.869436 5.869436 5.869436 5.869436 5.869436
5.869436 5.869436 5.869436 5.869436 5.869436
5.869436 5.869436 5.869436 5.869436 5.869436
5.869436 5.869436 5.869436 5.869436 5.869436
5.869436 5.869436 5.869436 5.869436 5.869436
5.869436 5.869436 5.869436 5.869436 5.869436
5.869436 5.869436 5.869436 5.869436 5.869436
5.869436 5.869436 5.869436 5.869436 5.869436
5.869436 5.869436 5.869436 5.869436 5.869436
5.869436 5.869436 5.869436 5.869436 5.869436
5.869436 5.869436 5.869436 5.869436 5.869436
5.869436 5.869436 5.869436 5.869436 5.869436
5.869436 5.869436 5.869436 5.869436 5.869436
5.869436 5.869436 5.869436 5.869436 5.869436
5.869436 5.869436 5.869436 5.869436 5.869436
5.892379 5.892379 5.892379 5.892379 5.892379
5.892379 5.892379 5.892379 5.892379 5.892379
5.892379 5.892379 5.892379 5.892379 5.892379
5.892379 5.892379 5.892379 5.892379 5.892379
5.892379 5.892379 5.892379 5.892379 5.892379
5.892379 5.892379 5.892379 5.892379 5.892379
5.892379 5.892379 5.892379 5.892379 5.892379
5.892379 5.892379 5.892379 5.892379 5.892379
5.892379 5.892379 5.892379 5.892379 5.892379
5.892379 5.892379 5.892379 5.892379 5.892379
5.892379 5.892379 5.892379 5.892379 5.892379
5.892379 5.892379 5.892379 5.892379 5.892379
5.892379 5.892379 5.892379 5.892379 5.892379
5.892379 5.892379 5.892379 5.892379 5.892379
5.892379 5.892379 5.892379 5.892379 5.892379
5.892379 5.892379 5.892379 5.892379 5.892379
5.892379 5.892379 5.892379 5.892379 5.892379
5.892379 5.892379 5.892379 5.892379 5.892379
5.892379 5.892379 5.892379 5.892379 5.892379
5.892379 5.892379 5.892379 5.892379 5.892379
5.915321 5.915321 5.915321 5.915321 5.915321
5.915321 5.915321 5.915321 5.915321 5.915321
5.915321 5.915321 5.915321 5.915321 5.915321
5.915321 5.915321 5.915321 5.915321 5.915321
5.915321 5.915321 5.915321 5.915321 5.915321
5.915321 5.915321 5.915321 5.915321 5.915321
5.915321 5.915321 5.915321 5.915321 5.915321
5.915321 5.915321 5.915321 5.915321 5.915321
5.915321 5.915321 5.915321 5.915321 5.915321
5.915321 5.915321 5.915321 5.915321 5.915321
5.915321 5.915321 5.915321 5.915321 5.915321
5.915321 5.915321 5.915321 5.915321 5.915321
5.915321 5.915321 5.915321 5.915321 5.915321
5.915321 5.915321 5.915321 5.915321 5.915321
5.915321 5.915321 5.915321 5.915321 5.915321
5.915321 5.915321 5.915321 5.915321 5.915321
5.915321 5.915321 5.915321 5.915321 5.915321
5.915321 5.915321 5.915321 5.915321 5.915321
5.915321 5.915321 5.915321 5.915321 5.915321
5.915321 5.915321 5.915321 5.915321 5.915321
5.938264 5.938264 5.938264 5.938264 5.938264
5.938264 5.938264 5.938264 5.938264 5.938264
5.938264 5.938264 5.938264 5.938264 5.938264
5.938264 5.938264 5.938264 5.938264 5.938264
5.938264 5.938264 5.938264 5.938264 5.938264
5.938264 5.938264 5.938264 5.938264 5.938264
5.938264 5.938264 5.938264 5.938264 5.938264
5.938264 5.938264 5.938264 5.938264 5.938264
5.938264 5.938264 5.938264 5.938264 5.938264
5.938264 5.938264 5.938264 5.938264 5.938264
5.938264 5.938264 5.938264 5.938264 5.938264
5.938264 5.938264 5.938264 5.938264 5.938264
5.938264 5.938264 5.938264 5.938264 5.938264
5.938264 5.938264 5.938264 5.938264 5.938264
5.938264 5.938264 5.938264 5.938264 5.938264
5.938264 5.938264 5.938264 5.938264 5.938264
5.938264 5.938264 5.938264 5.938264 5.938264
5.938264 5.938264 5.938264 5.938264 5.938264
5.938264 5.938264 5.938264 5.938264 5.938264
5.938264 5.938264 5.938264 5.938264 5.938264
5.961207 5.961207 5.961207 5.961207 5.961207
5.961207 5.961207 5.961207 5.961207 5.961207
5.961207 5.961207 5.961207 5.961207 5.961207
5.961207 5.961207 5.961207 5.961207 5.961207
5.961207 5.961207 5.961207 5.961207 5.961207
5.961207 5.961207 5.961207 5.961207 5.961207
5.961207 5.961207 5.961207 5.961207 5.961207
5.961207 5.961207 5.961207 5.961207 5.961207
5.961207 5.961207 5.961207 5.961207 5.961207
5.961207 5.961207 5.961207 5.961207 5.961207
5.961207 5.961207 5.961207 5.961207 5.961207
5.961207 5.961207 5.961207 5.961207 5.961207
5.961207 5.961207 5.961207 5.961207 5.961207
5.961207 5.961207 5.961207 5.961207 5.961207
5.961207 5.961207 5.961207 5.961207 5.961207
5.961207 5.961207 5.961207 5.961207 5.961207
5.961207 5.961207 5.961207 5.961207 5.961207
5.961207 5.961207 5.961207 5.961207 5.961207
5.961207 5.961207 5.961207 5.961207 5.961207
5.961207 5.961207 5.961207 5.961207 5.961207
6.048591 6.048591 6.048591 6.048591 6.048591
6.048591 6.048591 6.048591 6.048591 6.048591
6.048591 6.048591 6.048591 6.048591 6.048591
6.048591 6.048591 6.048591 6.048591 6.048591
6.048591 6.048591 6.048591 6.048591 6.048591
6.048591 6.048591 6.048591 6.048591 6.048591
6.048591 6.048591 6.048591 6.048591 6.048591
6.048591 6.048591 6.048591 6.048591 6.048591
6.048591 6.048591 6.048591 6.048591 6.048591
6.048591 6.048591 6.048591 6.048591 6.048591
6.048591 6.048591 6.048591 6.048591 6.048591
6.048591 6.048591 6.048591 6.048591 6.048591
6.048591 6.048591 6.048591 6.048591 6.048591
6.048591 6.048591 6.048591 6.048591 6.048591
6.048591 6.048591 6.048591 6.048591 6.048591
6.048591 6.048591 6.048591 6.048591 6.048591
6.048591 6.048591 6.048591 6.048591 6.048591
6.048591 6.048591 6.048591 6.048591 6.048591
6.048591 6.048591 6.048591 6.048591 6.048591
6.048591 6.048591 6.048591 6.048591 6.048591
6.141201 6.141201 6.141201 6.141201 6.141201
6.141201 6.141201 6.141201 6.141201 6.141201
6.141201 6.141201 6.141201 6.141201 6.141201
6.141201 6.141201 6.141201 6.141201 6.141201
6.141201 6.141201 6.141201 6.141201 6.141201
6.141201 6.141201 6.141201 6.141201 6.141201
6.141201 6.141201 6.141201 6.141201 6.141201
6.141201 6.141201 6.141201 6.141201 6.141201
6.141201 6.141201 6.141201 6.141201 6.141201
6.141201 6.141201 6.141201 6.141201 6.141201
6.141201 6.141201 6.141201 6.141201 6.141201
6.141201 6.141201 6.141201 6.141201 6.141201
6.141201 6.141201 6.141201 6.141201 6.141201
6.141201 6.141201 6.141201 6.141201 6.141201
6.141201 6.141201 6.141201 6.141201 6.141201
6.141201 6.141201 6.141201 6.141201 6.141201
6.141201 6.141201 6.141201 6.141201 6.141201
6.141201 6.141201 6.141201 6.141201 6.141201
6.141201 6.141201 6.141201 6.141201 6.141201
6.141201 6.141201 6.141201 6.141201 6.141201
6.23381 6.23381 6.23381 6.23381 6.23381
6.23381 6.23381 6.23381 6.23381 6.23381
6.23381 6.23381 6.23381 6.23381 6.23381
6.23381 6.23381 6.23381 6.23381 6.23381
6.23381 6.23381 6.23381 6.23381 6.23381
6.23381 6.23381 6.23381 6.23381 6.23381
6.23381 6.23381 6.23381 6.23381 6.23381
6.23381 6.23381 6.23381 6.23381 6.23381
6.23381 6.23381 6.23381 6.23381 6.23381
6.23381 6.23381 6.23381 6.23381 6.23381
6.23381 6.23381 6.23381 6.23381 6.23381
6.23381 6.23381 6.23381 6.23381 6.23381
6.23381 6.23381 6.23381 6.23381 6.23381
6.23381 6.23381 6.23381 6.23381 6.23381
6.23381 6.23381 6.23381 6.23381 6.23381
6.23381 6.23381 6.23381 6.23381 6.23381
6.23381 6.23381 6.23381 6.23381 6.23381
6.23381 6.23381 6.23381 6.23381 6.23381
6.23381 6.23381 6.23381 6.23381 6.23381
6.23381 6.23381 6.23381 6.23381 6.23381
6.32642 6.32642 6.32642 6.32642 6.32642
6.32642 6.32642 6.32642 6.32642 6.32642
6.32642 6.32642 6.32642 6.32642 6.32642
6.32642 6.32642 6.32642 6.32642 6.32642
6.32642 6.32642 6.32642 6.32642 6.32642
6.32642 6.32642 6.32642 6.32642 6.32642
6.32642 6.32642 6.32642 6.32642 6.32642
6.32642 6.32642 6.32642 6.32642 6.32642
6.32642 6.32642 6.32642 6.32642 6.32642
6.32642 6.32642 6.32642 6.32642 6.32642
6.32642 6.32642 6.32642 6.32642 6.32642
6.32642 6.32642 6.32642 6.32642 6.32642
6.32642 6.32642 6.32642 6.32642 6.32642
6.32642 6.32642 6.32642 6.32642 6.32642
6.32642 6.32642 6.32642 6.32642 6.32642
6.32642 6.32642 6.32642 6.32642 6.32642
6.32642 6.32642 6.32642 6.32642 6.32642
6.32642 6.32642 6.32642 6.32642 6.32642
6.32642 6.32642 6.32642 6.32642 6.32642
6.32642 6.32642 6.32642 6.32642 6.32642
6.419029 6.419029 6.419029 6.419029 6.419029
6.419029 6.419029 6.419029 6.419029 6.419029
6.419029 6.419029 6.419029 6.419029 6.419029
6.419029 6.419029 6.419029 6.419029 6.419029
6.419029 6.419029 6.419029 6.419029 6.419029
6.419029 6.419029 6.419029 6.419029 6.419029
6.419029 6.419029 6.419029 6.419029 6.419029
6.419029 6.419029 6.419029 6.419029 6.419029
6.419029 6.419029 6.419029 6.419029 6.419029
6.419029 6.419029 6.419029 6.419029 6.419029
6.419029 6.419029 6.419029 6.419029 6.419029
6.419029 6.419029 6.419029 6.419029 6.419029
6.419029 6.419029 6.419029 6.419029 6.419029
6.419029 6.419029 6.419029 6.419029 6.419029
6.419029 6.419029 6.419029 6.419029 6.419029
6.419029 6.419029 6.419029 6.419029 6.419029
6.419029 6.419029 6.419029 6.419029 6.419029
6.419029 6.419029 6.419029 6.419029 6.419029
6.419029 6.419029 6.419029 6.419029 6.419029
6.419029 6.419029 6.419029 6.419029 6.419029
6.511638 6.511638 6.511638 6.511638 6.511638
6.511638 6.511638 6.511638 6.511638 6.511638
6.511638 6.511638 6.511638 6.511638 6.511638
6.511638 6.511638 6.511638 6.511638 6.511638
6.511638 6.511638 6.511638 6.511638 6.511638
6.511638 6.511638 6.511638 6.511638 6.511638
6.511638 6.511638 6.511638 6.511638 6.511638
6.511638 6.511638 6.511638 6.511638 6.511638
6.511638 6.511638 6.511638 6.511638 6.511638
6.511638 6.511638 6.511638 6.511638 6.511638
6.511638 6.511638 6.511638 6.511638 6.511638
6.511638 6.511638 6.511638 6.511638 6.511638
6.511638 6.511638 6.511638 6.511638 6.511638
6.511638 6.511638 6.511638 6.511638 6.511638
6.511638 6.511638 6.511638 6.511638 6.511638
6.511638 6.511638 6.511638 6.511638 6.511638
6.511638 6.511638 6.511638 6.511638 6.511638
6.511638 6.511638 6.511638 6.511638 6.511638
6.511638 6.511638 6.511638 6.511638 6.511638
6.511638 6.511638 6.511638 6.511638 6.511638
6.604248 6.604248 6.604248 6.604248 6.604248
6.604248 6.604248 6.604248 6.604248 6.604248
6.604248 6.604248 6.604248 6.604248 6.604248
6.604248 6.604248 6.604248 6.604248 6.604248
6.604248 6.604248 6.604248 6.604248 6.604248
6.604248 6.604248 6.604248 6.604248 6.604248
6.604248 6.604248 6.604248 6.604248 6.604248
6.604248 6.604248 6.604248 6.604248 6.604248
6.604248 6.604248 6.604248 6.604248 6.604248
6.604248 6.604248 6.604248 6.604248 6.604248
6.604248 6.604248 6.604248 6.604248 6.604248
6.604248 6.604248 6.604248 6.604248 6.604248
6.604248 6.604248 6.604248 6.604248 6.604248
6.604248 6.604248 6.604248 6.604248 6.604248
6.604248 6.604248 6.604248 6.604248 6.604248
6.604248 6.604248 6.604248 6.604248 6.604248
6.604248 6.604248 6.604248 6.604248 6.604248
6.604248 6.604248 6.604248 6.604248 6.604248
6.604248 6.604248 6.604248 6.604248 6.604248
6.604248 6.604248 6.604248 6.604248 6.604248
6.696857 6.696857 6.696857 6.696857 6.696857
6.696857 6.696857 6.696857 6.696857 6.696857
6.696857 6.696857 6.696857 6.696857 6.696857
6.696857 6.696857 6.696857 6.696857 6.696857
6.696857 6.696857 6.696857 6.696857 6.696857
6.696857 6.696857 6.696857 6.696857 6.696857
6.696857 6.696857 6.696857 6.696857 6.696857
6.696857 6.696857 6.696857 6.696857 6.696857
6.696857 6.696857 6.696857 6.696857 6.696857
6.696857 6.696857 6.696857 6.696857 6.696857
6.696857 6.696857 6.696857 6.696857 6.696857
6.696857 6.696857 6.696857 6.696857 6.696857
6.696857 6.696857 6.696857 6.696857 6.696857
6.696857 6.696857 6.696857 6.696857 6.696857
6.696857 6.696857 6.696857 6.696857 6.696857
6.696857 6.696857 6.696857 6.696857 6.696857
6.696857 6.696857 6.696857 6.696857 6.696857
6.696857 6.696857 6.696857 6.696857 6.696857
6.696857 6.696857 6.696857 6.696857 6.696857
6.696857 6.696857 6.696857 6.696857 6.696857
6.789466 6.789466 6.789466 6.789466 6.789466
6.789466 6.789466 6.789466 6.789466 6.789466
6.789466 6.789466 6.789466 6.789466 6.789466
6.789466 6.789466 6.789466 6.789466 6.789466
6.789466 6.789466 6.789466 6.789466 6.789466
6.789466 6.789466 6.789466 6.789466 6.789466
6.789466 6.789466 6.789466 6.789466 6.789466
6.789466 6.789466 6.789466 6.789466 6.789466
6.789466 6.789466 6.789466 6.789466 6.789466
6.789466 6.789466 6.789466 6.789466 6.789466
6.789466 6.789466 6.789466 6.789466 6.789466
6.789466 6.789466 6.789466 6.789466 6.789466
6.789466 6.789466 6.789466 6.789466 6.789466
6.789466 6.789466 6.789466 6.789466 6.789466
6.789466 6.789466 6.789466 6.789466 6.789466
6.789466 6.789466 6.789466 6.789466 6.789466
6.789466 6.789466 6.789466 6.789466 6.789466
6.789466 6.789466 6.789466 6.789466 6.789466
6.789466 6.789466 6.789466 6.789466 6.789466
6.789466 6.789466 6.789466 6.789466 6.789466
6.882076 6.882076 6.882076 6.882076 6.882076
6.882076 6.882076 6.882076 6.882076 6.882076
6.882076 6.882076 6.882076 6.882076 6.882076
6.882076 6.882076 6.882076 6.882076 6.882076
6.882076 6.882076 6.882076 6.882076 6.882076
6.882076 6.882076 6.882076 6.882076 6.882076
6.882076 6.882076 6.882076 6.882076 6.882076
6.882076 6.882076 6.882076 6.882076 6.882076
6.882076 6.882076 6.882076 6.882076 6.882076
6.882076 6.882076 6.882076 6.882076 6.882076
6.882076 6.882076 6.882076 6.882076 6.882076
6.882076 6.882076 6.882076 6.882076 6.882076
6.882076 6.882076 6.882076 6.882076 6.882076
6.882076 6.882076 6.882076 6.882076 6.882076
6.882076 6.882076 6.882076 6.882076 6.882076
6.882076 6.882076 6.882076 6.882076 6.882076
6.882076 6.882076 6.882076 6.882076 6.882076
6.882076 6.882076 6.882076 6.882076 6.882076
6.882076 6.882076 6.882076 6.882076 6.882076
6.882076 6.882076 6.882076 6.882076 6.882076
6.974685 6.974685 6.974685 6.974685 6.974685
6.974685 6.974685 6.974685 6.974685 6.974685
6.974685 6.974685 6.974685 6.974685 6.974685
6.974685 6.974685 6.974685 6.974685 6.974685
6.974685 6.974685 6.974685 6.974685 6.974685
6.974685 6.974685 6.974685 6.974685 6.974685
6.974685 6.974685 6.974685 6.974685 6.974685
6.974685 6.974685 6.974685 6.974685 6.974685
6.974685 6.974685 6.974685 6.974685 6.974685
6.974685 6.974685 6.974685 6.974685 6.974685
6.974685 6.974685 6.974685 6.974685 6.974685
6.974685 6.974685 6.974685 6.974685 6.974685
6.974685 6.974685 6.974685 6.974685 6.974685
6.974685 6.974685 6.974685 6.974685 6.974685
6.974685 6.974685 6.974685 6.974685 6.974685
6.974685 6.974685 6.974685 6.974685 6.974685
6.974685 6.974685 6.974685 6.974685 6.974685
6.974685 6.974685 6.974685 6.974685 6.974685
6.974685 6.974685 6.974685 6.974685 6.974685
6.974685 6.974685 6.974685 6.974685 6.974685
7.053099 7.053099 7.053099 7.053099 7.053099
7.053099 7.053099 7.053099 7.053099 7.053099
7.053099 7.053099 7.053099 7.053099 7.053099
7.053099 7.053099 7.053099 7.053099 7.053099
7.053099 7.053099 7.053099 7.053099 7.053099
7.053099 7.053099 7.053099 7.053099 7.053099
7.053099 7.053099 7.053099 7.053099 7.053099
7.053099 7.053099 7.053099 7.053099 7.053099
7.053099 7.053099 7.053099 7.053099 7.053099
7.053099 7.053099 7.053099 7.053099 7.053099
7.053099 7.053099 7.053099 7.053099 7.053099
7.053099 7.053099 7.053099 7.053099 7.053099
7.053099 7.053099 7.053099 7.053099 7.053099
7.053099 7.053099 7.053099 7.053099 7.053099
7.053099 7.053099 7.053099 7.053099 7.053099
7.053099 7.053099 7.053099 7.053099 7.053099
7.053099 7.053099 7.053099 7.053099 7.053099
7.053099 7.053099 7.053099 7.053099 7.053099
7.053099 7.053099 7.053099 7.053099 7.053099
7.053099 7.053099 7.053099 7.053099 7.053099
7.107852 7.107852 7.107852 7.107852 7.107852
7.107852 7.107852 7.107852 7.107852 7.107852
7.107852 7.107852 7.107852 7.107852 7.107852
7.107852 7.107852 7.107852 7.107852 7.107852
7.107852 7.107852 7.107852 7.107852 7.107852
7.107852 7.107852 7.107852 7.107852 7.107852
7.107852 7.107852 7.107852 7.107852 7.107852
7.107852 7.107852 7.107852 7.107852 7.107852
7.107852 7.107852 7.107852 7.107852 7.107852
7.107852 7.107852 7.107852 7.107852 7.107852
7.107852 7.107852 7.107852 7.107852 7.107852
7.107852 7.107852 7.107852 7.107852 7.107852
7.107852 7.107852 7.107852 7.107852 7.107852
7.107852 7.107852 7.107852 7.107852 7.107852
7.107852 7.107852 7.107852 7.107852 7.107852
7.107852 7.107852 7.107852 7.107852 7.107852
7.107852 7.107852 7.107852 7.107852 7.107852
7.107852 7.107852 7.107852 7.107852 7.107852
7.107852 7.107852 7.107852 7.107852 7.107852
7.107852 7.107852 7.107852 7.107852 7.107852
7.162605 7.162605 7.162605 7.162605 7.162605
7.162605 7.162605 7.162605 7.162605 7.162605
7.162605 7.162605 7.162605 7.162605 7.162605
7.162605 7.162605 7.162605 7.162605 7.162605
7.162605 7.162605 7.162605 7.162605 7.162605
7.162605 7.162605 7.162605 7.162605 7.162605
7.162605 7.162605 7.162605 7.162605 7.162605
7.162605 7.162605 7.162605 7.162605 7.162605
7.162605 7.162605 7.162605 7.162605 7.162605
7.162605 7.162605 7.162605 7.162605 7.162605
7.162605 7.162605 7.162605 7.162605 7.162605
7.162605 7.162605 7.162605 7.162605 7.162605
7.162605 7.162605 7.162605 7.162605 7.162605
7.162605 7.162605 7.162605 7.162605 7.162605
7.162605 7.162605 7.162605 7.162605 7.162605
7.162605 7.162605 7.162605 7.162605 7.162605
7.162605 7.162605 7.162605 7.162605 7.162605
7.162605 7.162605 7.162605 7.162605 7.162605
7.162605 7.162605 7.162605 7.162605 7.162605
7.162605 7.162605 7.162605 7.162605 7.162605
7.217358 7.217358 7.217358 7.217358 7.217358
7.217358 7.217358 7.217358 7.217358 7.217358
7.217358 7.217358 7.217358 7.217358 7.217358
7.217358 7.217358 7.217358 7.217358 7.217358
7.217358 7.217358 7.217358 7.217358 7.217358
7.217358 7.217358 7.217358 7.217358 7.217358
7.217358 7.217358 7.217358 7.217358 7.217358
7.217358 7.217358 7.217358 7.217358 7.217358
7.217358 7.217358 7.217358 7.217358 7.217358
7.217358 7.217358 7.217358 7.217358 7.217358
7.217358 7.217358 7.217358 7.217358 7.217358
7.217358 7.217358 7.217358 7.217358 7.217358
7.217358 7.217358 7.217358 7.217358 7.217358
7.217358 7.217358 7.217358 7.217358 7.217358
7.217358 7.217358 7.217358 7.217358 7.217358
7.217358 7.217358 7.217358 7.217358 7.217358
7.217358 7.217358 7.217358 7.217358 7.217358
7.217358 7.217358 7.217358 7.217358 7.217358
7.217358 7.217358 7.217358 7.217358 7.217358
7.217358 7.217358 7.217358 7.217358 7.217358
7.272111 7.272111 7.272111 7.272111 7.272111
7.272111 7.272111 7.272111 7.272111 7.272111
7.272111 7.272111 7.272111 7.272111 7.272111
7.272111 7.272111 7.272111 7.272111 7.272111
7.272111 7.272111 7.272111 7.272111 7.272111
7.272111 7.272111 7.272111 7.272111 7.272111
7.272111 7.272111 7.272111 7.272111 7.272111
7.272111 7.272111 7.272111 7.272111 7.272111
7.272111 7.272111 7.272111 7.272111 7.272111
7.272111 7.272111 7.272111 7.272111 7.272111
7.272111 7.272111 7.272111 7.272111 7.272111
7.272111 7.272111 7.272111 7.272111 7.272111
7.272111 7.272111 7.272111 7.272111 7.272111
7.272111 7.272111 7.272111 7.272111 7.272111
7.272111 7.272111 7.272111 7.272111 7.272111
7.272111 7.272111 7.272111 7.272111 7.272111
7.272111 7.272111 7.272111 7.272111 7.272111
7.272111 7.272111 7.272111 7.272111 7.272111
7.272111 7.272111 7.272111 7.272111 7.272111
7.272111 7.272111 7.272111 7.272111 7.272111
7.326864 7.326864 7.326864 7.326864 7.326864
7.326864 7.326864 7.326864 7.326864 7.326864
7.326864 7.326864 7.326864 7.326864 7.326864
7.326864 7.326864 7.326864 7.326864 7.326864
7.326864 7.326864 7.326864 7.326864 7.326864
7.326864 7.326864 7.326864 7.326864 7.326864
7.326864 7.326864 7.326864 7.326864 7.326864
7.326864 7.326864 7.326864 7.326864 7.326864
7.326864 7.326864 7.326864 7.326864 7.326864
7.326864 7.326864 7.326864 7.326864 7.326864
7.326864 7.326864 7.326864 7.326864 7.326864
7.326864 7.326864 7.326864 7.326864 7.326864
7.326864 7.326864 7.326864 7.326864 7.326864
7.326864 7.326864 7.326864 7.326864 7.326864
7.326864 7.326864 7.326864 7.326864 7.326864
7.326864 7.326864 7.326864 7.326864 7.326864
7.326864 7.326864 7.326864 7.326864 7.326864
7.326864 7.326864 7.326864 7.326864 7.326864
7.326864 7.326864 7.326864 7.326864 7.326864
7.326864 7.326864 7.326864 7.326864 7.326864
7.381618 7.381618 7.381618 7.381618 7.381618
7.381618 7.381618 7.381618 7.381618 7.381618
7.381618 7.381618 7.381618 7.381618 7.381618
7.381618 7.381618 7.381618 7.381618 7.381618
7.381618 7.381618 7.381618 7.381618 7.381618
7.381618 7.381618 7.381618 7.381618 7.381618
7.381618 7.381618 7.381618 7.381618 7.381618
7.381618 7.381618 7.381618 7.381618 7.381618
7.381618 7.381618 7.381618 7.381618 7.381618
7.381618 7.381618 7.381618 7.381618 7.381618
7.381618 7.381618 7.381618 7.381618 7.381618
7.381618 7.381618 7.381618 7.381618 7.381618
7.381618 7.381618 7.381618 7.381618 7.381618
7.381618 7.381618 7.381618 7.381618 7.381618
7.381618 7.381618 7.381618 7.381618 7.381618
7.381618 7.381618 7.381618 7.381618 7.381618
7.381618 7.381618 7.381618 7.381618 7.381618
7.381618 7.381618 7.381618 7.381618 7.381618
7.381618 7.381618 7.381618 7.381618 7.381618
7.381618 7.381618 7.381618 7.381618 7.381618
7.436371 7.436371 7.436371 7.436371 7.436371
7.436371 7.436371 7.436371 7.436371 7.436371
7.436371 7.436371 7.436371 7.436371 7.436371
7.436371 7.436371 7.436371 7.436371 7.436371
7.436371 7.436371 7.436371 7.436371 7.436371
7.436371 7.436371 7.436371 7.436371 7.436371
7.436371 7.436371 7.436371 7.436371 7.436371
7.436371 7.436371 7.436371 7.436371 7.436371
7.436371 7.436371 7.436371 7.436371 7.436371
7.436371 7.436371 7.436371 7.436371 7.436371
7.436371 7.436371 7.436371 7.436371 7.436371
7.436371 7.436371 7.436371 7.436371 7.436371
7.436371 7.436371 7.436371 7.436371 7.436371
7.436371 7.436371 7.436371 7.436371 7.436371
7.436371 7.436371 7.436371 7.436371 7.436371
7.436371 7.436371 7.436371 7.436371 7.436371
7.436371 7.436371 7.436371 7.436371 7.436371
7.436371 7.436371 7.436371 7.436371 7.436371
7.436371 7.436371 7.436371 7.436371 7.436371
7.436371 7.436371 7.436371 7.436371 7.436371
7.491124 7.491124 7.491124 7.491124 7.491124
7.491124 7.491124 7.491124 7.491124 7.491124
7.491124 7.491124 7.491124 7.491124 7.491124
7.491124 7.491124 7.491124 7.491124 7.491124
7.491124 7.491124 7.491124 7.491124 7.491124
7.491124 7.491124 7.491124 7.491124 7.491124
7.491124 7.491124 7.491124 7.491124 7.491124
7.491124 7.491124 7.491124 7.491124 7.491124
7.491124 7.491124 7.491124 7.491124 7.491124
7.491124 7.491124 7.491124 7.491124 7.491124
7.491124 7.491124 7.491124 7.491124 7.491124
7.491124 7.491124 7.491124 7.491124 7.491124
7.491124 7.491124 7.491124 7.491124 7.491124
7.491124 7.491124 7.491124 7.491124 7.491124
7.491124 7.491124 7.491124 7.491124 7.491124
7.491124 7.491124 7.491124 7.491124 7.491124
7.491124 7.491124 7.491124 7.491124 7.491124
7.491124 7.491124 7.491124 7.491124 7.491124
7.491124 7.491124 7.491124 7.491124 7.491124
7.491124 7.491124 7.491124 7.491124 7.491124
7.545877 7.545877 7.545877 7.545877 7.545877
7.545877 7.545877 7.545877 7.545877 7.545877
7.545877 7.545877 7.545877 7.545877 7.545877
7.545877 7.545877 7.545877 7.545877 7.545877
7.545877 7.545877 7.545877 7.545877 7.545877
7.545877 7.545877 7.545877 7.545877 7.545877
7.545877 7.545877 7.545877 7.545877 7.545877
7.545877 7.545877 7.545877 7.545877 7.545877
7.545877 7.545877 7.545877 7.545877 7.545877
7.545877 7.545877 7.545877 7.545877 7.545877
7.545877 7.545877 7.545877 7.545877 7.545877
7.545877 7.545877 7.545877 7.545877 7.545877
7.545877 7.545877 7.545877 7.545877 7.545877
7.545877 7.545877 7.545877 7.545877 7.545877
7.545877 7.545877 7.545877 7.545877 7.545877
7.545877 7.545877 7.545877 7.545877 7.545877
7.545877 7.545877 7.545877 7.545877 7.545877
7.545877 7.545877 7.545877 7.545877 7.545877
7.545877 7.545877 7.545877 7.545877 7.545877
7.545877 7.545877 7.545877 7.545877 7.545877
7.60063 7.60063 7.60063 7.60063 7.60063
7.60063 7.60063 7.60063 7.60063 7.60063
7.60063 7.60063 7.60063 7.60063 7.60063
7.60063 7.60063 7.60063 7.60063 7.60063
7.60063 7.60063 7.60063 7.60063 7.60063
7.60063 7.60063 7.60063 7.60063 7.60063
7.60063 7.60063 7.60063 7.60063 7.60063
7.60063 7.60063 7.60063 7.60063 7.60063
7.60063 7.60063 7.60063 7.60063 7.60063
7.60063 7.60063 7.60063 7.60063 7.60063
7.60063 7.60063 7.60063 7.60063 7.60063
7.60063 7.60063 7.60063 7.60063 7.60063
7.60063 7.60063 7.60063 7.60063 7.60063
7.60063 7.60063 7.60063 7.60063 7.60063
7.60063 7.60063 7.60063 7.60063 7.60063
7.60063 7.60063 7.60063 7.60063 7.60063
7.60063 7.60063 7.60063 7.60063 7.60063
7.60063 7.60063 7.60063 7.60063 7.60063
7.60063 7.60063 7.60063 7.60063 7.60063
7.60063 7.60063 7.60063 7.60063 7.60063
7.655383 7.655383 7.655383 7.655383 7.655383
7.655383 7.655383 7.655383 7.655383 7.655383
7.655383 7.655383 7.655383 7.655383 7.655383
7.655383 7.655383 7.655383 7.655383 7.655383
7.655383 7.655383 7.655383 7.655383 7.655383
7.655383 7.655383 7.655383 7.655383 7.655383
7.655383 7.655383 7.655383 7.655383 7.655383
7.655383 7.655383 7.655383 7.655383 7.655383
7.655383 7.655383 7.655383 7.655383 7.655383
7.655383 7.655383 7.655383 7.655383 7.655383
7.655383 7.655383 7.655383 7.655383 7.655383
7.655383 7.655383 7.655383 7.655383 7.655383
7.655383 7.655383 7.655383 7.655383 7.655383
7.655383 7.655383 7.655383 7.655383 7.655383
7.655383 7.655383 7.655383 7.655383 7.655383
7.655383 7.655383 7.655383 7.655383 7.655383
7.655383 7.655383 7.655383 7.655383 7.655383
7.655383 7.655383 7.655383 7.655383 7.655383
7.655383 7.655383 7.655383 7.655383 7.655383
7.655383 7.655383 7.655383 7.655383 7.655383
7.710137 7.710137 7.710137 7.710137 7.710137
7.710137 7.710137 7.710137 7.710137 7.710137
7.710137 7.710137 7.710137 7.710137 7.710137
7.710137 7.710137 7.710137 7.710137 7.710137
7.710137 7.710137 7.710137 7.710137 7.710137
7.710137 7.710137 7.710137 7.710137 7.710137
7.710137 7.710137 7.710137 7.710137 7.710137
7.710137 7.710137 7.710137 7.710137 7.710137
7.710137 7.710137 7.710137 7.710137 7.710137
7.710137 7.710137 7.710137 7.710137 7.710137
7.710137 7.710137 7.710137 7.710137 7.710137
7.710137 7.710137 7.710137 7.710137 7.710137
7.710137 7.710137 7.710137 7.710137 7.710137
7.710137 7.710137 7.710137 7.710137 7.710137
7.710137 7.710137 7.710137 7.710137 7.710137
7.710137 7.710137 7.710137 7.710137 7.710137
7.710137 7.710137 7.710137 7.710137 7.710137
7.710137 7.710137 7.710137 7.710137 7.710137
7.710137 7.710137 7.710137 7.710137 7.710137
7.710137 7.710137 7.710137 7.710137 7.710137
7.760198 7.760198 7.760198 7.760198 7.760198
7.760198 7.760198 7.760198 7.760198 7.760198
7.760198 7.760198 7.760198 7.760198 7.760198
7.760198 7.760198 7.760198 7.760198 7.760198
7.760198 7.760198 7.760198 7.760198 7.760198
7.760198 7.760198 7.760198 7.760198 7.760198
7.760198 7.760198 7.760198 7.760198 7.760198
7.760198 7.760198 7.760198 7.760198 7.760198
7.760198 7.760198 7.760198 7.760198 7.760198
7.760198 7.760198 7.760198 7.760198 7.760198
7.760198 7.760198 7.760198 7.760198 7.760198
7.760198 7.760198 7.760198 7.760198 7.760198
7.760198 7.760198 7.760198 7.760198 7.760198
7.760198 7.760198 7.760198 7.760198 7.760198
7.760198 7.760198 7.760198 7.760198 7.760198
7.760198 7.760198 7.760198 7.760198 7.760198
7.760198 7.760198 7.760198 7.760198 7.760198
7.760198 7.760198 7.760198 7.760198 7.760198
7.760198 7.760198 7.760198 7.760198 7.760198
7.760198 7.760198 7.760198 7.760198 7.760198
7.788138 7.788138 7.788138 7.788138 7.788138
7.788138 7.788138 7.788138 7.788138 7.788138
7.788138 7.788138 7.788138 7.788138 7.788138
7.788138 7.788138 7.788138 7.788138 7.788138
7.788138 7.788138 7.788138 7.788138 7.788138
7.788138 7.788138 7.788138 7.788138 7.788138
7.788138 7.788138 7.788138 7.788138 7.788138
7.788138 7.788138 7.788138 7.788138 7.788138
7.788138 7.788138 7.788138 7.788138 7.788138
7.788138 7.788138 7.788138 7.788138 7.788138
7.788138 7.788138 7.788138 7.788138 7.788138
7.788138 7.788138 7.788138 7.788138 7.788138
7.788138 7.788138 7.788138 7.788138 7.788138
7.788138 7.788138 7.788138 7.788138 7.788138
7.788138 7.788138 7.788138 7.788138 7.788138
7.788138 7.788138 7.788138 7.788138 7.788138
7.788138 7.788138 7.788138 7.788138 7.788138
7.788138 7.788138 7.788138 7.788138 7.788138
7.788138 7.788138 7.788138 7.788138 7.788138
7.788138 7.788138 7.788138 7.788138 7.788138
7.816078 7.816078 7.816078 7.816078 7.816078
7.816078 7.816078 7.816078 7.816078 7.816078
7.816078 7.816078 7.816078 7.816078 7.816078
7.816078 7.816078 7.816078 7.816078 7.816078
7.816078 7.816078 7.816078 7.816078 7.816078
7.816078 7.816078 7.816078 7.816078 7.816078
7.816078 7.816078 7.816078 7.816078 7.816078
7.816078 7.816078 7.816078 7.816078 7.816078
7.816078 7.816078 7.816078 7.816078 7.816078
7.816078 7.816078 7.816078 7.816078 7.816078
7.816078 7.816078 7.816078 7.816078 7.816078
7.816078 7.816078 7.816078 7.816078 7.816078
7.816078 7.816078 7.816078 7.816078 7.816078
7.816078 7.816078 7.816078 7.816078 7.816078
7.816078 7.816078 7.816078 7.816078 7.816078
7.816078 7.816078 7.816078 7.816078 7.816078
7.816078 7.816078 7.816078 7.816078 7.816078
7.816078 7.816078 7.816078 7.816078 7.816078
7.816078 7.816078 7.816078 7.816078 7.816078
7.816078 7.816078 7.816078 7.816078 7.816078
7.844018 7.844018 7.844018 7.844018 7.844018
7.844018 7.844018 7.844018 7.844018 7.844018
7.844018 7.844018 7.844018 7.844018 7.844018
7.844018 7.844018 7.844018 7.844018 7.844018
7.844018 7.844018 7.844018 7.844018 7.844018
7.844018 7.844018 7.844018 7.844018 7.844018
7.844018 7.844018 7.844018 7.844018 7.844018
7.844018 7.844018 7.844018 7.844018 7.844018
7.844018 7.844018 7.844018 7.844018 7.844018
7.844018 7.844018 7.844018 7.844018 7.844018
7.844018 7.844018 7.844018 7.844018 7.844018
7.844018 7.844018 7.844018 7.844018 7.844018
7.844018 7.844018 7.844018 7.844018 7.844018
7.844018 7.844018 7.844018 7.844018 7.844018
7.844018 7.844018 7.844018 7.844018 7.844018
7.844018 7.844018 7.844018 7.844018 7.844018
7.844018 7.844018 7.844018 7.844018 7.844018
7.844018 7.844018 7.844018 7.844018 7.844018
7.844018 7.844018 7.844018 7.844018 7.844018
7.844018 7.844018 7.844018 7.844018 7.844018
7.871958 7.871958 7.871958 7.871958 7.871958
7.871958 7.871958 7.871958 7.871958 7.871958
7.871958 7.871958 7.871958 7.871958 7.871958
7.871958 7.871958 7.871958 7.871958 7.871958
7.871958 7.871958 7.871958 7.871958 7.871958
7.871958 7.871958 7.871958 7.871958 7.871958
7.871958 7.871958 7.871958 7.871958 7.871958
7.871958 7.871958 7.871958 7.871958 7.871958
7.871958 7.871958 7.871958 7.871958 7.871958
7.871958 7.871958 7.871958 7.871958 7.871958
7.871958 7.871958 7.871958 7.871958 7.871958
7.871958 7.871958 7.871958 7.871958 7.871958
7.871958 7.871958 7.871958 7.871958 7.871958
7.871958 7.871958 7.871958 7.871958 7.871958
7.871958 7.871958 7.871958 7.871958 7.871958
7.871958 7.871958 7.871958 7.871958 7.871958
7.871958 7.871958 7.871958 7.871958 7.871958
7.871958 7.871958 7.871958 7.871958 7.871958
7.871958 7.871958 7.871958 7.871958 7.871958
7.871958 7.871958 7.871958 7.871958 7.871958
7.899898 7.899898 7.899898 7.899898 7.899898
7.899898 7.899898 7.899898 7.899898 7.899898
7.899898 7.899898 7.899898 7.899898 7.899898
7.899898 7.899898 7.899898 7.899898 7.899898
7.899898 7.899898 7.899898 7.899898 7.899898
7.899898 7.899898 7.899898 7.899898 7.899898
7.899898 7.899898 7.899898 7.899898 7.899898
7.899898 7.899898 7.899898 7.899898 7.899898
7.899898 7.899898 7.899898 7.899898 7.899898
7.899898 7.899898 7.899898 7.899898 7.899898
7.899898 7.899898 7.899898 7.899898 7.899898
7.899898 7.899898 7.899898 7.899898 7.899898
7.899898 7.899898 7.899898 7.899898 7.899898
7.899898 7.899898 7.899898 7.899898 7.899898
7.899898 7.899898 7.899898 7.899898 7.899898
7.899898 7.899898 7.899898 7.899898 7.899898
7.899898 7.899898 7.899898 7.899898 7.899898
7.899898 7.899898 7.899898 7.899898 7.899898
7.899898 7.899898 7.899898 7.899898 7.899898
7.899898 7.899898 7.899898 7.899898 7.899898
7.927839 7.927839 7.927839 7.927839 7.927839
7.927839 7.927839 7.927839 7.927839 7.927839
7.927839 7.927839 7.927839 7.927839 7.927839
7.927839 7.927839 7.927839 7.927839 7.927839
7.927839 7.927839 7.927839 7.927839 7.927839
7.927839 7.927839 7.927839 7.927839 7.927839
7.927839 7.927839 7.927839 7.927839 7.927839
7.927839 7.927839 7.927839 7.927839 7.927839
7.927839 7.927839 7.927839 7.927839 7.927839
7.927839 7.927839 7.927839 7.927839 7.927839
7.927839 7.927839 7.927839 7.927839 7.927839
7.927839 7.927839 7.927839 7.927839 7.927839
7.927839 7.927839 7.927839 7.927839 7.927839
7.927839 7.927839 7.927839 7.927839 7.927839
7.927839 7.927839 7.927839 7.927839 7.927839
7.927839 7.927839 7.927839 7.927839 7.927839
7.927839 7.927839 7.927839 7.927839 7.927839
7.927839 7.927839 7.927839 7.927839 7.927839
7.927839 7.927839 7.927839 7.927839 7.927839
7.927839 7.927839 7.927839 7.927839 7.927839
7.955779 7.955779 7.955779 7.955779 7.955779
7.955779 7.955779 7.955779 7.955779 7.955779
7.955779 7.955779 7.955779 7.955779 7.955779
7.955779 7.955779 7.955779 7.955779 7.955779
7.955779 7.955779 7.955779 7.955779 7.955779
7.955779 7.955779 7.955779 7.955779 7.955779
7.955779 7.955779 7.955779 7.955779 7.955779
7.955779 7.955779 7.955779 7.955779 7.955779
7.955779 7.955779 7.955779 7.955779 7.955779
7.955779 7.955779 7.955779 7.955779 7.955779
7.955779 7.955779 7.955779 7.955779 7.955779
7.955779 7.955779 7.955779 7.955779 7.955779
7.955779 7.955779 7.955779 7.955779 7.955779
7.955779 7.955779 7.955779 7.955779 7.955779
7.955779 7.955779 7.955779 7.955779 7.955779
7.955779 7.955779 7.955779 7.955779 7.955779
7.955779 7.955779 7.955779 7.955779 7.955779
7.955779 7.955779 7.955779 7.955779 7.955779
7.955779 7.955779 7.955779 7.955779 7.955779
7.955779 7.955779 7.955779 7.955779 7.955779
7.983719 7.983719 7.983719 7.983719 7.983719
7.983719 7.983719 7.983719 7.983719 7.983719
7.983719 7.983719 7.983719 7.983719 7.983719
7.983719 7.983719 7.983719 7.983719 7.983719
7.983719 7.983719 7.983719 7.983719 7.983719
7.983719 7.983719 7.983719 7.983719 7.983719
7.983719 7.983719 7.983719 7.983719 7.983719
7.983719 7.983719 7.983719 7.983719 7.983719
7.983719 7.983719 7.983719 7.983719 7.983719
7.983719 7.983719 7.983719 7.983719 7.983719
7.983719 7.983719 7.983719 7.983719 7.983719
7.983719 7.983719 7.983719 7.983719 7.983719
7.983719 7.983719 7.983719 7.983719 7.983719
7.983719 7.983719 7.983719 7.983719 7.983719
7.983719 7.983719 7.983719 7.983719 7.983719
7.983719 7.983719 7.983719 7.983719 7.983719
7.983719 7.983719 7.983719 7.983719 7.983719
7.983719 7.983719 7.983719 7.983719 7.983719
7.983719 7.983719 7.983719 7.983719 7.983719
7.983719 7.983719 7.983719 7.983719 7.983719
8.011659 8.011659 8.011659 8.011659 8.011659
8.011659 8.011659 8.011659 8.011659 8.011659
8.011659 8.011659 8.011659 8.011659 8.011659
8.011659 8.011659 8.011659 8.011659 8.011659
8.011659 8.011659 8.011659 8.011659 8.011659
8.011659 8.011659 8.011659 8.011659 8.011659
8.011659 8.011659 8.011659 8.011659 8.011659
8.011659 8.011659 8.011659 8.011659 8.011659
8.011659 8.011659 8.011659 8.011659 8.011659
8.011659 8.011659 8.011659 8.011659 8.011659
8.011659 8.011659 8.011659 8.011659 8.011659
8.011659 8.011659 8.011659 8.011659 8.011659
8.011659 8.011659 8.011659 8.011659 8.011659
8.011659 8.011659 8.011659 8.011659 8.011659
8.011659 8.011659 8.011659 8.011659 8.011659
8.011659 8.011659 8.011659 8.011659 8.011659
8.011659 8.011659 8.011659 8.011659 8.011659
8.011659 8.011659 8.011659 8.011659 8.011659
8.011659 8.011659 8.011659 8.011659 8.011659
8.011659 8.011659 8.011659 8.011659 8.011659
8.039599 8.039599 8.039599 8.039599 8.039599
8.039599 8.039599 8.039599 8.039599 8.039599
8.039599 8.039599 8.039599 8.039599 8.039599
8.039599 8.039599 8.039599 8.039599 8.039599
8.039599 8.039599 8.039599 8.039599 8.039599
8.039599 8.039599 8.039599 8.039599 8.039599
8.039599 8.039599 8.039599 8.039599 8.039599
8.039599 8.039599 8.039599 8.039599 8.039599
8.039599 8.039599 8.039599 8.039599 8.039599
8.039599 8.039599 8.039599 8.039599 8.039599
8.039599 8.039599 8.039599 8.039599 8.039599
8.039599 8.039599 8.039599 8.039599 8.039599
8.039599 8.039599 8.039599 8.039599 8.039599
8.039599 8.039599 8.039599 8.039599 8.039599
8.039599 8.039599 8.039599 8.039599 8.039599
8.039599 8.039599 8.039599 8.039599 8.039599
8.039599 8.039599 8.039599 8.039599 8.039599
8.039599 8.039599 8.039599 8.039599 8.039599
8.039599 8.039599 8.039599 8.039599 8.039599
8.039599 8.039599 8.039599 8.039599 8.039599
8.067539 8.067539 8.067539 8.067539 8.067539
8.067539 8.067539 8.067539 8.067539 8.067539
8.067539 8.067539 8.067539 8.067539 8.067539
8.067539 8.067539 8.067539 8.067539 8.067539
8.067539 8.067539 8.067539 8.067539 8.067539
8.067539 8.067539 8.067539 8.067539 8.067539
8.067539 8.067539 8.067539 8.067539 8.067539
8.067539 8.067539 8.067539 8.067539 8.067539
8.067539 8.067539 8.067539 8.067539 8.067539
8.067539 8.067539 8.067539 8.067539 8.067539
8.067539 8.067539 8.067539 8.067539 8.067539
8.067539 8.067539 8.067539 8.067539 8.067539
8.067539 8.067539 8.067539 8.067539 8.067539
8.067539 8.067539 8.067539 8.067539 8.067539
8.067539 8.067539 8.067539 8.067539 8.067539
8.067539 8.067539 8.067539 8.067539 8.067539
8.067539 8.067539 8.067539 8.067539 8.067539
8.067539 8.067539 8.067539 8.067539 8.067539
8.067539 8.067539 8.067539 8.067539 8.067539
8.067539 8.067539 8.067539 8.067539 8.067539
8.09548 8.09548 8.09548 8.09548 8.09548
8.09548 8.09548 8.09548 8.09548 8.09548
8.09548 8.09548 8.09548 8.09548 8.09548
8.09548 8.09548 8.09548 8.09548 8.09548
8.09548 8.09548 8.09548 8.09548 8.09548
8.09548 8.09548 8.09548 8.09548 8.09548
8.09548 8.09548 8.09548 8.09548 8.09548
8.09548 8.09548 8.09548 8.09548 8.09548
8.09548 8.09548 8.09548 8.09548 8.09548
8.09548 8.09548 8.09548 8.09548 8.09548
8.09548 8.09548 8.09548 8.09548 8.09548
8.09548 8.09548 8.09548 8.09548 8.09548
8.09548 8.09548 8.09548 8.09548 8.09548
8.09548 8.09548 8.09548 8.09548 8.09548
8.09548 8.09548 8.09548 8.09548 8.09548
8.09548 8.09548 8.09548 8.09548 8.09548
8.09548 8.09548 8.09548 8.09548 8.09548
8.09548 8.09548 8.09548 8.09548 8.09548
8.09548 8.09548 8.09548 8.09548 8.09548
8.09548 8.09548 8.09548 8.09548 8.09548
8.12342 8.12342 8.12342 8.12342 8.12342
8.12342 8.12342 8.12342 8.12342 8.12342
8.12342 8.12342 8.12342 8.12342 8.12342
8.12342 8.12342 8.12342 8.12342 8.12342
8.12342 8.12342 8.12342 8.12342 8.12342
8.12342 8.12342 8.12342 8.12342 8.12342
8.12342 8.12342 8.12342 8.12342 8.12342
8.12342 8.12342 8.12342 8.12342 8.12342
8.12342 8.12342 8.12342 8.12342 8.12342
8.12342 8.12342 8.12342 8.12342 8.12342
8.12342 8.12342 8.12342 8.12342 8.12342
8.12342 8.12342 8.12342 8.12342 8.12342
8.12342 8.12342 8.12342 8.12342 8.12342
8.12342 8.12342 8.12342 8.12342 8.12342
8.12342 8.12342 8.12342 8.12342 8.12342
8.12342 8.12342 8.12342 8.12342 8.12342
8.12342 8.12342 8.12342 8.12342 8.12342
8.12342 8.12342 8.12342 8.12342 8.12342
8.12342 8.12342 8.12342 8.12342 8.12342
8.12342 8.12342 8.12342 8.12342 8.12342
8.15136 8.15136 8.15136 8.15136 8.15136
8.15136 8.15136 8.15136 8.15136 8.15136
8.15136 8.15136 8.15136 8.15136 8.15136
8.15136 8.15136 8.15136 8.15136 8.15136
8.15136 8.15136 8.15136 8.15136 8.15136
8.15136 8.15136 8.15136 8.15136 8.15136
8.15136 8.15136 8.15136 8.15136 8.15136
8.15136 8.15136 8.15136 8.15136 8.15136
8.15136 8.15136 8.15136 8.15136 8.15136
8.15136 8.15136 8.15136 8.15136 8.15136
8.15136 8.15136 8.15136 8.15136 8.15136
8.15136 8.15136 8.15136 8.15136 8.15136
8.15136 8.15136 8.15136 8.15136 8.15136
8.15136 8.15136 8.15136 8.15136 8.15136
8.15136 8.15136 8.15136 8.15136 8.15136
8.15136 8.15136 8.15136 8.15136 8.15136
8.15136 8.15136 8.15136 8.15136 8.15136
8.15136 8.15136 8.15136 8.15136 8.15136
8.15136 8.15136 8.15136 8.15136 8.15136
8.15136 8.15136 8.15136 8.15136 8.15136
8.1793 8.1793 8.1793 8.1793 8.1793
8.1793 8.1793 8.1793 8.1793 8.1793
8.1793 8.1793 8.1793 8.1793 8.1793
8.1793 8.1793 8.1793 8.1793 8.1793
8.1793 8.1793 8.1793 8.1793 8.1793
8.1793 8.1793 8.1793 8.1793 8.1793
8.1793 8.1793 8.1793 8.1793 8.1793
8.1793 8.1793 8.1793 8.1793 8.1793
8.1793 8.1793 8.1793 8.1793 8.1793
8.1793 8.1793 8.1793 8.1793 8.1793
8.1793 8.1793 8.1793 8.1793 8.1793
8.1793 8.1793 8.1793 8.1793 8.1793
8.1793 8.1793 8.1793 8.1793 8.1793
8.1793 8.1793 8.1793 8.1793 8.1793
8.1793 8.1793 8.1793 8.1793 8.1793
8.1793 8.1793 8.1793 8.1793 8.1793
8.1793 8.1793 8.1793 8.1793 8.1793
8.1793 8.1793 8.1793 8.1793 8.1793
8.1793 8.1793 8.1793 8.1793 8.1793
8.1793 8.1793 8.1793 8.1793 8.1793
8.20724 8.20724 8.20724 8.20724 8.20724
8.20724 8.20724 8.20724 8.20724 8.20724
8.20724 8.20724 8.20724 8.20724 8.20724
8.20724 8.20724 8.20724 8.20724 8.20724
8.20724 8.20724 8.20724 8.20724 8.20724
8.20724 8.20724 8.20724 8.20724 8.20724
8.20724 8.20724 8.20724 8.20724 8.20724
8.20724 8.20724 8.20724 8.20724 8.20724
8.20724 8.20724 8.20724 8.20724 8.20724
8.20724 8.20724 8.20724 8.20724 8.20724
8.20724 8.20724 8.20724 8.20724 8.20724
8.20724 8.20724 8.20724 8.20724 8.20724
8.20724 8.20724 8.20724 8.20724 8.20724
8.20724 8.20724 8.20724 8.20724 8.20724
8.20724 8.20724 8.20724 8.20724 8.20724
8.20724 8.20724 8.20724 8.20724 8.20724
8.20724 8.20724 8.20724 8.20724 8.20724
8.20724 8.20724 8.20724 8.20724 8.20724
8.20724 8.20724 8.20724 8.20724 8.20724
8.20724 8.20724 8.20724 8.20724 8.20724
8.297414 8.297414 8.297414 8.297414 8.297414
8.297414 8.297414 8.297414 8.297414 8.297414
8.297414 8.297414 8.297414 8.297414 8.297414
8.297414 8.297414 8.297414 8.297414 8.297414
8.297414 8.297414 8.297414 8.297414 8.297414
8.297414 8.297414 8.297414 8.297414 8.297414
8.297414 8.297414 8.297414 8.297414 8.297414
8.297414 8.297414 8.297414 8.297414 8.297414
8.297414 8.297414 8.297414 8.297414 8.297414
8.297414 8.297414 8.297414 8.297414 8.297414
8.297414 8.297414 8.297414 8.297414 8.297414
8.297414 8.297414 8.297414 8.297414 8.297414
8.297414 8.297414 8.297414 8.297414 8.297414
8.297414 8.297414 8.297414 8.297414 8.297414
8.297414 8.297414 8.297414 8.297414 8.297414
8.297414 8.297414 8.297414 8.297414 8.297414
8.297414 8.297414 8.297414 8.297414 8.297414
8.297414 8.297414 8.297414 8.297414 8.297414
8.297414 8.297414 8.297414 8.297414 8.297414
8.297414 8.297414 8.297414 8.297414 8.297414
8.417551 8.417551 8.417551 8.417551 8.417551
8.417551 8.417551 8.417551 8.417551 8.417551
8.417551 8.417551 8.417551 8.417551 8.417551
8.417551 8.417551 8.417551 8.417551 8.417551
8.417551 8.417551 8.417551 8.417551 8.417551
8.417551 8.417551 8.417551 8.417551 8.417551
8.417551 8.417551 8.417551 8.417551 8.417551
8.417551 8.417551 8.417551 8.417551 8.417551
8.417551 8.417551 8.417551 8.417551 8.417551
8.417551 8.417551 8.417551 8.417551 8.417551
8.417551 8.417551 8.417551 8.417551 8.417551
8.417551 8.417551 8.417551 8.417551 8.417551
8.417551 8.417551 8.417551 8.417551 8.417551
8.417551 8.417551 8.417551 8.417551 8.417551
8.417551 8.417551 8.417551 8.417551 8.417551
8.417551 8.417551 8.417551 8.417551 8.417551
8.417551 8.417551 8.417551 8.417551 8.417551
8.417551 8.417551 8.417551 8.417551 8.417551
8.417551 8.417551 8.417551 8.417551 8.417551
8.417551 8.417551 8.417551 8.417551 8.417551
8.537688 8.537688 8.537688 8.537688 8.537688
8.537688 8.537688 8.537688 8.537688 8.537688
8.537688 8.537688 8.537688 8.537688 8.537688
8.537688 8.537688 8.537688 8.537688 8.537688
8.537688 8.537688 8.537688 8.537688 8.537688
8.537688 8.537688 8.537688 8.537688 8.537688
8.537688 8.537688 8.537688 8.537688 8.537688
8.537688 8.537688 8.537688 8.537688 8.537688
8.537688 8.537688 8.537688 8.537688 8.537688
8.537688 8.537688 8.537688 8.537688 8.537688
8.537688 8.537688 8.537688 8.537688 8.537688
8.537688 8.537688 8.537688 8.537688 8.537688
8.537688 8.537688 8.537688 8.537688 8.537688
8.537688 8.537688 8.537688 8.537688 8.537688
8.537688 8.537688 8.537688 8.537688 8.537688
8.537688 8.537688 8.537688 8.537688 8.537688
8.537688 8.537688 8.537688 8.537688 8.537688
8.537688 8.537688 8.537688 8.537688 8.537688
8.537688 8.537688 8.537688 8.537688 8.537688
8.537688 8.537688 8.537688 8.537688 8.537688
8.657826 8.657826 8.657826 8.657826 8.657826
8.657826 8.657826 8.657826 8.657826 8.657826
8.657826 8.657826 8.657826 8.657826 8.657826
8.657826 8.657826 8.657826 8.657826 8.657826
8.657826 8.657826 8.657826 8.657826 8.657826
8.657826 8.657826 8.657826 8.657826 8.657826
8.657826 8.657826 8.657826 8.657826 8.657826
8.657826 8.657826 8.657826 8.657826 8.657826
8.657826 8.657826 8.657826 8.657826 8.657826
8.657826 8.657826 8.657826 8.657826 8.657826
8.657826 8.657826 8.657826 8.657826 8.657826
8.657826 8.657826 8.657826 8.657826 8.657826
8.657826 8.657826 8.657826 8.657826 8.657826
8.657826 8.657826 8.657826 8.657826 8.657826
8.657826 8.657826 8.657826 8.657826 8.657826
8.657826 8.657826 8.657826 8.657826 8.657826
8.657826 8.657826 8.657826 8.657826 8.657826
8.657826 8.657826 8.657826 8.657826 8.657826
8.657826 8.657826 8.657826 8.657826 8.657826
8.657826 8.657826 8.657826 8.657826 8.657826
8.777963 8.777963 8.777963 8.777963 8.777963
8.777963 8.777963 8.777963 8.777963 8.777963
8.777963 8.777963 8.777963 8.777963 8.777963
8.777963 8.777963 8.777963 8.777963 8.777963
8.777963 8.777963 8.777963 8.777963 8.777963
8.777963 8.777963 8.777963 8.777963 8.777963
8.777963 8.777963 8.777963 8.777963 8.777963
8.777963 8.777963 8.777963 8.777963 8.777963
8.777963 8.777963 8.777963 8.777963 8.777963
8.777963 8.777963 8.777963 8.777963 8.777963
8.777963 8.777963 8.777963 8.777963 8.777963
8.777963 8.777963 8.777963 8.777963 8.777963
8.777963 8.777963 8.777963 8.777963 8.777963
8.777963 8.777963 8.777963 8.777963 8.777963
8.777963 8.777963 8.777963 8.777963 8.777963
8.777963 8.777963 8.777963 8.777963 8.777963
8.777963 8.777963 8.777963 8.777963 8.777963
8.777963 8.777963 8.777963 8.777963 8.777963
8.777963 8.777963 8.777963 8.777963 8.777963
8.777963 8.777963 8.777963 8.777963 8.777963
8.898101 8.898101 8.898101 8.898101 8.898101
8.898101 8.898101 8.898101 8.898101 8.898101
8.898101 8.898101 8.898101 8.898101 8.898101
8.898101 8.898101 8.898101 8.898101 8.898101
8.898101 8.898101 8.898101 8.898101 8.898101
8.898101 8.898101 8.898101 8.898101 8.898101
8.898101 8.898101 8.898101 8.898101 8.898101
8.898101 8.898101 8.898101 8.898101 8.898101
8.898101 8.898101 8.898101 8.898101 8.898101
8.898101 8.898101 8.898101 8.898101 8.898101
8.898101 8.898101 8.898101 8.898101 8.898101
8.898101 8.898101 8.898101 8.898101 8.898101
8.898101 8.898101 8.898101 8.898101 8.898101
8.898101 8.898101 8.898101 8.898101 8.898101
8.898101 8.898101 8.898101 8.898101 8.898101
8.898101 8.898101 8.898101 8.898101 8.898101
8.898101 8.898101 8.898101 8.898101 8.898101
8.898101 8.898101 8.898101 8.898101 8.898101
8.898101 8.898101 8.898101 8.898101 8.898101
8.898101 8.898101 8.898101 8.898101 8.898101
9.018238 9.018238 9.018238 9.018238 9.018238
9.018238 9.018238 9.018238 9.018238 9.018238
9.018238 9.018238 9.018238 9.018238 9.018238
9.018238 9.018238 9.018238 9.018238 9.018238
9.018238 9.018238 9.018238 9.018238 9.018238
9.018238 9.018238 9.018238 9.018238 9.018238
9.018238 9.018238 9.018238 9.018238 9.018238
9.018238 9.018238 9.018238 9.018238 9.018238
9.018238 9.018238 9.018238 9.018238 9.018238
9.018238 9.018238 9.018238 9.018238 9.018238
9.018238 9.018238 9.018238 9.018238 9.018238
9.018238 9.018238 9.018238 9.018238 9.018238
9.018238 9.018238 9.018238 9.018238 9.018238
9.018238 9.018238 9.018238 9.018238 9.018238
9.018238 9.018238 9.018238 9.018238 9.018238
9.018238 9.018238 9.018238 9.018238 9.018238
9.018238 9.018238 9.018238 9.018238 9.018238
9.018238 9.018238 9.018238 9.018238 9.018238
9.018238 9.018238 9.018238 9.018238 9.018238
9.018238 9.018238 9.018238 9.018238 9.018238
9.138375 9.138375 9.138375 9.138375 9.138375
9.138375 9.138375 9.138375 9.138375 9.138375
9.138375 9.138375 9.138375 9.138375 9.138375
9.138375 9.138375 9.138375 9.138375 9.138375
9.138375 9.138375 9.138375 9.138375 9.138375
9.138375 9.138375 9.138375 9.138375 9.138375
9.138375 9.138375 9.138375 9.138375 9.138375
9.138375 9.138375 9.138375 9.138375 9.138375
9.138375 9.138375 9.138375 9.138375 9.138375
9.138375 9.138375 9.138375 9.138375 9.138375
9.138375 9.138375 9.138375 9.138375 9.138375
9.138375 9.138375 9.138375 9.138375 9.138375
9.138375 9.138375 9.138375 9.138375 9.138375
9.138375 9.138375 9.138375 9.138375 9.138375
9.138375 9.138375 9.138375 9.138375 9.138375
9.138375 9.138375 9.138375 9.138375 9.138375
9.138375 9.138375 9.138375 9.138375 9.138375
9.138375 9.138375 9.138375 9.138375 9.138375
9.138375 9.138375 9.138375 9.138375 9.138375
9.138375 9.138375 9.138375 9.138375 9.138375
9.258513 9.258513 9.258513 9.258513 9.258513
9.258513 9.258513 9.258513 9.258513 9.258513
9.258513 9.258513 9.258513 9.258513 9.258513
9.258513 9.258513 9.258513 9.258513 9.258513
9.258513 9.258513 9.258513 9.258513 9.258513
9.258513 9.258513 9.258513 9.258513 9.258513
9.258513 9.258513 9.258513 9.258513 9.258513
9.258513 9.258513 9.258513 9.258513 9.258513
9.258513 9.258513 9.258513 9.258513 9.258513
9.258513 9.258513 9.258513 9.258513 9.258513
9.258513 9.258513 9.258513 9.258513 9.258513
9.258513 9.258513 9.258513 9.258513 9.258513
9.258513 9.258513 9.258513 9.258513 9.258513
9.258513 9.258513 9.258513 9.258513 9.258513
9.258513 9.258513 9.258513 9.258513 9.258513
9.258513 9.258513 9.258513 9.258513 9.258513
9.258513 9.258513 9.258513 9.258513 9.258513
9.258513 9.258513 9.258513 9.258513 9.258513
9.258513 9.258513 9.258513 9.258513 9.258513
9.258513 9.258513 9.258513 9.258513 9.258513
9.37865 9.37865 9.37865 9.37865 9.37865
9.37865 9.37865 9.37865 9.37865 9.37865
9.37865 9.37865 9.37865 9.37865 9.37865
9.37865 9.37865 9.37865 9.37865 9.37865
9.37865 9.37865 9.37865 9.37865 9.37865
9.37865 9.37865 9.37865 9.37865 9.37865
9.37865 9.37865 9.37865 9.37865 9.37865
9.37865 9.37865 9.37865 9.37865 9.37865
9.37865 9.37865 9.37865 9.37865 9.37865
9.37865 9.37865 9.37865 9.37865 9.37865
9.37865 9.37865 9.37865 9.37865 9.37865
9.37865 9.37865 9.37865 9.37865 9.37865
9.37865 9.37865 9.37865 9.37865 9.37865
9.37865 9.37865 9.37865 9.37865 9.37865
9.37865 9.37865 9.37865 9.37865 9.37865
9.37865 9.37865 9.37865 9.37865 9.37865
9.37865 9.37865 9.37865 9.37865 9.37865
9.37865 9.37865 9.37865 9.37865 9.37865
9.37865 9.37865 9.37865 9.37865 9.37865
9.37865 9.37865 9.37865 9.37865 9.37865
9.498788 9.498788 9.498788 9.498788 9.498788
9.498788 9.498788 9.498788 9.498788 9.498788
9.498788 9.498788 9.498788 9.498788 9.498788
9.498788 9.498788 9.498788 9.498788 9.498788
9.498788 9.498788 9.498788 9.498788 9.498788
9.498788 9.498788 9.498788 9.498788 9.498788
9.498788 9.498788 9.498788 9.498788 9.498788
9.498788 9.498788 9.498788 9.498788 9.498788
9.498788 9.498788 9.498788 9.498788 9.498788
9.498788 9.498788 9.498788 9.498788 9.498788
9.498788 9.498788 9.498788 9.498788 9.498788
9.498788 9.498788 9.498788 9.498788 9.498788
9.498788 9.498788 9.498788 9.498788 9.498788
9.498788 9.498788 9.498788 9.498788 9.498788
9.498788 9.498788 9.498788 9.498788 9.498788
9.498788 9.498788 9.498788 9.498788 9.498788
9.498788 9.498788 9.498788 9.498788 9.498788
9.498788 9.498788 9.498788 9.498788 9.498788
9.498788 9.498788 9.498788 9.498788 9.498788
9.498788 9.498788 9.498788 9.498788 9.498788
9.618925 9.618925 9.618925 9.618925 9.618925
9.618925 9.618925 9.618925 9.618925 9.618925
9.618925 9.618925 9.618925 9.618925 9.618925
9.618925 9.618925 9.618925 9.618925 9.618925
9.618925 9.618925 9.618925 9.618925 9.618925
9.618925 9.618925 9.618925 9.618925 9.618925
9.618925 9.618925 9.618925 9.618925 9.618925
9.618925 9.618925 9.618925 9.618925 9.618925
9.618925 9.618925 9.618925 9.618925 9.618925
9.618925 9.618925 9.618925 9.618925 9.618925
9.618925 9.618925 9.618925 9.618925 9.618925
9.618925 9.618925 9.618925 9.618925 9.618925
9.618925 9.618925 9.618925 9.618925 9.618925
9.618925 9.618925 9.618925 9.618925 9.618925
9.618925 9.618925 9.618925 9.618925 9.618925
9.618925 9.618925 9.618925 9.618925 9.618925
9.618925 9.618925 9.618925 9.618925 9.618925
9.618925 9.618925 9.618925 9.618925 9.618925
9.618925 9.618925 9.618925 9.618925 9.618925
9.618925 9.618925 9.618925 9.618925 9.618925
9.739062 9.739062 9.739062 9.739062 9.739062
9.739062 9.739062 9.739062 9.739062 9.739062
9.739062 9.739062 9.739062 9.739062 9.739062
9.739062 9.739062 9.739062 9.739062 9.739062
9.739062 9.739062 9.739062 9.739062 9.739062
9.739062 9.739062 9.739062 9.739062 9.739062
9.739062 9.739062 9.739062 9.739062 9.739062
9.739062 9.739062 9.739062 9.739062 9.739062
9.739062 9.739062 9.739062 9.739062 9.739062
9.739062 9.739062 9.739062 9.739062 9.739062
9.739062 9.739062 9.739062 9.739062 9.739062
9.739062 9.739062 9.739062 9.739062 9.739062
9.739062 9.739062 9.739062 9.739062 9.739062
9.739062 9.739062 9.739062 9.739062 9.739062
9.739062 9.739062 9.739062 9.739062 9.739062
9.739062 9.739062 9.739062 9.739062 9.739062
9.739062 9.739062 9.739062 9.739062 9.739062
9.739062 9.739062 9.739062 9.739062 9.739062
9.739062 9.739062 9.739062 9.739062 9.739062
9.739062 9.739062 9.739062 9.739062 9.739062
9.8592 9.8592 9.8592 9.8592 9.8592
9.8592 9.8592 9.8592 9.8592 9.8592
9.8592 9.8592 9.8592 9.8592 9.8592
9.8592 9.8592 9.8592 9.8592 9.8592
9.8592 9.8592 9.8592 9.8592 9.8592
9.8592 9.8592 9.8592 9.8592 9.8592
9.8592 9.8592 9.8592 9.8592 9.8592
9.8592 9.8592 9.8592 9.8592 9.8592
9.8592 9.8592 9.8592 9.8592 9.8592
9.8592 9.8592 9.8592 9.8592 9.8592
9.8592 9.8592 9.8592 9.8592 9.8592
9.8592 9.8592 9.8592 9.8592 9.8592
9.8592 9.8592 9.8592 9.8592 9.8592
9.8592 9.8592 9.8592 9.8592 9.8592
9.8592 9.8592 9.8592 9.8592 9.8592
9.8592 9.8592 9.8592 9.8592 9.8592
9.8592 9.8592 9.8592 9.8592 9.8592
9.8592 9.8592 9.8592 9.8592 9.8592
9.8592 9.8592 9.8592 9.8592 9.8592
9.8592 9.8592 9.8592 9.8592 9.8592
9.979337 9.979337 9.979337 9.979337 9.979337
9.979337 9.979337 9.979337 9.979337 9.979337
9.979337 9.979337 9.979337 9.979337 9.979337
9.979337 9.979337 9.979337 9.979337 9.979337
9.979337 9.979337 9.979337 9.979337 9.979337
9.979337 9.979337 9.979337 9.979337 9.979337
9.979337 9.979337 9.979337 9.979337 9.979337
9.979337 9.979337 9.979337 9.979337 9.979337
9.979337 9.979337 9.979337 9.979337 9.979337
9.979337 9.979337 9.979337 9.979337 9.979337
9.979337 9.979337 9.979337 9.979337 9.979337
9.979337 9.979337 9.979337 9.979337 9.979337
9.979337 9.979337 9.979337 9.979337 9.979337
9.979337 9.979337 9.979337 9.979337 9.979337
9.979337 9.979337 9.979337 9.979337 9.979337
9.979337 9.979337 9.979337 9.979337 9.979337
9.979337 9.979337 9.979337 9.979337 9.979337
9.979337 9.979337 9.979337 9.979337 9.979337
9.979337 9.979337 9.979337 9.979337 9.979337
9.979337 9.979337 9.979337 9.979337 9.979337
10.09947 10.09947 10.09947 10.09947 10.09947
10.09947 10.09947 10.09947 10.09947 10.09947
10.09947 10.09947 10.09947 10.09947 10.09947
10.09947 10.09947 10.09947 10.09947 10.09947
10.09947 10.09947 10.09947 10.09947 10.09947
10.09947 10.09947 10.09947 10.09947 10.09947
10.09947 10.09947 10.09947 10.09947 10.09947
10.09947 10.09947 10.09947 10.09947 10.09947
10.09947 10.09947 10.09947 10.09947 10.09947
10.09947 10.09947 10.09947 10.09947 10.09947
10.09947 10.09947 10.09947 10.09947 10.09947
10.09947 10.09947 10.09947 10.09947 10.09947
10.09947 10.09947 10.09947 10.09947 10.09947
10.09947 10.09947 10.09947 10.09947 10.09947
10.09947 10.09947 10.09947 10.09947 10.09947
10.09947 10.09947 10.09947 10.09947 10.09947
10.09947 10.09947 10.09947 10.09947 10.09947
10.09947 10.09947 10.09947 10.09947 10.09947
10.09947 10.09947 10.09947 10.09947 10.09947
10.09947 10.09947 10.09947 10.09947 10.09947
