25.11594 25.11594 25.11594 25.11594 25.11594
25.11594 25.11594 25.11594 25.11594 25.11594
25.11594 25.11594 25.11594 25.11594 25.11594
25.11594 25.11594 25.11594 25.11594 25.11594
25.11594 25.11594 25.11594 25.11594 25.11594
25.11594 25.11594 25.11594 25.11594 25.11594
25.11594 25.11594 25.11594 25.11594 25.11594
25.11594 25.11594 25.11594 25.11594 25.11594
25.11594 25.11594 25.11594 25.11594 25.11594
25.11594 25.11594 25.11594 25.11594 25.11594
25.11594 25.11594 25.11594 25.11594 25.11594
25.11594 25.11594 25.11594 25.11594 25.11594
25.11594 25.11594 25.11594 25.11594 25.11594
25.11594 25.11594 25.11594 25.11594 25.11594
25.11594 25.11594 25.11594 25.11594 25.11594
25.11594 25.11594 25.11594 25.11594 25.11594
25.11594 25.11594 25.11594 25.11594 25.11594
25.11594 25.11594 25.11594 25.11594 25.11594
25.11594 25.11594 25.11594 25.11594 25.11594
25.11594 25.11594 25.11594 25.11594 25.11594
25.06587 25.06587 25.06587 25.06587 25.06587
25.06587 25.06587 25.06587 25.06587 25.06587
25.06587 25.06587 25.06587 25.06587 25.06587
25.06587 25.06587 25.06587 25.06587 25.06587
25.06587 25.06587 25.06587 25.06587 25.06587
25.06587 25.06587 25.06587 25.06587 25.06587
25.06587 25.06587 25.06587 25.06587 25.06587
25.06587 25.06587 25.06587 25.06587 25.06587
25.06587 25.06587 25.06587 25.06587 25.06587
25.06587 25.06587 25.06587 25.06587 25.06587
25.06587 25.06587 25.06587 25.06587 25.06587
25.06587 25.06587 25.06587 25.06587 25.06587
25.06587 25.06587 25.06587 25.06587 25.06587
25.06587 25.06587 25.06587 25.06587 25.06587
25.06587 25.06587 25.06587 25.06587 25.06587
25.06587 25.06587 25.06587 25.06587 25.06587
25.06587 25.06587 25.06587 25.06587 25.06587
25.06587 25.06587 25.06587 25.06587 25.06587
25.06587 25.06587 25.06587 25.06587 25.06587
25.06587 25.06587 25.06587 25.06587 25.06587
25.01579 25.01579 25.01579 25.01579 25.01579
25.01579 25.01579 25.01579 25.01579 25.01579
25.01579 25.01579 25.01579 25.01579 25.01579
25.01579 25.01579 25.01579 25.01579 25.01579
25.01579 25.01579 25.01579 25.01579 25.01579
25.01579 25.01579 25.01579 25.01579 25.01579
25.01579 25.01579 25.01579 25.01579 25.01579
25.01579 25.01579 25.01579 25.01579 25.01579
25.01579 25.01579 25.01579 25.01579 25.01579
25.01579 25.01579 25.01579 25.01579 25.01579
25.01579 25.01579 25.01579 25.01579 25.01579
25.01579 25.01579 25.01579 25.01579 25.01579
25.01579 25.01579 25.01579 25.01579 25.01579
25.01579 25.01579 25.01579 25.01579 25.01579
25.01579 25.01579 25.01579 25.01579 25.01579
25.01579 25.01579 25.01579 25.01579 25.01579
25.01579 25.01579 25.01579 25.01579 25.01579
25.01579 25.01579 25.01579 25.01579 25.01579
25.01579 25.01579 25.01579 25.01579 25.01579
25.01579 25.01579 25.01579 25.01579 25.01579
24.96571 24.96571 24.96571 24.96571 24.96571
24.96571 24.96571 24.96571 24.96571 24.96571
24.96571 24.96571 24.96571 24.96571 24.96571
24.96571 24.96571 24.96571 24.96571 24.96571
24.96571 24.96571 24.96571 24.96571 24.96571
24.96571 24.96571 24.96571 24.96571 24.96571
24.96571 24.96571 24.96571 24.96571 24.96571
24.96571 24.96571 24.96571 24.96571 24.96571
24.96571 24.96571 24.96571 24.96571 24.96571
24.96571 24.96571 24.96571 24.96571 24.96571
24.96571 24.96571 24.96571 24.96571 24.96571
24.96571 24.96571 24.96571 24.96571 24.96571
24.96571 24.96571 24.96571 24.96571 24.96571
24.96571 24.96571 24.96571 24.96571 24.96571
24.96571 24.96571 24.96571 24.96571 24.96571
24.96571 24.96571 24.96571 24.96571 24.96571
24.96571 24.96571 24.96571 24.96571 24.96571
24.96571 24.96571 24.96571 24.96571 24.96571
24.96571 24.96571 24.96571 24.96571 24.96571
24.96571 24.96571 24.96571 24.96571 24.96571
24.91563 24.91563 24.91563 24.91563 24.91563
24.91563 24.91563 24.91563 24.91563 24.91563
24.91563 24.91563 24.91563 24.91563 24.91563
24.91563 24.91563 24.91563 24.91563 24.91563
24.91563 24.91563 24.91563 24.91563 24.91563
24.91563 24.91563 24.91563 24.91563 24.91563
24.91563 24.91563 24.91563 24.91563 24.91563
24.91563 24.91563 24.91563 24.91563 24.91563
24.91563 24.91563 24.91563 24.91563 24.91563
24.91563 24.91563 24.91563 24.91563 24.91563
24.91563 24.91563 24.91563 24.91563 24.91563
24.91563 24.91563 24.91563 24.91563 24.91563
24.91563 24.91563 24.91563 24.91563 24.91563
24.91563 24.91563 24.91563 24.91563 24.91563
24.91563 24.91563 24.91563 24.91563 24.91563
24.91563 24.91563 24.91563 24.91563 24.91563
24.91563 24.91563 24.91563 24.91563 24.91563
24.91563 24.91563 24.91563 24.91563 24.91563
24.91563 24.91563 24.91563 24.91563 24.91563
24.91563 24.91563 24.91563 24.91563 24.91563
24.86556 24.86556 24.86556 24.86556 24.86556
24.86556 24.86556 24.86556 24.86556 24.86556
24.86556 24.86556 24.86556 24.86556 24.86556
24.86556 24.86556 24.86556 24.86556 24.86556
24.86556 24.86556 24.86556 24.86556 24.86556
24.86556 24.86556 24.86556 24.86556 24.86556
24.86556 24.86556 24.86556 24.86556 24.86556
24.86556 24.86556 24.86556 24.86556 24.86556
24.86556 24.86556 24.86556 24.86556 24.86556
24.86556 24.86556 24.86556 24.86556 24.86556
24.86556 24.86556 24.86556 24.86556 24.86556
24.86556 24.86556 24.86556 24.86556 24.86556
24.86556 24.86556 24.86556 24.86556 24.86556
24.86556 24.86556 24.86556 24.86556 24.86556
24.86556 24.86556 24.86556 24.86556 24.86556
24.86556 24.86556 24.86556 24.86556 24.86556
24.86556 24.86556 24.86556 24.86556 24.86556
24.86556 24.86556 24.86556 24.86556 24.86556
24.86556 24.86556 24.86556 24.86556 24.86556
24.86556 24.86556 24.86556 24.86556 24.86556
24.81548 24.81548 24.81548 24.81548 24.81548
24.81548 24.81548 24.81548 24.81548 24.81548
24.81548 24.81548 24.81548 24.81548 24.81548
24.81548 24.81548 24.81548 24.81548 24.81548
24.81548 24.81548 24.81548 24.81548 24.81548
24.81548 24.81548 24.81548 24.81548 24.81548
24.81548 24.81548 24.81548 24.81548 24.81548
24.81548 24.81548 24.81548 24.81548 24.81548
24.81548 24.81548 24.81548 24.81548 24.81548
24.81548 24.81548 24.81548 24.81548 24.81548
24.81548 24.81548 24.81548 24.81548 24.81548
24.81548 24.81548 24.81548 24.81548 24.81548
24.81548 24.81548 24.81548 24.81548 24.81548
24.81548 24.81548 24.81548 24.81548 24.81548
24.81548 24.81548 24.81548 24.81548 24.81548
24.81548 24.81548 24.81548 24.81548 24.81548
24.81548 24.81548 24.81548 24.81548 24.81548
24.81548 24.81548 24.81548 24.81548 24.81548
24.81548 24.81548 24.81548 24.81548 24.81548
24.81548 24.81548 24.81548 24.81548 24.81548
24.7654 24.7654 24.7654 24.7654 24.7654
24.7654 24.7654 24.7654 24.7654 24.7654
24.7654 24.7654 24.7654 24.7654 24.7654
24.7654 24.7654 24.7654 24.7654 24.7654
24.7654 24.7654 24.7654 24.7654 24.7654
24.7654 24.7654 24.7654 24.7654 24.7654
24.7654 24.7654 24.7654 24.7654 24.7654
24.7654 24.7654 24.7654 24.7654 24.7654
24.7654 24.7654 24.7654 24.7654 24.7654
24.7654 24.7654 24.7654 24.7654 24.7654
24.7654 24.7654 24.7654 24.7654 24.7654
24.7654 24.7654 24.7654 24.7654 24.7654
24.7654 24.7654 24.7654 24.7654 24.7654
24.7654 24.7654 24.7654 24.7654 24.7654
24.7654 24.7654 24.7654 24.7654 24.7654
24.7654 24.7654 24.7654 24.7654 24.7654
24.7654 24.7654 24.7654 24.7654 24.7654
24.7654 24.7654 24.7654 24.7654 24.7654
24.7654 24.7654 24.7654 24.7654 24.7654
24.7654 24.7654 24.7654 24.7654 24.7654
24.71532 24.71532 24.71532 24.71532 24.71532
24.71532 24.71532 24.71532 24.71532 24.71532
24.71532 24.71532 24.71532 24.71532 24.71532
24.71532 24.71532 24.71532 24.71532 24.71532
24.71532 24.71532 24.71532 24.71532 24.71532
24.71532 24.71532 24.71532 24.71532 24.71532
24.71532 24.71532 24.71532 24.71532 24.71532
24.71532 24.71532 24.71532 24.71532 24.71532
24.71532 24.71532 24.71532 24.71532 24.71532
24.71532 24.71532 24.71532 24.71532 24.71532
24.71532 24.71532 24.71532 24.71532 24.71532
24.71532 24.71532 24.71532 24.71532 24.71532
24.71532 24.71532 24.71532 24.71532 24.71532
24.71532 24.71532 24.71532 24.71532 24.71532
24.71532 24.71532 24.71532 24.71532 24.71532
24.71532 24.71532 24.71532 24.71532 24.71532
24.71532 24.71532 24.71532 24.71532 24.71532
24.71532 24.71532 24.71532 24.71532 24.71532
24.71532 24.71532 24.71532 24.71532 24.71532
24.71532 24.71532 24.71532 24.71532 24.71532
24.66525 24.66525 24.66525 24.66525 24.66525
24.66525 24.66525 24.66525 24.66525 24.66525
24.66525 24.66525 24.66525 24.66525 24.66525
24.66525 24.66525 24.66525 24.66525 24.66525
24.66525 24.66525 24.66525 24.66525 24.66525
24.66525 24.66525 24.66525 24.66525 24.66525
24.66525 24.66525 24.66525 24.66525 24.66525
24.66525 24.66525 24.66525 24.66525 24.66525
24.66525 24.66525 24.66525 24.66525 24.66525
24.66525 24.66525 24.66525 24.66525 24.66525
24.66525 24.66525 24.66525 24.66525 24.66525
24.66525 24.66525 24.66525 24.66525 24.66525
24.66525 24.66525 24.66525 24.66525 24.66525
24.66525 24.66525 24.66525 24.66525 24.66525
24.66525 24.66525 24.66525 24.66525 24.66525
24.66525 24.66525 24.66525 24.66525 24.66525
24.66525 24.66525 24.66525 24.66525 24.66525
24.66525 24.66525 24.66525 24.66525 24.66525
24.66525 24.66525 24.66525 24.66525 24.66525
24.66525 24.66525 24.66525 24.66525 24.66525
24.61517 24.61517 24.61517 24.61517 24.61517
24.61517 24.61517 24.61517 24.61517 24.61517
24.61517 24.61517 24.61517 24.61517 24.61517
24.61517 24.61517 24.61517 24.61517 24.61517
24.61517 24.61517 24.61517 24.61517 24.61517
24.61517 24.61517 24.61517 24.61517 24.61517
24.61517 24.61517 24.61517 24.61517 24.61517
24.61517 24.61517 24.61517 24.61517 24.61517
24.61517 24.61517 24.61517 24.61517 24.61517
24.61517 24.61517 24.61517 24.61517 24.61517
24.61517 24.61517 24.61517 24.61517 24.61517
24.61517 24.61517 24.61517 24.61517 24.61517
24.61517 24.61517 24.61517 24.61517 24.61517
24.61517 24.61517 24.61517 24.61517 24.61517
24.61517 24.61517 24.61517 24.61517 24.61517
24.61517 24.61517 24.61517 24.61517 24.61517
24.61517 24.61517 24.61517 24.61517 24.61517
24.61517 24.61517 24.61517 24.61517 24.61517
24.61517 24.61517 24.61517 24.61517 24.61517
24.61517 24.61517 24.61517 24.61517 24.61517
24.56509 24.56509 24.56509 24.56509 24.56509
24.56509 24.56509 24.56509 24.56509 24.56509
24.56509 24.56509 24.56509 24.56509 24.56509
24.56509 24.56509 24.56509 24.56509 24.56509
24.56509 24.56509 24.56509 24.56509 24.56509
24.56509 24.56509 24.56509 24.56509 24.56509
24.56509 24.56509 24.56509 24.56509 24.56509
24.56509 24.56509 24.56509 24.56509 24.56509
24.56509 24.56509 24.56509 24.56509 24.56509
24.56509 24.56509 24.56509 24.56509 24.56509
24.56509 24.56509 24.56509 24.56509 24.56509
24.56509 24.56509 24.56509 24.56509 24.56509
24.56509 24.56509 24.56509 24.56509 24.56509
24.56509 24.56509 24.56509 24.56509 24.56509
24.56509 24.56509 24.56509 24.56509 24.56509
24.56509 24.56509 24.56509 24.56509 24.56509
24.56509 24.56509 24.56509 24.56509 24.56509
24.56509 24.56509 24.56509 24.56509 24.56509
24.56509 24.56509 24.56509 24.56509 24.56509
24.56509 24.56509 24.56509 24.56509 24.56509
24.51501 24.51501 24.51501 24.51501 24.51501
24.51501 24.51501 24.51501 24.51501 24.51501
24.51501 24.51501 24.51501 24.51501 24.51501
24.51501 24.51501 24.51501 24.51501 24.51501
24.51501 24.51501 24.51501 24.51501 24.51501
24.51501 24.51501 24.51501 24.51501 24.51501
24.51501 24.51501 24.51501 24.51501 24.51501
24.51501 24.51501 24.51501 24.51501 24.51501
24.51501 24.51501 24.51501 24.51501 24.51501
24.51501 24.51501 24.51501 24.51501 24.51501
24.51501 24.51501 24.51501 24.51501 24.51501
24.51501 24.51501 24.51501 24.51501 24.51501
24.51501 24.51501 24.51501 24.51501 24.51501
24.51501 24.51501 24.51501 24.51501 24.51501
24.51501 24.51501 24.51501 24.51501 24.51501
24.51501 24.51501 24.51501 24.51501 24.51501
24.51501 24.51501 24.51501 24.51501 24.51501
24.51501 24.51501 24.51501 24.51501 24.51501
24.51501 24.51501 24.51501 24.51501 24.51501
24.51501 24.51501 24.51501 24.51501 24.51501
24.46494 24.46494 24.46494 24.46494 24.46494
24.46494 24.46494 24.46494 24.46494 24.46494
24.46494 24.46494 24.46494 24.46494 24.46494
24.46494 24.46494 24.46494 24.46494 24.46494
24.46494 24.46494 24.46494 24.46494 24.46494
24.46494 24.46494 24.46494 24.46494 24.46494
24.46494 24.46494 24.46494 24.46494 24.46494
24.46494 24.46494 24.46494 24.46494 24.46494
24.46494 24.46494 24.46494 24.46494 24.46494
24.46494 24.46494 24.46494 24.46494 24.46494
24.46494 24.46494 24.46494 24.46494 24.46494
24.46494 24.46494 24.46494 24.46494 24.46494
24.46494 24.46494 24.46494 24.46494 24.46494
24.46494 24.46494 24.46494 24.46494 24.46494
24.46494 24.46494 24.46494 24.46494 24.46494
24.46494 24.46494 24.46494 24.46494 24.46494
24.46494 24.46494 24.46494 24.46494 24.46494
24.46494 24.46494 24.46494 24.46494 24.46494
24.46494 24.46494 24.46494 24.46494 24.46494
24.46494 24.46494 24.46494 24.46494 24.46494
24.41486 24.41486 24.41486 24.41486 24.41486
24.41486 24.41486 24.41486 24.41486 24.41486
24.41486 24.41486 24.41486 24.41486 24.41486
24.41486 24.41486 24.41486 24.41486 24.41486
24.41486 24.41486 24.41486 24.41486 24.41486
24.41486 24.41486 24.41486 24.41486 24.41486
24.41486 24.41486 24.41486 24.41486 24.41486
24.41486 24.41486 24.41486 24.41486 24.41486
24.41486 24.41486 24.41486 24.41486 24.41486
24.41486 24.41486 24.41486 24.41486 24.41486
24.41486 24.41486 24.41486 24.41486 24.41486
24.41486 24.41486 24.41486 24.41486 24.41486
24.41486 24.41486 24.41486 24.41486 24.41486
24.41486 24.41486 24.41486 24.41486 24.41486
24.41486 24.41486 24.41486 24.41486 24.41486
24.41486 24.41486 24.41486 24.41486 24.41486
24.41486 24.41486 24.41486 24.41486 24.41486
24.41486 24.41486 24.41486 24.41486 24.41486
24.41486 24.41486 24.41486 24.41486 24.41486
24.41486 24.41486 24.41486 24.41486 24.41486
24.3987 24.3987 24.3987 24.3987 24.3987
24.3987 24.3987 24.3987 24.3987 24.3987
24.3987 24.3987 24.3987 24.3987 24.3987
24.3987 24.3987 24.3987 24.3987 24.3987
24.3987 24.3987 24.3987 24.3987 24.3987
24.3987 24.3987 24.3987 24.3987 24.3987
24.3987 24.3987 24.3987 24.3987 24.3987
24.3987 24.3987 24.3987 24.3987 24.3987
24.3987 24.3987 24.3987 24.3987 24.3987
24.3987 24.3987 24.3987 24.3987 24.3987
24.3987 24.3987 24.3987 24.3987 24.3987
24.3987 24.3987 24.3987 24.3987 24.3987
24.3987 24.3987 24.3987 24.3987 24.3987
24.3987 24.3987 24.3987 24.3987 24.3987
24.3987 24.3987 24.3987 24.3987 24.3987
24.3987 24.3987 24.3987 24.3987 24.3987
24.3987 24.3987 24.3987 24.3987 24.3987
24.3987 24.3987 24.3987 24.3987 24.3987
24.3987 24.3987 24.3987 24.3987 24.3987
24.3987 24.3987 24.3987 24.3987 24.3987
24.38342 24.38342 24.38342 24.38342 24.38342
24.38342 24.38342 24.38342 24.38342 24.38342
24.38342 24.38342 24.38342 24.38342 24.38342
24.38342 24.38342 24.38342 24.38342 24.38342
24.38342 24.38342 24.38342 24.38342 24.38342
24.38342 24.38342 24.38342 24.38342 24.38342
24.38342 24.38342 24.38342 24.38342 24.38342
24.38342 24.38342 24.38342 24.38342 24.38342
24.38342 24.38342 24.38342 24.38342 24.38342
24.38342 24.38342 24.38342 24.38342 24.38342
24.38342 24.38342 24.38342 24.38342 24.38342
24.38342 24.38342 24.38342 24.38342 24.38342
24.38342 24.38342 24.38342 24.38342 24.38342
24.38342 24.38342 24.38342 24.38342 24.38342
24.38342 24.38342 24.38342 24.38342 24.38342
24.38342 24.38342 24.38342 24.38342 24.38342
24.38342 24.38342 24.38342 24.38342 24.38342
24.38342 24.38342 24.38342 24.38342 24.38342
24.38342 24.38342 24.38342 24.38342 24.38342
24.38342 24.38342 24.38342 24.38342 24.38342
24.36813 24.36813 24.36813 24.36813 24.36813
24.36813 24.36813 24.36813 24.36813 24.36813
24.36813 24.36813 24.36813 24.36813 24.36813
24.36813 24.36813 24.36813 24.36813 24.36813
24.36813 24.36813 24.36813 24.36813 24.36813
24.36813 24.36813 24.36813 24.36813 24.36813
24.36813 24.36813 24.36813 24.36813 24.36813
24.36813 24.36813 24.36813 24.36813 24.36813
24.36813 24.36813 24.36813 24.36813 24.36813
24.36813 24.36813 24.36813 24.36813 24.36813
24.36813 24.36813 24.36813 24.36813 24.36813
24.36813 24.36813 24.36813 24.36813 24.36813
24.36813 24.36813 24.36813 24.36813 24.36813
24.36813 24.36813 24.36813 24.36813 24.36813
24.36813 24.36813 24.36813 24.36813 24.36813
24.36813 24.36813 24.36813 24.36813 24.36813
24.36813 24.36813 24.36813 24.36813 24.36813
24.36813 24.36813 24.36813 24.36813 24.36813
24.36813 24.36813 24.36813 24.36813 24.36813
24.36813 24.36813 24.36813 24.36813 24.36813
24.35285 24.35285 24.35285 24.35285 24.35285
24.35285 24.35285 24.35285 24.35285 24.35285
24.35285 24.35285 24.35285 24.35285 24.35285
24.35285 24.35285 24.35285 24.35285 24.35285
24.35285 24.35285 24.35285 24.35285 24.35285
24.35285 24.35285 24.35285 24.35285 24.35285
24.35285 24.35285 24.35285 24.35285 24.35285
24.35285 24.35285 24.35285 24.35285 24.35285
24.35285 24.35285 24.35285 24.35285 24.35285
24.35285 24.35285 24.35285 24.35285 24.35285
24.35285 24.35285 24.35285 24.35285 24.35285
24.35285 24.35285 24.35285 24.35285 24.35285
24.35285 24.35285 24.35285 24.35285 24.35285
24.35285 24.35285 24.35285 24.35285 24.35285
24.35285 24.35285 24.35285 24.35285 24.35285
24.35285 24.35285 24.35285 24.35285 24.35285
24.35285 24.35285 24.35285 24.35285 24.35285
24.35285 24.35285 24.35285 24.35285 24.35285
24.35285 24.35285 24.35285 24.35285 24.35285
24.35285 24.35285 24.35285 24.35285 24.35285
24.33756 24.33756 24.33756 24.33756 24.33756
24.33756 24.33756 24.33756 24.33756 24.33756
24.33756 24.33756 24.33756 24.33756 24.33756
24.33756 24.33756 24.33756 24.33756 24.33756
24.33756 24.33756 24.33756 24.33756 24.33756
24.33756 24.33756 24.33756 24.33756 24.33756
24.33756 24.33756 24.33756 24.33756 24.33756
24.33756 24.33756 24.33756 24.33756 24.33756
24.33756 24.33756 24.33756 24.33756 24.33756
24.33756 24.33756 24.33756 24.33756 24.33756
24.33756 24.33756 24.33756 24.33756 24.33756
24.33756 24.33756 24.33756 24.33756 24.33756
24.33756 24.33756 24.33756 24.33756 24.33756
24.33756 24.33756 24.33756 24.33756 24.33756
24.33756 24.33756 24.33756 24.33756 24.33756
24.33756 24.33756 24.33756 24.33756 24.33756
24.33756 24.33756 24.33756 24.33756 24.33756
24.33756 24.33756 24.33756 24.33756 24.33756
24.33756 24.33756 24.33756 24.33756 24.33756
24.33756 24.33756 24.33756 24.33756 24.33756
24.32227 24.32227 24.32227 24.32227 24.32227
24.32227 24.32227 24.32227 24.32227 24.32227
24.32227 24.32227 24.32227 24.32227 24.32227
24.32227 24.32227 24.32227 24.32227 24.32227
24.32227 24.32227 24.32227 24.32227 24.32227
24.32227 24.32227 24.32227 24.32227 24.32227
24.32227 24.32227 24.32227 24.32227 24.32227
24.32227 24.32227 24.32227 24.32227 24.32227
24.32227 24.32227 24.32227 24.32227 24.32227
24.32227 24.32227 24.32227 24.32227 24.32227
24.32227 24.32227 24.32227 24.32227 24.32227
24.32227 24.32227 24.32227 24.32227 24.32227
24.32227 24.32227 24.32227 24.32227 24.32227
24.32227 24.32227 24.32227 24.32227 24.32227
24.32227 24.32227 24.32227 24.32227 24.32227
24.32227 24.32227 24.32227 24.32227 24.32227
24.32227 24.32227 24.32227 24.32227 24.32227
24.32227 24.32227 24.32227 24.32227 24.32227
24.32227 24.32227 24.32227 24.32227 24.32227
24.32227 24.32227 24.32227 24.32227 24.32227
24.30699 24.30699 24.30699 24.30699 24.30699
24.30699 24.30699 24.30699 24.30699 24.30699
24.30699 24.30699 24.30699 24.30699 24.30699
24.30699 24.30699 24.30699 24.30699 24.30699
24.30699 24.30699 24.30699 24.30699 24.30699
24.30699 24.30699 24.30699 24.30699 24.30699
24.30699 24.30699 24.30699 24.30699 24.30699
24.30699 24.30699 24.30699 24.30699 24.30699
24.30699 24.30699 24.30699 24.30699 24.30699
24.30699 24.30699 24.30699 24.30699 24.30699
24.30699 24.30699 24.30699 24.30699 24.30699
24.30699 24.30699 24.30699 24.30699 24.30699
24.30699 24.30699 24.30699 24.30699 24.30699
24.30699 24.30699 24.30699 24.30699 24.30699
24.30699 24.30699 24.30699 24.30699 24.30699
24.30699 24.30699 24.30699 24.30699 24.30699
24.30699 24.30699 24.30699 24.30699 24.30699
24.30699 24.30699 24.30699 24.30699 24.30699
24.30699 24.30699 24.30699 24.30699 24.30699
24.30699 24.30699 24.30699 24.30699 24.30699
24.2917 24.2917 24.2917 24.2917 24.2917
24.2917 24.2917 24.2917 24.2917 24.2917
24.2917 24.2917 24.2917 24.2917 24.2917
24.2917 24.2917 24.2917 24.2917 24.2917
24.2917 24.2917 24.2917 24.2917 24.2917
24.2917 24.2917 24.2917 24.2917 24.2917
24.2917 24.2917 24.2917 24.2917 24.2917
24.2917 24.2917 24.2917 24.2917 24.2917
24.2917 24.2917 24.2917 24.2917 24.2917
24.2917 24.2917 24.2917 24.2917 24.2917
24.2917 24.2917 24.2917 24.2917 24.2917
24.2917 24.2917 24.2917 24.2917 24.2917
24.2917 24.2917 24.2917 24.2917 24.2917
24.2917 24.2917 24.2917 24.2917 24.2917
24.2917 24.2917 24.2917 24.2917 24.2917
24.2917 24.2917 24.2917 24.2917 24.2917
24.2917 24.2917 24.2917 24.2917 24.2917
24.2917 24.2917 24.2917 24.2917 24.2917
24.2917 24.2917 24.2917 24.2917 24.2917
24.2917 24.2917 24.2917 24.2917 24.2917
24.27642 24.27642 24.27642 24.27642 24.27642
24.27642 24.27642 24.27642 24.27642 24.27642
24.27642 24.27642 24.27642 24.27642 24.27642
24.27642 24.27642 24.27642 24.27642 24.27642
24.27642 24.27642 24.27642 24.27642 24.27642
24.27642 24.27642 24.27642 24.27642 24.27642
24.27642 24.27642 24.27642 24.27642 24.27642
24.27642 24.27642 24.27642 24.27642 24.27642
24.27642 24.27642 24.27642 24.27642 24.27642
24.27642 24.27642 24.27642 24.27642 24.27642
24.27642 24.27642 24.27642 24.27642 24.27642
24.27642 24.27642 24.27642 24.27642 24.27642
24.27642 24.27642 24.27642 24.27642 24.27642
24.27642 24.27642 24.27642 24.27642 24.27642
24.27642 24.27642 24.27642 24.27642 24.27642
24.27642 24.27642 24.27642 24.27642 24.27642
24.27642 24.27642 24.27642 24.27642 24.27642
24.27642 24.27642 24.27642 24.27642 24.27642
24.27642 24.27642 24.27642 24.27642 24.27642
24.27642 24.27642 24.27642 24.27642 24.27642
24.26113 24.26113 24.26113 24.26113 24.26113
24.26113 24.26113 24.26113 24.26113 24.26113
24.26113 24.26113 24.26113 24.26113 24.26113
24.26113 24.26113 24.26113 24.26113 24.26113
24.26113 24.26113 24.26113 24.26113 24.26113
24.26113 24.26113 24.26113 24.26113 24.26113
24.26113 24.26113 24.26113 24.26113 24.26113
24.26113 24.26113 24.26113 24.26113 24.26113
24.26113 24.26113 24.26113 24.26113 24.26113
24.26113 24.26113 24.26113 24.26113 24.26113
24.26113 24.26113 24.26113 24.26113 24.26113
24.26113 24.26113 24.26113 24.26113 24.26113
24.26113 24.26113 24.26113 24.26113 24.26113
24.26113 24.26113 24.26113 24.26113 24.26113
24.26113 24.26113 24.26113 24.26113 24.26113
24.26113 24.26113 24.26113 24.26113 24.26113
24.26113 24.26113 24.26113 24.26113 24.26113
24.26113 24.26113 24.26113 24.26113 24.26113
24.26113 24.26113 24.26113 24.26113 24.26113
24.26113 24.26113 24.26113 24.26113 24.26113
24.24585 24.24585 24.24585 24.24585 24.24585
24.24585 24.24585 24.24585 24.24585 24.24585
24.24585 24.24585 24.24585 24.24585 24.24585
24.24585 24.24585 24.24585 24.24585 24.24585
24.24585 24.24585 24.24585 24.24585 24.24585
24.24585 24.24585 24.24585 24.24585 24.24585
24.24585 24.24585 24.24585 24.24585 24.24585
24.24585 24.24585 24.24585 24.24585 24.24585
24.24585 24.24585 24.24585 24.24585 24.24585
24.24585 24.24585 24.24585 24.24585 24.24585
24.24585 24.24585 24.24585 24.24585 24.24585
24.24585 24.24585 24.24585 24.24585 24.24585
24.24585 24.24585 24.24585 24.24585 24.24585
24.24585 24.24585 24.24585 24.24585 24.24585
24.24585 24.24585 24.24585 24.24585 24.24585
24.24585 24.24585 24.24585 24.24585 24.24585
24.24585 24.24585 24.24585 24.24585 24.24585
24.24585 24.24585 24.24585 24.24585 24.24585
24.24585 24.24585 24.24585 24.24585 24.24585
24.24585 24.24585 24.24585 24.24585 24.24585
24.23056 24.23056 24.23056 24.23056 24.23056
24.23056 24.23056 24.23056 24.23056 24.23056
24.23056 24.23056 24.23056 24.23056 24.23056
24.23056 24.23056 24.23056 24.23056 24.23056
24.23056 24.23056 24.23056 24.23056 24.23056
24.23056 24.23056 24.23056 24.23056 24.23056
24.23056 24.23056 24.23056 24.23056 24.23056
24.23056 24.23056 24.23056 24.23056 24.23056
24.23056 24.23056 24.23056 24.23056 24.23056
24.23056 24.23056 24.23056 24.23056 24.23056
24.23056 24.23056 24.23056 24.23056 24.23056
24.23056 24.23056 24.23056 24.23056 24.23056
24.23056 24.23056 24.23056 24.23056 24.23056
24.23056 24.23056 24.23056 24.23056 24.23056
24.23056 24.23056 24.23056 24.23056 24.23056
24.23056 24.23056 24.23056 24.23056 24.23056
24.23056 24.23056 24.23056 24.23056 24.23056
24.23056 24.23056 24.23056 24.23056 24.23056
24.23056 24.23056 24.23056 24.23056 24.23056
24.23056 24.23056 24.23056 24.23056 24.23056
24.21527 24.21527 24.21527 24.21527 24.21527
24.21527 24.21527 24.21527 24.21527 24.21527
24.21527 24.21527 24.21527 24.21527 24.21527
24.21527 24.21527 24.21527 24.21527 24.21527
24.21527 24.21527 24.21527 24.21527 24.21527
24.21527 24.21527 24.21527 24.21527 24.21527
24.21527 24.21527 24.21527 24.21527 24.21527
24.21527 24.21527 24.21527 24.21527 24.21527
24.21527 24.21527 24.21527 24.21527 24.21527
24.21527 24.21527 24.21527 24.21527 24.21527
24.21527 24.21527 24.21527 24.21527 24.21527
24.21527 24.21527 24.21527 24.21527 24.21527
24.21527 24.21527 24.21527 24.21527 24.21527
24.21527 24.21527 24.21527 24.21527 24.21527
24.21527 24.21527 24.21527 24.21527 24.21527
24.21527 24.21527 24.21527 24.21527 24.21527
24.21527 24.21527 24.21527 24.21527 24.21527
24.21527 24.21527 24.21527 24.21527 24.21527
24.21527 24.21527 24.21527 24.21527 24.21527
24.21527 24.21527 24.21527 24.21527 24.21527
24.19999 24.19999 24.19999 24.19999 24.19999
24.19999 24.19999 24.19999 24.19999 24.19999
24.19999 24.19999 24.19999 24.19999 24.19999
24.19999 24.19999 24.19999 24.19999 24.19999
24.19999 24.19999 24.19999 24.19999 24.19999
24.19999 24.19999 24.19999 24.19999 24.19999
24.19999 24.19999 24.19999 24.19999 24.19999
24.19999 24.19999 24.19999 24.19999 24.19999
24.19999 24.19999 24.19999 24.19999 24.19999
24.19999 24.19999 24.19999 24.19999 24.19999
24.19999 24.19999 24.19999 24.19999 24.19999
24.19999 24.19999 24.19999 24.19999 24.19999
24.19999 24.19999 24.19999 24.19999 24.19999
24.19999 24.19999 24.19999 24.19999 24.19999
24.19999 24.19999 24.19999 24.19999 24.19999
24.19999 24.19999 24.19999 24.19999 24.19999
24.19999 24.19999 24.19999 24.19999 24.19999
24.19999 24.19999 24.19999 24.19999 24.19999
24.19999 24.19999 24.19999 24.19999 24.19999
24.19999 24.19999 24.19999 24.19999 24.19999
24.1847 24.1847 24.1847 24.1847 24.1847
24.1847 24.1847 24.1847 24.1847 24.1847
24.1847 24.1847 24.1847 24.1847 24.1847
24.1847 24.1847 24.1847 24.1847 24.1847
24.1847 24.1847 24.1847 24.1847 24.1847
24.1847 24.1847 24.1847 24.1847 24.1847
24.1847 24.1847 24.1847 24.1847 24.1847
24.1847 24.1847 24.1847 24.1847 24.1847
24.1847 24.1847 24.1847 24.1847 24.1847
24.1847 24.1847 24.1847 24.1847 24.1847
24.1847 24.1847 24.1847 24.1847 24.1847
24.1847 24.1847 24.1847 24.1847 24.1847
24.1847 24.1847 24.1847 24.1847 24.1847
24.1847 24.1847 24.1847 24.1847 24.1847
24.1847 24.1847 24.1847 24.1847 24.1847
24.1847 24.1847 24.1847 24.1847 24.1847
24.1847 24.1847 24.1847 24.1847 24.1847
24.1847 24.1847 24.1847 24.1847 24.1847
24.1847 24.1847 24.1847 24.1847 24.1847
24.1847 24.1847 24.1847 24.1847 24.1847
24.16942 24.16942 24.16942 24.16942 24.16942
24.16942 24.16942 24.16942 24.16942 24.16942
24.16942 24.16942 24.16942 24.16942 24.16942
24.16942 24.16942 24.16942 24.16942 24.16942
24.16942 24.16942 24.16942 24.16942 24.16942
24.16942 24.16942 24.16942 24.16942 24.16942
24.16942 24.16942 24.16942 24.16942 24.16942
24.16942 24.16942 24.16942 24.16942 24.16942
24.16942 24.16942 24.16942 24.16942 24.16942
24.16942 24.16942 24.16942 24.16942 24.16942
24.16942 24.16942 24.16942 24.16942 24.16942
24.16942 24.16942 24.16942 24.16942 24.16942
24.16942 24.16942 24.16942 24.16942 24.16942
24.16942 24.16942 24.16942 24.16942 24.16942
24.16942 24.16942 24.16942 24.16942 24.16942
24.16942 24.16942 24.16942 24.16942 24.16942
24.16942 24.16942 24.16942 24.16942 24.16942
24.16942 24.16942 24.16942 24.16942 24.16942
24.16942 24.16942 24.16942 24.16942 24.16942
24.16942 24.16942 24.16942 24.16942 24.16942
24.15413 24.15413 24.15413 24.15413 24.15413
24.15413 24.15413 24.15413 24.15413 24.15413
24.15413 24.15413 24.15413 24.15413 24.15413
24.15413 24.15413 24.15413 24.15413 24.15413
24.15413 24.15413 24.15413 24.15413 24.15413
24.15413 24.15413 24.15413 24.15413 24.15413
24.15413 24.15413 24.15413 24.15413 24.15413
24.15413 24.15413 24.15413 24.15413 24.15413
24.15413 24.15413 24.15413 24.15413 24.15413
24.15413 24.15413 24.15413 24.15413 24.15413
24.15413 24.15413 24.15413 24.15413 24.15413
24.15413 24.15413 24.15413 24.15413 24.15413
24.15413 24.15413 24.15413 24.15413 24.15413
24.15413 24.15413 24.15413 24.15413 24.15413
24.15413 24.15413 24.15413 24.15413 24.15413
24.15413 24.15413 24.15413 24.15413 24.15413
24.15413 24.15413 24.15413 24.15413 24.15413
24.15413 24.15413 24.15413 24.15413 24.15413
24.15413 24.15413 24.15413 24.15413 24.15413
24.15413 24.15413 24.15413 24.15413 24.15413
24.13885 24.13885 24.13885 24.13885 24.13885
24.13885 24.13885 24.13885 24.13885 24.13885
24.13885 24.13885 24.13885 24.13885 24.13885
24.13885 24.13885 24.13885 24.13885 24.13885
24.13885 24.13885 24.13885 24.13885 24.13885
24.13885 24.13885 24.13885 24.13885 24.13885
24.13885 24.13885 24.13885 24.13885 24.13885
24.13885 24.13885 24.13885 24.13885 24.13885
24.13885 24.13885 24.13885 24.13885 24.13885
24.13885 24.13885 24.13885 24.13885 24.13885
24.13885 24.13885 24.13885 24.13885 24.13885
24.13885 24.13885 24.13885 24.13885 24.13885
24.13885 24.13885 24.13885 24.13885 24.13885
24.13885 24.13885 24.13885 24.13885 24.13885
24.13885 24.13885 24.13885 24.13885 24.13885
24.13885 24.13885 24.13885 24.13885 24.13885
24.13885 24.13885 24.13885 24.13885 24.13885
24.13885 24.13885 24.13885 24.13885 24.13885
24.13885 24.13885 24.13885 24.13885 24.13885
24.13885 24.13885 24.13885 24.13885 24.13885
24.12356 24.12356 24.12356 24.12356 24.12356
24.12356 24.12356 24.12356 24.12356 24.12356
24.12356 24.12356 24.12356 24.12356 24.12356
24.12356 24.12356 24.12356 24.12356 24.12356
24.12356 24.12356 24.12356 24.12356 24.12356
24.12356 24.12356 24.12356 24.12356 24.12356
24.12356 24.12356 24.12356 24.12356 24.12356
24.12356 24.12356 24.12356 24.12356 24.12356
24.12356 24.12356 24.12356 24.12356 24.12356
24.12356 24.12356 24.12356 24.12356 24.12356
24.12356 24.12356 24.12356 24.12356 24.12356
24.12356 24.12356 24.12356 24.12356 24.12356
24.12356 24.12356 24.12356 24.12356 24.12356
24.12356 24.12356 24.12356 24.12356 24.12356
24.12356 24.12356 24.12356 24.12356 24.12356
24.12356 24.12356 24.12356 24.12356 24.12356
24.12356 24.12356 24.12356 24.12356 24.12356
24.12356 24.12356 24.12356 24.12356 24.12356
24.12356 24.12356 24.12356 24.12356 24.12356
24.12356 24.12356 24.12356 24.12356 24.12356
24.10828 24.10828 24.10828 24.10828 24.10828
24.10828 24.10828 24.10828 24.10828 24.10828
24.10828 24.10828 24.10828 24.10828 24.10828
24.10828 24.10828 24.10828 24.10828 24.10828
24.10828 24.10828 24.10828 24.10828 24.10828
24.10828 24.10828 24.10828 24.10828 24.10828
24.10828 24.10828 24.10828 24.10828 24.10828
24.10828 24.10828 24.10828 24.10828 24.10828
24.10828 24.10828 24.10828 24.10828 24.10828
24.10828 24.10828 24.10828 24.10828 24.10828
24.10828 24.10828 24.10828 24.10828 24.10828
24.10828 24.10828 24.10828 24.10828 24.10828
24.10828 24.10828 24.10828 24.10828 24.10828
24.10828 24.10828 24.10828 24.10828 24.10828
24.10828 24.10828 24.10828 24.10828 24.10828
24.10828 24.10828 24.10828 24.10828 24.10828
24.10828 24.10828 24.10828 24.10828 24.10828
24.10828 24.10828 24.10828 24.10828 24.10828
24.10828 24.10828 24.10828 24.10828 24.10828
24.10828 24.10828 24.10828 24.10828 24.10828
24.09299 24.09299 24.09299 24.09299 24.09299
24.09299 24.09299 24.09299 24.09299 24.09299
24.09299 24.09299 24.09299 24.09299 24.09299
24.09299 24.09299 24.09299 24.09299 24.09299
24.09299 24.09299 24.09299 24.09299 24.09299
24.09299 24.09299 24.09299 24.09299 24.09299
24.09299 24.09299 24.09299 24.09299 24.09299
24.09299 24.09299 24.09299 24.09299 24.09299
24.09299 24.09299 24.09299 24.09299 24.09299
24.09299 24.09299 24.09299 24.09299 24.09299
24.09299 24.09299 24.09299 24.09299 24.09299
24.09299 24.09299 24.09299 24.09299 24.09299
24.09299 24.09299 24.09299 24.09299 24.09299
24.09299 24.09299 24.09299 24.09299 24.09299
24.09299 24.09299 24.09299 24.09299 24.09299
24.09299 24.09299 24.09299 24.09299 24.09299
24.09299 24.09299 24.09299 24.09299 24.09299
24.09299 24.09299 24.09299 24.09299 24.09299
24.09299 24.09299 24.09299 24.09299 24.09299
24.09299 24.09299 24.09299 24.09299 24.09299
24.0777 24.0777 24.0777 24.0777 24.0777
24.0777 24.0777 24.0777 24.0777 24.0777
24.0777 24.0777 24.0777 24.0777 24.0777
24.0777 24.0777 24.0777 24.0777 24.0777
24.0777 24.0777 24.0777 24.0777 24.0777
24.0777 24.0777 24.0777 24.0777 24.0777
24.0777 24.0777 24.0777 24.0777 24.0777
24.0777 24.0777 24.0777 24.0777 24.0777
24.0777 24.0777 24.0777 24.0777 24.0777
24.0777 24.0777 24.0777 24.0777 24.0777
24.0777 24.0777 24.0777 24.0777 24.0777
24.0777 24.0777 24.0777 24.0777 24.0777
24.0777 24.0777 24.0777 24.0777 24.0777
24.0777 24.0777 24.0777 24.0777 24.0777
24.0777 24.0777 24.0777 24.0777 24.0777
24.0777 24.0777 24.0777 24.0777 24.0777
24.0777 24.0777 24.0777 24.0777 24.0777
24.0777 24.0777 24.0777 24.0777 24.0777
24.0777 24.0777 24.0777 24.0777 24.0777
24.0777 24.0777 24.0777 24.0777 24.0777
24.06242 24.06242 24.06242 24.06242 24.06242
24.06242 24.06242 24.06242 24.06242 24.06242
24.06242 24.06242 24.06242 24.06242 24.06242
24.06242 24.06242 24.06242 24.06242 24.06242
24.06242 24.06242 24.06242 24.06242 24.06242
24.06242 24.06242 24.06242 24.06242 24.06242
24.06242 24.06242 24.06242 24.06242 24.06242
24.06242 24.06242 24.06242 24.06242 24.06242
24.06242 24.06242 24.06242 24.06242 24.06242
24.06242 24.06242 24.06242 24.06242 24.06242
24.06242 24.06242 24.06242 24.06242 24.06242
24.06242 24.06242 24.06242 24.06242 24.06242
24.06242 24.06242 24.06242 24.06242 24.06242
24.06242 24.06242 24.06242 24.06242 24.06242
24.06242 24.06242 24.06242 24.06242 24.06242
24.06242 24.06242 24.06242 24.06242 24.06242
24.06242 24.06242 24.06242 24.06242 24.06242
24.06242 24.06242 24.06242 24.06242 24.06242
24.06242 24.06242 24.06242 24.06242 24.06242
24.06242 24.06242 24.06242 24.06242 24.06242
24.04713 24.04713 24.04713 24.04713 24.04713
24.04713 24.04713 24.04713 24.04713 24.04713
24.04713 24.04713 24.04713 24.04713 24.04713
24.04713 24.04713 24.04713 24.04713 24.04713
24.04713 24.04713 24.04713 24.04713 24.04713
24.04713 24.04713 24.04713 24.04713 24.04713
24.04713 24.04713 24.04713 24.04713 24.04713
24.04713 24.04713 24.04713 24.04713 24.04713
24.04713 24.04713 24.04713 24.04713 24.04713
24.04713 24.04713 24.04713 24.04713 24.04713
24.04713 24.04713 24.04713 24.04713 24.04713
24.04713 24.04713 24.04713 24.04713 24.04713
24.04713 24.04713 24.04713 24.04713 24.04713
24.04713 24.04713 24.04713 24.04713 24.04713
24.04713 24.04713 24.04713 24.04713 24.04713
24.04713 24.04713 24.04713 24.04713 24.04713
24.04713 24.04713 24.04713 24.04713 24.04713
24.04713 24.04713 24.04713 24.04713 24.04713
24.04713 24.04713 24.04713 24.04713 24.04713
24.04713 24.04713 24.04713 24.04713 24.04713
24.03185 24.03185 24.03185 24.03185 24.03185
24.03185 24.03185 24.03185 24.03185 24.03185
24.03185 24.03185 24.03185 24.03185 24.03185
24.03185 24.03185 24.03185 24.03185 24.03185
24.03185 24.03185 24.03185 24.03185 24.03185
24.03185 24.03185 24.03185 24.03185 24.03185
24.03185 24.03185 24.03185 24.03185 24.03185
24.03185 24.03185 24.03185 24.03185 24.03185
24.03185 24.03185 24.03185 24.03185 24.03185
24.03185 24.03185 24.03185 24.03185 24.03185
24.03185 24.03185 24.03185 24.03185 24.03185
24.03185 24.03185 24.03185 24.03185 24.03185
24.03185 24.03185 24.03185 24.03185 24.03185
24.03185 24.03185 24.03185 24.03185 24.03185
24.03185 24.03185 24.03185 24.03185 24.03185
24.03185 24.03185 24.03185 24.03185 24.03185
24.03185 24.03185 24.03185 24.03185 24.03185
24.03185 24.03185 24.03185 24.03185 24.03185
24.03185 24.03185 24.03185 24.03185 24.03185
24.03185 24.03185 24.03185 24.03185 24.03185
24.01656 24.01656 24.01656 24.01656 24.01656
24.01656 24.01656 24.01656 24.01656 24.01656
24.01656 24.01656 24.01656 24.01656 24.01656
24.01656 24.01656 24.01656 24.01656 24.01656
24.01656 24.01656 24.01656 24.01656 24.01656
24.01656 24.01656 24.01656 24.01656 24.01656
24.01656 24.01656 24.01656 24.01656 24.01656
24.01656 24.01656 24.01656 24.01656 24.01656
24.01656 24.01656 24.01656 24.01656 24.01656
24.01656 24.01656 24.01656 24.01656 24.01656
24.01656 24.01656 24.01656 24.01656 24.01656
24.01656 24.01656 24.01656 24.01656 24.01656
24.01656 24.01656 24.01656 24.01656 24.01656
24.01656 24.01656 24.01656 24.01656 24.01656
24.01656 24.01656 24.01656 24.01656 24.01656
24.01656 24.01656 24.01656 24.01656 24.01656
24.01656 24.01656 24.01656 24.01656 24.01656
24.01656 24.01656 24.01656 24.01656 24.01656
24.01656 24.01656 24.01656 24.01656 24.01656
24.01656 24.01656 24.01656 24.01656 24.01656
24.00128 24.00128 24.00128 24.00128 24.00128
24.00128 24.00128 24.00128 24.00128 24.00128
24.00128 24.00128 24.00128 24.00128 24.00128
24.00128 24.00128 24.00128 24.00128 24.00128
24.00128 24.00128 24.00128 24.00128 24.00128
24.00128 24.00128 24.00128 24.00128 24.00128
24.00128 24.00128 24.00128 24.00128 24.00128
24.00128 24.00128 24.00128 24.00128 24.00128
24.00128 24.00128 24.00128 24.00128 24.00128
24.00128 24.00128 24.00128 24.00128 24.00128
24.00128 24.00128 24.00128 24.00128 24.00128
24.00128 24.00128 24.00128 24.00128 24.00128
24.00128 24.00128 24.00128 24.00128 24.00128
24.00128 24.00128 24.00128 24.00128 24.00128
24.00128 24.00128 24.00128 24.00128 24.00128
24.00128 24.00128 24.00128 24.00128 24.00128
24.00128 24.00128 24.00128 24.00128 24.00128
24.00128 24.00128 24.00128 24.00128 24.00128
24.00128 24.00128 24.00128 24.00128 24.00128
24.00128 24.00128 24.00128 24.00128 24.00128
23.98599 23.98599 23.98599 23.98599 23.98599
23.98599 23.98599 23.98599 23.98599 23.98599
23.98599 23.98599 23.98599 23.98599 23.98599
23.98599 23.98599 23.98599 23.98599 23.98599
23.98599 23.98599 23.98599 23.98599 23.98599
23.98599 23.98599 23.98599 23.98599 23.98599
23.98599 23.98599 23.98599 23.98599 23.98599
23.98599 23.98599 23.98599 23.98599 23.98599
23.98599 23.98599 23.98599 23.98599 23.98599
23.98599 23.98599 23.98599 23.98599 23.98599
23.98599 23.98599 23.98599 23.98599 23.98599
23.98599 23.98599 23.98599 23.98599 23.98599
23.98599 23.98599 23.98599 23.98599 23.98599
23.98599 23.98599 23.98599 23.98599 23.98599
23.98599 23.98599 23.98599 23.98599 23.98599
23.98599 23.98599 23.98599 23.98599 23.98599
23.98599 23.98599 23.98599 23.98599 23.98599
23.98599 23.98599 23.98599 23.98599 23.98599
23.98599 23.98599 23.98599 23.98599 23.98599
23.98599 23.98599 23.98599 23.98599 23.98599
23.9707 23.9707 23.9707 23.9707 23.9707
23.9707 23.9707 23.9707 23.9707 23.9707
23.9707 23.9707 23.9707 23.9707 23.9707
23.9707 23.9707 23.9707 23.9707 23.9707
23.9707 23.9707 23.9707 23.9707 23.9707
23.9707 23.9707 23.9707 23.9707 23.9707
23.9707 23.9707 23.9707 23.9707 23.9707
23.9707 23.9707 23.9707 23.9707 23.9707
23.9707 23.9707 23.9707 23.9707 23.9707
23.9707 23.9707 23.9707 23.9707 23.9707
23.9707 23.9707 23.9707 23.9707 23.9707
23.9707 23.9707 23.9707 23.9707 23.9707
23.9707 23.9707 23.9707 23.9707 23.9707
23.9707 23.9707 23.9707 23.9707 23.9707
23.9707 23.9707 23.9707 23.9707 23.9707
23.9707 23.9707 23.9707 23.9707 23.9707
23.9707 23.9707 23.9707 23.9707 23.9707
23.9707 23.9707 23.9707 23.9707 23.9707
23.9707 23.9707 23.9707 23.9707 23.9707
23.9707 23.9707 23.9707 23.9707 23.9707
23.95542 23.95542 23.95542 23.95542 23.95542
23.95542 23.95542 23.95542 23.95542 23.95542
23.95542 23.95542 23.95542 23.95542 23.95542
23.95542 23.95542 23.95542 23.95542 23.95542
23.95542 23.95542 23.95542 23.95542 23.95542
23.95542 23.95542 23.95542 23.95542 23.95542
23.95542 23.95542 23.95542 23.95542 23.95542
23.95542 23.95542 23.95542 23.95542 23.95542
23.95542 23.95542 23.95542 23.95542 23.95542
23.95542 23.95542 23.95542 23.95542 23.95542
23.95542 23.95542 23.95542 23.95542 23.95542
23.95542 23.95542 23.95542 23.95542 23.95542
23.95542 23.95542 23.95542 23.95542 23.95542
23.95542 23.95542 23.95542 23.95542 23.95542
23.95542 23.95542 23.95542 23.95542 23.95542
23.95542 23.95542 23.95542 23.95542 23.95542
23.95542 23.95542 23.95542 23.95542 23.95542
23.95542 23.95542 23.95542 23.95542 23.95542
23.95542 23.95542 23.95542 23.95542 23.95542
23.95542 23.95542 23.95542 23.95542 23.95542
23.94013 23.94013 23.94013 23.94013 23.94013
23.94013 23.94013 23.94013 23.94013 23.94013
23.94013 23.94013 23.94013 23.94013 23.94013
23.94013 23.94013 23.94013 23.94013 23.94013
23.94013 23.94013 23.94013 23.94013 23.94013
23.94013 23.94013 23.94013 23.94013 23.94013
23.94013 23.94013 23.94013 23.94013 23.94013
23.94013 23.94013 23.94013 23.94013 23.94013
23.94013 23.94013 23.94013 23.94013 23.94013
23.94013 23.94013 23.94013 23.94013 23.94013
23.94013 23.94013 23.94013 23.94013 23.94013
23.94013 23.94013 23.94013 23.94013 23.94013
23.94013 23.94013 23.94013 23.94013 23.94013
23.94013 23.94013 23.94013 23.94013 23.94013
23.94013 23.94013 23.94013 23.94013 23.94013
23.94013 23.94013 23.94013 23.94013 23.94013
23.94013 23.94013 23.94013 23.94013 23.94013
23.94013 23.94013 23.94013 23.94013 23.94013
23.94013 23.94013 23.94013 23.94013 23.94013
23.94013 23.94013 23.94013 23.94013 23.94013
23.92485 23.92485 23.92485 23.92485 23.92485
23.92485 23.92485 23.92485 23.92485 23.92485
23.92485 23.92485 23.92485 23.92485 23.92485
23.92485 23.92485 23.92485 23.92485 23.92485
23.92485 23.92485 23.92485 23.92485 23.92485
23.92485 23.92485 23.92485 23.92485 23.92485
23.92485 23.92485 23.92485 23.92485 23.92485
23.92485 23.92485 23.92485 23.92485 23.92485
23.92485 23.92485 23.92485 23.92485 23.92485
23.92485 23.92485 23.92485 23.92485 23.92485
23.92485 23.92485 23.92485 23.92485 23.92485
23.92485 23.92485 23.92485 23.92485 23.92485
23.92485 23.92485 23.92485 23.92485 23.92485
23.92485 23.92485 23.92485 23.92485 23.92485
23.92485 23.92485 23.92485 23.92485 23.92485
23.92485 23.92485 23.92485 23.92485 23.92485
23.92485 23.92485 23.92485 23.92485 23.92485
23.92485 23.92485 23.92485 23.92485 23.92485
23.92485 23.92485 23.92485 23.92485 23.92485
23.92485 23.92485 23.92485 23.92485 23.92485
23.90956 23.90956 23.90956 23.90956 23.90956
23.90956 23.90956 23.90956 23.90956 23.90956
23.90956 23.90956 23.90956 23.90956 23.90956
23.90956 23.90956 23.90956 23.90956 23.90956
23.90956 23.90956 23.90956 23.90956 23.90956
23.90956 23.90956 23.90956 23.90956 23.90956
23.90956 23.90956 23.90956 23.90956 23.90956
23.90956 23.90956 23.90956 23.90956 23.90956
23.90956 23.90956 23.90956 23.90956 23.90956
23.90956 23.90956 23.90956 23.90956 23.90956
23.90956 23.90956 23.90956 23.90956 23.90956
23.90956 23.90956 23.90956 23.90956 23.90956
23.90956 23.90956 23.90956 23.90956 23.90956
23.90956 23.90956 23.90956 23.90956 23.90956
23.90956 23.90956 23.90956 23.90956 23.90956
23.90956 23.90956 23.90956 23.90956 23.90956
23.90956 23.90956 23.90956 23.90956 23.90956
23.90956 23.90956 23.90956 23.90956 23.90956
23.90956 23.90956 23.90956 23.90956 23.90956
23.90956 23.90956 23.90956 23.90956 23.90956
23.89428 23.89428 23.89428 23.89428 23.89428
23.89428 23.89428 23.89428 23.89428 23.89428
23.89428 23.89428 23.89428 23.89428 23.89428
23.89428 23.89428 23.89428 23.89428 23.89428
23.89428 23.89428 23.89428 23.89428 23.89428
23.89428 23.89428 23.89428 23.89428 23.89428
23.89428 23.89428 23.89428 23.89428 23.89428
23.89428 23.89428 23.89428 23.89428 23.89428
23.89428 23.89428 23.89428 23.89428 23.89428
23.89428 23.89428 23.89428 23.89428 23.89428
23.89428 23.89428 23.89428 23.89428 23.89428
23.89428 23.89428 23.89428 23.89428 23.89428
23.89428 23.89428 23.89428 23.89428 23.89428
23.89428 23.89428 23.89428 23.89428 23.89428
23.89428 23.89428 23.89428 23.89428 23.89428
23.89428 23.89428 23.89428 23.89428 23.89428
23.89428 23.89428 23.89428 23.89428 23.89428
23.89428 23.89428 23.89428 23.89428 23.89428
23.89428 23.89428 23.89428 23.89428 23.89428
23.89428 23.89428 23.89428 23.89428 23.89428
23.872 23.872 23.872 23.872 23.872
23.872 23.872 23.872 23.872 23.872
23.872 23.872 23.872 23.872 23.872
23.872 23.872 23.872 23.872 23.872
23.872 23.872 23.872 23.872 23.872
23.872 23.872 23.872 23.872 23.872
23.872 23.872 23.872 23.872 23.872
23.872 23.872 23.872 23.872 23.872
23.872 23.872 23.872 23.872 23.872
23.872 23.872 23.872 23.872 23.872
23.872 23.872 23.872 23.872 23.872
23.872 23.872 23.872 23.872 23.872
23.872 23.872 23.872 23.872 23.872
23.872 23.872 23.872 23.872 23.872
23.872 23.872 23.872 23.872 23.872
23.872 23.872 23.872 23.872 23.872
23.872 23.872 23.872 23.872 23.872
23.872 23.872 23.872 23.872 23.872
23.872 23.872 23.872 23.872 23.872
23.872 23.872 23.872 23.872 23.872
23.83521 23.83521 23.83521 23.83521 23.83521
23.83521 23.83521 23.83521 23.83521 23.83521
23.83521 23.83521 23.83521 23.83521 23.83521
23.83521 23.83521 23.83521 23.83521 23.83521
23.83521 23.83521 23.83521 23.83521 23.83521
23.83521 23.83521 23.83521 23.83521 23.83521
23.83521 23.83521 23.83521 23.83521 23.83521
23.83521 23.83521 23.83521 23.83521 23.83521
23.83521 23.83521 23.83521 23.83521 23.83521
23.83521 23.83521 23.83521 23.83521 23.83521
23.83521 23.83521 23.83521 23.83521 23.83521
23.83521 23.83521 23.83521 23.83521 23.83521
23.83521 23.83521 23.83521 23.83521 23.83521
23.83521 23.83521 23.83521 23.83521 23.83521
23.83521 23.83521 23.83521 23.83521 23.83521
23.83521 23.83521 23.83521 23.83521 23.83521
23.83521 23.83521 23.83521 23.83521 23.83521
23.83521 23.83521 23.83521 23.83521 23.83521
23.83521 23.83521 23.83521 23.83521 23.83521
23.83521 23.83521 23.83521 23.83521 23.83521
23.79842 23.79842 23.79842 23.79842 23.79842
23.79842 23.79842 23.79842 23.79842 23.79842
23.79842 23.79842 23.79842 23.79842 23.79842
23.79842 23.79842 23.79842 23.79842 23.79842
23.79842 23.79842 23.79842 23.79842 23.79842
23.79842 23.79842 23.79842 23.79842 23.79842
23.79842 23.79842 23.79842 23.79842 23.79842
23.79842 23.79842 23.79842 23.79842 23.79842
23.79842 23.79842 23.79842 23.79842 23.79842
23.79842 23.79842 23.79842 23.79842 23.79842
23.79842 23.79842 23.79842 23.79842 23.79842
23.79842 23.79842 23.79842 23.79842 23.79842
23.79842 23.79842 23.79842 23.79842 23.79842
23.79842 23.79842 23.79842 23.79842 23.79842
23.79842 23.79842 23.79842 23.79842 23.79842
23.79842 23.79842 23.79842 23.79842 23.79842
23.79842 23.79842 23.79842 23.79842 23.79842
23.79842 23.79842 23.79842 23.79842 23.79842
23.79842 23.79842 23.79842 23.79842 23.79842
23.79842 23.79842 23.79842 23.79842 23.79842
23.76163 23.76163 23.76163 23.76163 23.76163
23.76163 23.76163 23.76163 23.76163 23.76163
23.76163 23.76163 23.76163 23.76163 23.76163
23.76163 23.76163 23.76163 23.76163 23.76163
23.76163 23.76163 23.76163 23.76163 23.76163
23.76163 23.76163 23.76163 23.76163 23.76163
23.76163 23.76163 23.76163 23.76163 23.76163
23.76163 23.76163 23.76163 23.76163 23.76163
23.76163 23.76163 23.76163 23.76163 23.76163
23.76163 23.76163 23.76163 23.76163 23.76163
23.76163 23.76163 23.76163 23.76163 23.76163
23.76163 23.76163 23.76163 23.76163 23.76163
23.76163 23.76163 23.76163 23.76163 23.76163
23.76163 23.76163 23.76163 23.76163 23.76163
23.76163 23.76163 23.76163 23.76163 23.76163
23.76163 23.76163 23.76163 23.76163 23.76163
23.76163 23.76163 23.76163 23.76163 23.76163
23.76163 23.76163 23.76163 23.76163 23.76163
23.76163 23.76163 23.76163 23.76163 23.76163
23.76163 23.76163 23.76163 23.76163 23.76163
23.72485 23.72485 23.72485 23.72485 23.72485
23.72485 23.72485 23.72485 23.72485 23.72485
23.72485 23.72485 23.72485 23.72485 23.72485
23.72485 23.72485 23.72485 23.72485 23.72485
23.72485 23.72485 23.72485 23.72485 23.72485
23.72485 23.72485 23.72485 23.72485 23.72485
23.72485 23.72485 23.72485 23.72485 23.72485
23.72485 23.72485 23.72485 23.72485 23.72485
23.72485 23.72485 23.72485 23.72485 23.72485
23.72485 23.72485 23.72485 23.72485 23.72485
23.72485 23.72485 23.72485 23.72485 23.72485
23.72485 23.72485 23.72485 23.72485 23.72485
23.72485 23.72485 23.72485 23.72485 23.72485
23.72485 23.72485 23.72485 23.72485 23.72485
23.72485 23.72485 23.72485 23.72485 23.72485
23.72485 23.72485 23.72485 23.72485 23.72485
23.72485 23.72485 23.72485 23.72485 23.72485
23.72485 23.72485 23.72485 23.72485 23.72485
23.72485 23.72485 23.72485 23.72485 23.72485
23.72485 23.72485 23.72485 23.72485 23.72485
23.68806 23.68806 23.68806 23.68806 23.68806
23.68806 23.68806 23.68806 23.68806 23.68806
23.68806 23.68806 23.68806 23.68806 23.68806
23.68806 23.68806 23.68806 23.68806 23.68806
23.68806 23.68806 23.68806 23.68806 23.68806
23.68806 23.68806 23.68806 23.68806 23.68806
23.68806 23.68806 23.68806 23.68806 23.68806
23.68806 23.68806 23.68806 23.68806 23.68806
23.68806 23.68806 23.68806 23.68806 23.68806
23.68806 23.68806 23.68806 23.68806 23.68806
23.68806 23.68806 23.68806 23.68806 23.68806
23.68806 23.68806 23.68806 23.68806 23.68806
23.68806 23.68806 23.68806 23.68806 23.68806
23.68806 23.68806 23.68806 23.68806 23.68806
23.68806 23.68806 23.68806 23.68806 23.68806
23.68806 23.68806 23.68806 23.68806 23.68806
23.68806 23.68806 23.68806 23.68806 23.68806
23.68806 23.68806 23.68806 23.68806 23.68806
23.68806 23.68806 23.68806 23.68806 23.68806
23.68806 23.68806 23.68806 23.68806 23.68806
23.65127 23.65127 23.65127 23.65127 23.65127
23.65127 23.65127 23.65127 23.65127 23.65127
23.65127 23.65127 23.65127 23.65127 23.65127
23.65127 23.65127 23.65127 23.65127 23.65127
23.65127 23.65127 23.65127 23.65127 23.65127
23.65127 23.65127 23.65127 23.65127 23.65127
23.65127 23.65127 23.65127 23.65127 23.65127
23.65127 23.65127 23.65127 23.65127 23.65127
23.65127 23.65127 23.65127 23.65127 23.65127
23.65127 23.65127 23.65127 23.65127 23.65127
23.65127 23.65127 23.65127 23.65127 23.65127
23.65127 23.65127 23.65127 23.65127 23.65127
23.65127 23.65127 23.65127 23.65127 23.65127
23.65127 23.65127 23.65127 23.65127 23.65127
23.65127 23.65127 23.65127 23.65127 23.65127
23.65127 23.65127 23.65127 23.65127 23.65127
23.65127 23.65127 23.65127 23.65127 23.65127
23.65127 23.65127 23.65127 23.65127 23.65127
23.65127 23.65127 23.65127 23.65127 23.65127
23.65127 23.65127 23.65127 23.65127 23.65127
23.61448 23.61448 23.61448 23.61448 23.61448
23.61448 23.61448 23.61448 23.61448 23.61448
23.61448 23.61448 23.61448 23.61448 23.61448
23.61448 23.61448 23.61448 23.61448 23.61448
23.61448 23.61448 23.61448 23.61448 23.61448
23.61448 23.61448 23.61448 23.61448 23.61448
23.61448 23.61448 23.61448 23.61448 23.61448
23.61448 23.61448 23.61448 23.61448 23.61448
23.61448 23.61448 23.61448 23.61448 23.61448
23.61448 23.61448 23.61448 23.61448 23.61448
23.61448 23.61448 23.61448 23.61448 23.61448
23.61448 23.61448 23.61448 23.61448 23.61448
23.61448 23.61448 23.61448 23.61448 23.61448
23.61448 23.61448 23.61448 23.61448 23.61448
23.61448 23.61448 23.61448 23.61448 23.61448
23.61448 23.61448 23.61448 23.61448 23.61448
23.61448 23.61448 23.61448 23.61448 23.61448
23.61448 23.61448 23.61448 23.61448 23.61448
23.61448 23.61448 23.61448 23.61448 23.61448
23.61448 23.61448 23.61448 23.61448 23.61448
23.57769 23.57769 23.57769 23.57769 23.57769
23.57769 23.57769 23.57769 23.57769 23.57769
23.57769 23.57769 23.57769 23.57769 23.57769
23.57769 23.57769 23.57769 23.57769 23.57769
23.57769 23.57769 23.57769 23.57769 23.57769
23.57769 23.57769 23.57769 23.57769 23.57769
23.57769 23.57769 23.57769 23.57769 23.57769
23.57769 23.57769 23.57769 23.57769 23.57769
23.57769 23.57769 23.57769 23.57769 23.57769
23.57769 23.57769 23.57769 23.57769 23.57769
23.57769 23.57769 23.57769 23.57769 23.57769
23.57769 23.57769 23.57769 23.57769 23.57769
23.57769 23.57769 23.57769 23.57769 23.57769
23.57769 23.57769 23.57769 23.57769 23.57769
23.57769 23.57769 23.57769 23.57769 23.57769
23.57769 23.57769 23.57769 23.57769 23.57769
23.57769 23.57769 23.57769 23.57769 23.57769
23.57769 23.57769 23.57769 23.57769 23.57769
23.57769 23.57769 23.57769 23.57769 23.57769
23.57769 23.57769 23.57769 23.57769 23.57769
23.5409 23.5409 23.5409 23.5409 23.5409
23.5409 23.5409 23.5409 23.5409 23.5409
23.5409 23.5409 23.5409 23.5409 23.5409
23.5409 23.5409 23.5409 23.5409 23.5409
23.5409 23.5409 23.5409 23.5409 23.5409
23.5409 23.5409 23.5409 23.5409 23.5409
23.5409 23.5409 23.5409 23.5409 23.5409
23.5409 23.5409 23.5409 23.5409 23.5409
23.5409 23.5409 23.5409 23.5409 23.5409
23.5409 23.5409 23.5409 23.5409 23.5409
23.5409 23.5409 23.5409 23.5409 23.5409
23.5409 23.5409 23.5409 23.5409 23.5409
23.5409 23.5409 23.5409 23.5409 23.5409
23.5409 23.5409 23.5409 23.5409 23.5409
23.5409 23.5409 23.5409 23.5409 23.5409
23.5409 23.5409 23.5409 23.5409 23.5409
23.5409 23.5409 23.5409 23.5409 23.5409
23.5409 23.5409 23.5409 23.5409 23.5409
23.5409 23.5409 23.5409 23.5409 23.5409
23.5409 23.5409 23.5409 23.5409 23.5409
23.50411 23.50411 23.50411 23.50411 23.50411
23.50411 23.50411 23.50411 23.50411 23.50411
23.50411 23.50411 23.50411 23.50411 23.50411
23.50411 23.50411 23.50411 23.50411 23.50411
23.50411 23.50411 23.50411 23.50411 23.50411
23.50411 23.50411 23.50411 23.50411 23.50411
23.50411 23.50411 23.50411 23.50411 23.50411
23.50411 23.50411 23.50411 23.50411 23.50411
23.50411 23.50411 23.50411 23.50411 23.50411
23.50411 23.50411 23.50411 23.50411 23.50411
23.50411 23.50411 23.50411 23.50411 23.50411
23.50411 23.50411 23.50411 23.50411 23.50411
23.50411 23.50411 23.50411 23.50411 23.50411
23.50411 23.50411 23.50411 23.50411 23.50411
23.50411 23.50411 23.50411 23.50411 23.50411
23.50411 23.50411 23.50411 23.50411 23.50411
23.50411 23.50411 23.50411 23.50411 23.50411
23.50411 23.50411 23.50411 23.50411 23.50411
23.50411 23.50411 23.50411 23.50411 23.50411
23.50411 23.50411 23.50411 23.50411 23.50411
23.46732 23.46732 23.46732 23.46732 23.46732
23.46732 23.46732 23.46732 23.46732 23.46732
23.46732 23.46732 23.46732 23.46732 23.46732
23.46732 23.46732 23.46732 23.46732 23.46732
23.46732 23.46732 23.46732 23.46732 23.46732
23.46732 23.46732 23.46732 23.46732 23.46732
23.46732 23.46732 23.46732 23.46732 23.46732
23.46732 23.46732 23.46732 23.46732 23.46732
23.46732 23.46732 23.46732 23.46732 23.46732
23.46732 23.46732 23.46732 23.46732 23.46732
23.46732 23.46732 23.46732 23.46732 23.46732
23.46732 23.46732 23.46732 23.46732 23.46732
23.46732 23.46732 23.46732 23.46732 23.46732
23.46732 23.46732 23.46732 23.46732 23.46732
23.46732 23.46732 23.46732 23.46732 23.46732
23.46732 23.46732 23.46732 23.46732 23.46732
23.46732 23.46732 23.46732 23.46732 23.46732
23.46732 23.46732 23.46732 23.46732 23.46732
23.46732 23.46732 23.46732 23.46732 23.46732
23.46732 23.46732 23.46732 23.46732 23.46732
23.43054 23.43054 23.43054 23.43054 23.43054
23.43054 23.43054 23.43054 23.43054 23.43054
23.43054 23.43054 23.43054 23.43054 23.43054
23.43054 23.43054 23.43054 23.43054 23.43054
23.43054 23.43054 23.43054 23.43054 23.43054
23.43054 23.43054 23.43054 23.43054 23.43054
23.43054 23.43054 23.43054 23.43054 23.43054
23.43054 23.43054 23.43054 23.43054 23.43054
23.43054 23.43054 23.43054 23.43054 23.43054
23.43054 23.43054 23.43054 23.43054 23.43054
23.43054 23.43054 23.43054 23.43054 23.43054
23.43054 23.43054 23.43054 23.43054 23.43054
23.43054 23.43054 23.43054 23.43054 23.43054
23.43054 23.43054 23.43054 23.43054 23.43054
23.43054 23.43054 23.43054 23.43054 23.43054
23.43054 23.43054 23.43054 23.43054 23.43054
23.43054 23.43054 23.43054 23.43054 23.43054
23.43054 23.43054 23.43054 23.43054 23.43054
23.43054 23.43054 23.43054 23.43054 23.43054
23.43054 23.43054 23.43054 23.43054 23.43054
23.39375 23.39375 23.39375 23.39375 23.39375
23.39375 23.39375 23.39375 23.39375 23.39375
23.39375 23.39375 23.39375 23.39375 23.39375
23.39375 23.39375 23.39375 23.39375 23.39375
23.39375 23.39375 23.39375 23.39375 23.39375
23.39375 23.39375 23.39375 23.39375 23.39375
23.39375 23.39375 23.39375 23.39375 23.39375
23.39375 23.39375 23.39375 23.39375 23.39375
23.39375 23.39375 23.39375 23.39375 23.39375
23.39375 23.39375 23.39375 23.39375 23.39375
23.39375 23.39375 23.39375 23.39375 23.39375
23.39375 23.39375 23.39375 23.39375 23.39375
23.39375 23.39375 23.39375 23.39375 23.39375
23.39375 23.39375 23.39375 23.39375 23.39375
23.39375 23.39375 23.39375 23.39375 23.39375
23.39375 23.39375 23.39375 23.39375 23.39375
23.39375 23.39375 23.39375 23.39375 23.39375
23.39375 23.39375 23.39375 23.39375 23.39375
23.39375 23.39375 23.39375 23.39375 23.39375
23.39375 23.39375 23.39375 23.39375 23.39375
23.35696 23.35696 23.35696 23.35696 23.35696
23.35696 23.35696 23.35696 23.35696 23.35696
23.35696 23.35696 23.35696 23.35696 23.35696
23.35696 23.35696 23.35696 23.35696 23.35696
23.35696 23.35696 23.35696 23.35696 23.35696
23.35696 23.35696 23.35696 23.35696 23.35696
23.35696 23.35696 23.35696 23.35696 23.35696
23.35696 23.35696 23.35696 23.35696 23.35696
23.35696 23.35696 23.35696 23.35696 23.35696
23.35696 23.35696 23.35696 23.35696 23.35696
23.35696 23.35696 23.35696 23.35696 23.35696
23.35696 23.35696 23.35696 23.35696 23.35696
23.35696 23.35696 23.35696 23.35696 23.35696
23.35696 23.35696 23.35696 23.35696 23.35696
23.35696 23.35696 23.35696 23.35696 23.35696
23.35696 23.35696 23.35696 23.35696 23.35696
23.35696 23.35696 23.35696 23.35696 23.35696
23.35696 23.35696 23.35696 23.35696 23.35696
23.35696 23.35696 23.35696 23.35696 23.35696
23.35696 23.35696 23.35696 23.35696 23.35696
23.32017 23.32017 23.32017 23.32017 23.32017
23.32017 23.32017 23.32017 23.32017 23.32017
23.32017 23.32017 23.32017 23.32017 23.32017
23.32017 23.32017 23.32017 23.32017 23.32017
23.32017 23.32017 23.32017 23.32017 23.32017
23.32017 23.32017 23.32017 23.32017 23.32017
23.32017 23.32017 23.32017 23.32017 23.32017
23.32017 23.32017 23.32017 23.32017 23.32017
23.32017 23.32017 23.32017 23.32017 23.32017
23.32017 23.32017 23.32017 23.32017 23.32017
23.32017 23.32017 23.32017 23.32017 23.32017
23.32017 23.32017 23.32017 23.32017 23.32017
23.32017 23.32017 23.32017 23.32017 23.32017
23.32017 23.32017 23.32017 23.32017 23.32017
23.32017 23.32017 23.32017 23.32017 23.32017
23.32017 23.32017 23.32017 23.32017 23.32017
23.32017 23.32017 23.32017 23.32017 23.32017
23.32017 23.32017 23.32017 23.32017 23.32017
23.32017 23.32017 23.32017 23.32017 23.32017
23.32017 23.32017 23.32017 23.32017 23.32017
23.28338 23.28338 23.28338 23.28338 23.28338
23.28338 23.28338 23.28338 23.28338 23.28338
23.28338 23.28338 23.28338 23.28338 23.28338
23.28338 23.28338 23.28338 23.28338 23.28338
23.28338 23.28338 23.28338 23.28338 23.28338
23.28338 23.28338 23.28338 23.28338 23.28338
23.28338 23.28338 23.28338 23.28338 23.28338
23.28338 23.28338 23.28338 23.28338 23.28338
23.28338 23.28338 23.28338 23.28338 23.28338
23.28338 23.28338 23.28338 23.28338 23.28338
23.28338 23.28338 23.28338 23.28338 23.28338
23.28338 23.28338 23.28338 23.28338 23.28338
23.28338 23.28338 23.28338 23.28338 23.28338
23.28338 23.28338 23.28338 23.28338 23.28338
23.28338 23.28338 23.28338 23.28338 23.28338
23.28338 23.28338 23.28338 23.28338 23.28338
23.28338 23.28338 23.28338 23.28338 23.28338
23.28338 23.28338 23.28338 23.28338 23.28338
23.28338 23.28338 23.28338 23.28338 23.28338
23.28338 23.28338 23.28338 23.28338 23.28338
23.3062 23.3062 23.3062 23.3062 23.3062
23.3062 23.3062 23.3062 23.3062 23.3062
23.3062 23.3062 23.3062 23.3062 23.3062
23.3062 23.3062 23.3062 23.3062 23.3062
23.3062 23.3062 23.3062 23.3062 23.3062
23.3062 23.3062 23.3062 23.3062 23.3062
23.3062 23.3062 23.3062 23.3062 23.3062
23.3062 23.3062 23.3062 23.3062 23.3062
23.3062 23.3062 23.3062 23.3062 23.3062
23.3062 23.3062 23.3062 23.3062 23.3062
23.3062 23.3062 23.3062 23.3062 23.3062
23.3062 23.3062 23.3062 23.3062 23.3062
23.3062 23.3062 23.3062 23.3062 23.3062
23.3062 23.3062 23.3062 23.3062 23.3062
23.3062 23.3062 23.3062 23.3062 23.3062
23.3062 23.3062 23.3062 23.3062 23.3062
23.3062 23.3062 23.3062 23.3062 23.3062
23.3062 23.3062 23.3062 23.3062 23.3062
23.3062 23.3062 23.3062 23.3062 23.3062
23.3062 23.3062 23.3062 23.3062 23.3062
23.34167 23.34167 23.34167 23.34167 23.34167
23.34167 23.34167 23.34167 23.34167 23.34167
23.34167 23.34167 23.34167 23.34167 23.34167
23.34167 23.34167 23.34167 23.34167 23.34167
23.34167 23.34167 23.34167 23.34167 23.34167
23.34167 23.34167 23.34167 23.34167 23.34167
23.34167 23.34167 23.34167 23.34167 23.34167
23.34167 23.34167 23.34167 23.34167 23.34167
23.34167 23.34167 23.34167 23.34167 23.34167
23.34167 23.34167 23.34167 23.34167 23.34167
23.34167 23.34167 23.34167 23.34167 23.34167
23.34167 23.34167 23.34167 23.34167 23.34167
23.34167 23.34167 23.34167 23.34167 23.34167
23.34167 23.34167 23.34167 23.34167 23.34167
23.34167 23.34167 23.34167 23.34167 23.34167
23.34167 23.34167 23.34167 23.34167 23.34167
23.34167 23.34167 23.34167 23.34167 23.34167
23.34167 23.34167 23.34167 23.34167 23.34167
23.34167 23.34167 23.34167 23.34167 23.34167
23.34167 23.34167 23.34167 23.34167 23.34167
23.37713 23.37713 23.37713 23.37713 23.37713
23.37713 23.37713 23.37713 23.37713 23.37713
23.37713 23.37713 23.37713 23.37713 23.37713
23.37713 23.37713 23.37713 23.37713 23.37713
23.37713 23.37713 23.37713 23.37713 23.37713
23.37713 23.37713 23.37713 23.37713 23.37713
23.37713 23.37713 23.37713 23.37713 23.37713
23.37713 23.37713 23.37713 23.37713 23.37713
23.37713 23.37713 23.37713 23.37713 23.37713
23.37713 23.37713 23.37713 23.37713 23.37713
23.37713 23.37713 23.37713 23.37713 23.37713
23.37713 23.37713 23.37713 23.37713 23.37713
23.37713 23.37713 23.37713 23.37713 23.37713
23.37713 23.37713 23.37713 23.37713 23.37713
23.37713 23.37713 23.37713 23.37713 23.37713
23.37713 23.37713 23.37713 23.37713 23.37713
23.37713 23.37713 23.37713 23.37713 23.37713
23.37713 23.37713 23.37713 23.37713 23.37713
23.37713 23.37713 23.37713 23.37713 23.37713
23.37713 23.37713 23.37713 23.37713 23.37713
23.4126 23.4126 23.4126 23.4126 23.4126
23.4126 23.4126 23.4126 23.4126 23.4126
23.4126 23.4126 23.4126 23.4126 23.4126
23.4126 23.4126 23.4126 23.4126 23.4126
23.4126 23.4126 23.4126 23.4126 23.4126
23.4126 23.4126 23.4126 23.4126 23.4126
23.4126 23.4126 23.4126 23.4126 23.4126
23.4126 23.4126 23.4126 23.4126 23.4126
23.4126 23.4126 23.4126 23.4126 23.4126
23.4126 23.4126 23.4126 23.4126 23.4126
23.4126 23.4126 23.4126 23.4126 23.4126
23.4126 23.4126 23.4126 23.4126 23.4126
23.4126 23.4126 23.4126 23.4126 23.4126
23.4126 23.4126 23.4126 23.4126 23.4126
23.4126 23.4126 23.4126 23.4126 23.4126
23.4126 23.4126 23.4126 23.4126 23.4126
23.4126 23.4126 23.4126 23.4126 23.4126
23.4126 23.4126 23.4126 23.4126 23.4126
23.4126 23.4126 23.4126 23.4126 23.4126
23.4126 23.4126 23.4126 23.4126 23.4126
23.44806 23.44806 23.44806 23.44806 23.44806
23.44806 23.44806 23.44806 23.44806 23.44806
23.44806 23.44806 23.44806 23.44806 23.44806
23.44806 23.44806 23.44806 23.44806 23.44806
23.44806 23.44806 23.44806 23.44806 23.44806
23.44806 23.44806 23.44806 23.44806 23.44806
23.44806 23.44806 23.44806 23.44806 23.44806
23.44806 23.44806 23.44806 23.44806 23.44806
23.44806 23.44806 23.44806 23.44806 23.44806
23.44806 23.44806 23.44806 23.44806 23.44806
23.44806 23.44806 23.44806 23.44806 23.44806
23.44806 23.44806 23.44806 23.44806 23.44806
23.44806 23.44806 23.44806 23.44806 23.44806
23.44806 23.44806 23.44806 23.44806 23.44806
23.44806 23.44806 23.44806 23.44806 23.44806
23.44806 23.44806 23.44806 23.44806 23.44806
23.44806 23.44806 23.44806 23.44806 23.44806
23.44806 23.44806 23.44806 23.44806 23.44806
23.44806 23.44806 23.44806 23.44806 23.44806
23.44806 23.44806 23.44806 23.44806 23.44806
23.48353 23.48353 23.48353 23.48353 23.48353
23.48353 23.48353 23.48353 23.48353 23.48353
23.48353 23.48353 23.48353 23.48353 23.48353
23.48353 23.48353 23.48353 23.48353 23.48353
23.48353 23.48353 23.48353 23.48353 23.48353
23.48353 23.48353 23.48353 23.48353 23.48353
23.48353 23.48353 23.48353 23.48353 23.48353
23.48353 23.48353 23.48353 23.48353 23.48353
23.48353 23.48353 23.48353 23.48353 23.48353
23.48353 23.48353 23.48353 23.48353 23.48353
23.48353 23.48353 23.48353 23.48353 23.48353
23.48353 23.48353 23.48353 23.48353 23.48353
23.48353 23.48353 23.48353 23.48353 23.48353
23.48353 23.48353 23.48353 23.48353 23.48353
23.48353 23.48353 23.48353 23.48353 23.48353
23.48353 23.48353 23.48353 23.48353 23.48353
23.48353 23.48353 23.48353 23.48353 23.48353
23.48353 23.48353 23.48353 23.48353 23.48353
23.48353 23.48353 23.48353 23.48353 23.48353
23.48353 23.48353 23.48353 23.48353 23.48353
23.51899 23.51899 23.51899 23.51899 23.51899
23.51899 23.51899 23.51899 23.51899 23.51899
23.51899 23.51899 23.51899 23.51899 23.51899
23.51899 23.51899 23.51899 23.51899 23.51899
23.51899 23.51899 23.51899 23.51899 23.51899
23.51899 23.51899 23.51899 23.51899 23.51899
23.51899 23.51899 23.51899 23.51899 23.51899
23.51899 23.51899 23.51899 23.51899 23.51899
23.51899 23.51899 23.51899 23.51899 23.51899
23.51899 23.51899 23.51899 23.51899 23.51899
23.51899 23.51899 23.51899 23.51899 23.51899
23.51899 23.51899 23.51899 23.51899 23.51899
23.51899 23.51899 23.51899 23.51899 23.51899
23.51899 23.51899 23.51899 23.51899 23.51899
23.51899 23.51899 23.51899 23.51899 23.51899
23.51899 23.51899 23.51899 23.51899 23.51899
23.51899 23.51899 23.51899 23.51899 23.51899
23.51899 23.51899 23.51899 23.51899 23.51899
23.51899 23.51899 23.51899 23.51899 23.51899
23.51899 23.51899 23.51899 23.51899 23.51899
23.55446 23.55446 23.55446 23.55446 23.55446
23.55446 23.55446 23.55446 23.55446 23.55446
23.55446 23.55446 23.55446 23.55446 23.55446
23.55446 23.55446 23.55446 23.55446 23.55446
23.55446 23.55446 23.55446 23.55446 23.55446
23.55446 23.55446 23.55446 23.55446 23.55446
23.55446 23.55446 23.55446 23.55446 23.55446
23.55446 23.55446 23.55446 23.55446 23.55446
23.55446 23.55446 23.55446 23.55446 23.55446
23.55446 23.55446 23.55446 23.55446 23.55446
23.55446 23.55446 23.55446 23.55446 23.55446
23.55446 23.55446 23.55446 23.55446 23.55446
23.55446 23.55446 23.55446 23.55446 23.55446
23.55446 23.55446 23.55446 23.55446 23.55446
23.55446 23.55446 23.55446 23.55446 23.55446
23.55446 23.55446 23.55446 23.55446 23.55446
23.55446 23.55446 23.55446 23.55446 23.55446
23.55446 23.55446 23.55446 23.55446 23.55446
23.55446 23.55446 23.55446 23.55446 23.55446
23.55446 23.55446 23.55446 23.55446 23.55446
23.58992 23.58992 23.58992 23.58992 23.58992
23.58992 23.58992 23.58992 23.58992 23.58992
23.58992 23.58992 23.58992 23.58992 23.58992
23.58992 23.58992 23.58992 23.58992 23.58992
23.58992 23.58992 23.58992 23.58992 23.58992
23.58992 23.58992 23.58992 23.58992 23.58992
23.58992 23.58992 23.58992 23.58992 23.58992
23.58992 23.58992 23.58992 23.58992 23.58992
23.58992 23.58992 23.58992 23.58992 23.58992
23.58992 23.58992 23.58992 23.58992 23.58992
23.58992 23.58992 23.58992 23.58992 23.58992
23.58992 23.58992 23.58992 23.58992 23.58992
23.58992 23.58992 23.58992 23.58992 23.58992
23.58992 23.58992 23.58992 23.58992 23.58992
23.58992 23.58992 23.58992 23.58992 23.58992
23.58992 23.58992 23.58992 23.58992 23.58992
23.58992 23.58992 23.58992 23.58992 23.58992
23.58992 23.58992 23.58992 23.58992 23.58992
23.58992 23.58992 23.58992 23.58992 23.58992
23.58992 23.58992 23.58992 23.58992 23.58992
23.62539 23.62539 23.62539 23.62539 23.62539
23.62539 23.62539 23.62539 23.62539 23.62539
23.62539 23.62539 23.62539 23.62539 23.62539
23.62539 23.62539 23.62539 23.62539 23.62539
23.62539 23.62539 23.62539 23.62539 23.62539
23.62539 23.62539 23.62539 23.62539 23.62539
23.62539 23.62539 23.62539 23.62539 23.62539
23.62539 23.62539 23.62539 23.62539 23.62539
23.62539 23.62539 23.62539 23.62539 23.62539
23.62539 23.62539 23.62539 23.62539 23.62539
23.62539 23.62539 23.62539 23.62539 23.62539
23.62539 23.62539 23.62539 23.62539 23.62539
23.62539 23.62539 23.62539 23.62539 23.62539
23.62539 23.62539 23.62539 23.62539 23.62539
23.62539 23.62539 23.62539 23.62539 23.62539
23.62539 23.62539 23.62539 23.62539 23.62539
23.62539 23.62539 23.62539 23.62539 23.62539
23.62539 23.62539 23.62539 23.62539 23.62539
23.62539 23.62539 23.62539 23.62539 23.62539
23.62539 23.62539 23.62539 23.62539 23.62539
23.66085 23.66085 23.66085 23.66085 23.66085
23.66085 23.66085 23.66085 23.66085 23.66085
23.66085 23.66085 23.66085 23.66085 23.66085
23.66085 23.66085 23.66085 23.66085 23.66085
23.66085 23.66085 23.66085 23.66085 23.66085
23.66085 23.66085 23.66085 23.66085 23.66085
23.66085 23.66085 23.66085 23.66085 23.66085
23.66085 23.66085 23.66085 23.66085 23.66085
23.66085 23.66085 23.66085 23.66085 23.66085
23.66085 23.66085 23.66085 23.66085 23.66085
23.66085 23.66085 23.66085 23.66085 23.66085
23.66085 23.66085 23.66085 23.66085 23.66085
23.66085 23.66085 23.66085 23.66085 23.66085
23.66085 23.66085 23.66085 23.66085 23.66085
23.66085 23.66085 23.66085 23.66085 23.66085
23.66085 23.66085 23.66085 23.66085 23.66085
23.66085 23.66085 23.66085 23.66085 23.66085
23.66085 23.66085 23.66085 23.66085 23.66085
23.66085 23.66085 23.66085 23.66085 23.66085
23.66085 23.66085 23.66085 23.66085 23.66085
23.69632 23.69632 23.69632 23.69632 23.69632
23.69632 23.69632 23.69632 23.69632 23.69632
23.69632 23.69632 23.69632 23.69632 23.69632
23.69632 23.69632 23.69632 23.69632 23.69632
23.69632 23.69632 23.69632 23.69632 23.69632
23.69632 23.69632 23.69632 23.69632 23.69632
23.69632 23.69632 23.69632 23.69632 23.69632
23.69632 23.69632 23.69632 23.69632 23.69632
23.69632 23.69632 23.69632 23.69632 23.69632
23.69632 23.69632 23.69632 23.69632 23.69632
23.69632 23.69632 23.69632 23.69632 23.69632
23.69632 23.69632 23.69632 23.69632 23.69632
23.69632 23.69632 23.69632 23.69632 23.69632
23.69632 23.69632 23.69632 23.69632 23.69632
23.69632 23.69632 23.69632 23.69632 23.69632
23.69632 23.69632 23.69632 23.69632 23.69632
23.69632 23.69632 23.69632 23.69632 23.69632
23.69632 23.69632 23.69632 23.69632 23.69632
23.69632 23.69632 23.69632 23.69632 23.69632
23.69632 23.69632 23.69632 23.69632 23.69632
23.73178 23.73178 23.73178 23.73178 23.73178
23.73178 23.73178 23.73178 23.73178 23.73178
23.73178 23.73178 23.73178 23.73178 23.73178
23.73178 23.73178 23.73178 23.73178 23.73178
23.73178 23.73178 23.73178 23.73178 23.73178
23.73178 23.73178 23.73178 23.73178 23.73178
23.73178 23.73178 23.73178 23.73178 23.73178
23.73178 23.73178 23.73178 23.73178 23.73178
23.73178 23.73178 23.73178 23.73178 23.73178
23.73178 23.73178 23.73178 23.73178 23.73178
23.73178 23.73178 23.73178 23.73178 23.73178
23.73178 23.73178 23.73178 23.73178 23.73178
23.73178 23.73178 23.73178 23.73178 23.73178
23.73178 23.73178 23.73178 23.73178 23.73178
23.73178 23.73178 23.73178 23.73178 23.73178
23.73178 23.73178 23.73178 23.73178 23.73178
23.73178 23.73178 23.73178 23.73178 23.73178
23.73178 23.73178 23.73178 23.73178 23.73178
23.73178 23.73178 23.73178 23.73178 23.73178
23.73178 23.73178 23.73178 23.73178 23.73178
23.76725 23.76725 23.76725 23.76725 23.76725
23.76725 23.76725 23.76725 23.76725 23.76725
23.76725 23.76725 23.76725 23.76725 23.76725
23.76725 23.76725 23.76725 23.76725 23.76725
23.76725 23.76725 23.76725 23.76725 23.76725
23.76725 23.76725 23.76725 23.76725 23.76725
23.76725 23.76725 23.76725 23.76725 23.76725
23.76725 23.76725 23.76725 23.76725 23.76725
23.76725 23.76725 23.76725 23.76725 23.76725
23.76725 23.76725 23.76725 23.76725 23.76725
23.76725 23.76725 23.76725 23.76725 23.76725
23.76725 23.76725 23.76725 23.76725 23.76725
23.76725 23.76725 23.76725 23.76725 23.76725
23.76725 23.76725 23.76725 23.76725 23.76725
23.76725 23.76725 23.76725 23.76725 23.76725
23.76725 23.76725 23.76725 23.76725 23.76725
23.76725 23.76725 23.76725 23.76725 23.76725
23.76725 23.76725 23.76725 23.76725 23.76725
23.76725 23.76725 23.76725 23.76725 23.76725
23.76725 23.76725 23.76725 23.76725 23.76725
23.80271 23.80271 23.80271 23.80271 23.80271
23.80271 23.80271 23.80271 23.80271 23.80271
23.80271 23.80271 23.80271 23.80271 23.80271
23.80271 23.80271 23.80271 23.80271 23.80271
23.80271 23.80271 23.80271 23.80271 23.80271
23.80271 23.80271 23.80271 23.80271 23.80271
23.80271 23.80271 23.80271 23.80271 23.80271
23.80271 23.80271 23.80271 23.80271 23.80271
23.80271 23.80271 23.80271 23.80271 23.80271
23.80271 23.80271 23.80271 23.80271 23.80271
23.80271 23.80271 23.80271 23.80271 23.80271
23.80271 23.80271 23.80271 23.80271 23.80271
23.80271 23.80271 23.80271 23.80271 23.80271
23.80271 23.80271 23.80271 23.80271 23.80271
23.80271 23.80271 23.80271 23.80271 23.80271
23.80271 23.80271 23.80271 23.80271 23.80271
23.80271 23.80271 23.80271 23.80271 23.80271
23.80271 23.80271 23.80271 23.80271 23.80271
23.80271 23.80271 23.80271 23.80271 23.80271
23.80271 23.80271 23.80271 23.80271 23.80271
23.83818 23.83818 23.83818 23.83818 23.83818
23.83818 23.83818 23.83818 23.83818 23.83818
23.83818 23.83818 23.83818 23.83818 23.83818
23.83818 23.83818 23.83818 23.83818 23.83818
23.83818 23.83818 23.83818 23.83818 23.83818
23.83818 23.83818 23.83818 23.83818 23.83818
23.83818 23.83818 23.83818 23.83818 23.83818
23.83818 23.83818 23.83818 23.83818 23.83818
23.83818 23.83818 23.83818 23.83818 23.83818
23.83818 23.83818 23.83818 23.83818 23.83818
23.83818 23.83818 23.83818 23.83818 23.83818
23.83818 23.83818 23.83818 23.83818 23.83818
23.83818 23.83818 23.83818 23.83818 23.83818
23.83818 23.83818 23.83818 23.83818 23.83818
23.83818 23.83818 23.83818 23.83818 23.83818
23.83818 23.83818 23.83818 23.83818 23.83818
23.83818 23.83818 23.83818 23.83818 23.83818
23.83818 23.83818 23.83818 23.83818 23.83818
23.83818 23.83818 23.83818 23.83818 23.83818
23.83818 23.83818 23.83818 23.83818 23.83818
23.87364 23.87364 23.87364 23.87364 23.87364
23.87364 23.87364 23.87364 23.87364 23.87364
23.87364 23.87364 23.87364 23.87364 23.87364
23.87364 23.87364 23.87364 23.87364 23.87364
23.87364 23.87364 23.87364 23.87364 23.87364
23.87364 23.87364 23.87364 23.87364 23.87364
23.87364 23.87364 23.87364 23.87364 23.87364
23.87364 23.87364 23.87364 23.87364 23.87364
23.87364 23.87364 23.87364 23.87364 23.87364
23.87364 23.87364 23.87364 23.87364 23.87364
23.87364 23.87364 23.87364 23.87364 23.87364
23.87364 23.87364 23.87364 23.87364 23.87364
23.87364 23.87364 23.87364 23.87364 23.87364
23.87364 23.87364 23.87364 23.87364 23.87364
23.87364 23.87364 23.87364 23.87364 23.87364
23.87364 23.87364 23.87364 23.87364 23.87364
23.87364 23.87364 23.87364 23.87364 23.87364
23.87364 23.87364 23.87364 23.87364 23.87364
23.87364 23.87364 23.87364 23.87364 23.87364
23.87364 23.87364 23.87364 23.87364 23.87364
23.90911 23.90911 23.90911 23.90911 23.90911
23.90911 23.90911 23.90911 23.90911 23.90911
23.90911 23.90911 23.90911 23.90911 23.90911
23.90911 23.90911 23.90911 23.90911 23.90911
23.90911 23.90911 23.90911 23.90911 23.90911
23.90911 23.90911 23.90911 23.90911 23.90911
23.90911 23.90911 23.90911 23.90911 23.90911
23.90911 23.90911 23.90911 23.90911 23.90911
23.90911 23.90911 23.90911 23.90911 23.90911
23.90911 23.90911 23.90911 23.90911 23.90911
23.90911 23.90911 23.90911 23.90911 23.90911
23.90911 23.90911 23.90911 23.90911 23.90911
23.90911 23.90911 23.90911 23.90911 23.90911
23.90911 23.90911 23.90911 23.90911 23.90911
23.90911 23.90911 23.90911 23.90911 23.90911
23.90911 23.90911 23.90911 23.90911 23.90911
23.90911 23.90911 23.90911 23.90911 23.90911
23.90911 23.90911 23.90911 23.90911 23.90911
23.90911 23.90911 23.90911 23.90911 23.90911
23.90911 23.90911 23.90911 23.90911 23.90911
23.94457 23.94457 23.94457 23.94457 23.94457
23.94457 23.94457 23.94457 23.94457 23.94457
23.94457 23.94457 23.94457 23.94457 23.94457
23.94457 23.94457 23.94457 23.94457 23.94457
23.94457 23.94457 23.94457 23.94457 23.94457
23.94457 23.94457 23.94457 23.94457 23.94457
23.94457 23.94457 23.94457 23.94457 23.94457
23.94457 23.94457 23.94457 23.94457 23.94457
23.94457 23.94457 23.94457 23.94457 23.94457
23.94457 23.94457 23.94457 23.94457 23.94457
23.94457 23.94457 23.94457 23.94457 23.94457
23.94457 23.94457 23.94457 23.94457 23.94457
23.94457 23.94457 23.94457 23.94457 23.94457
23.94457 23.94457 23.94457 23.94457 23.94457
23.94457 23.94457 23.94457 23.94457 23.94457
23.94457 23.94457 23.94457 23.94457 23.94457
23.94457 23.94457 23.94457 23.94457 23.94457
23.94457 23.94457 23.94457 23.94457 23.94457
23.94457 23.94457 23.94457 23.94457 23.94457
23.94457 23.94457 23.94457 23.94457 23.94457
23.98004 23.98004 23.98004 23.98004 23.98004
23.98004 23.98004 23.98004 23.98004 23.98004
23.98004 23.98004 23.98004 23.98004 23.98004
23.98004 23.98004 23.98004 23.98004 23.98004
23.98004 23.98004 23.98004 23.98004 23.98004
23.98004 23.98004 23.98004 23.98004 23.98004
23.98004 23.98004 23.98004 23.98004 23.98004
23.98004 23.98004 23.98004 23.98004 23.98004
23.98004 23.98004 23.98004 23.98004 23.98004
23.98004 23.98004 23.98004 23.98004 23.98004
23.98004 23.98004 23.98004 23.98004 23.98004
23.98004 23.98004 23.98004 23.98004 23.98004
23.98004 23.98004 23.98004 23.98004 23.98004
23.98004 23.98004 23.98004 23.98004 23.98004
23.98004 23.98004 23.98004 23.98004 23.98004
23.98004 23.98004 23.98004 23.98004 23.98004
23.98004 23.98004 23.98004 23.98004 23.98004
23.98004 23.98004 23.98004 23.98004 23.98004
23.98004 23.98004 23.98004 23.98004 23.98004
23.98004 23.98004 23.98004 23.98004 23.98004
24.0155 24.0155 24.0155 24.0155 24.0155
24.0155 24.0155 24.0155 24.0155 24.0155
24.0155 24.0155 24.0155 24.0155 24.0155
24.0155 24.0155 24.0155 24.0155 24.0155
24.0155 24.0155 24.0155 24.0155 24.0155
24.0155 24.0155 24.0155 24.0155 24.0155
24.0155 24.0155 24.0155 24.0155 24.0155
24.0155 24.0155 24.0155 24.0155 24.0155
24.0155 24.0155 24.0155 24.0155 24.0155
24.0155 24.0155 24.0155 24.0155 24.0155
24.0155 24.0155 24.0155 24.0155 24.0155
24.0155 24.0155 24.0155 24.0155 24.0155
24.0155 24.0155 24.0155 24.0155 24.0155
24.0155 24.0155 24.0155 24.0155 24.0155
24.0155 24.0155 24.0155 24.0155 24.0155
24.0155 24.0155 24.0155 24.0155 24.0155
24.0155 24.0155 24.0155 24.0155 24.0155
24.0155 24.0155 24.0155 24.0155 24.0155
24.0155 24.0155 24.0155 24.0155 24.0155
24.0155 24.0155 24.0155 24.0155 24.0155
24.05097 24.05097 24.05097 24.05097 24.05097
24.05097 24.05097 24.05097 24.05097 24.05097
24.05097 24.05097 24.05097 24.05097 24.05097
24.05097 24.05097 24.05097 24.05097 24.05097
24.05097 24.05097 24.05097 24.05097 24.05097
24.05097 24.05097 24.05097 24.05097 24.05097
24.05097 24.05097 24.05097 24.05097 24.05097
24.05097 24.05097 24.05097 24.05097 24.05097
24.05097 24.05097 24.05097 24.05097 24.05097
24.05097 24.05097 24.05097 24.05097 24.05097
24.05097 24.05097 24.05097 24.05097 24.05097
24.05097 24.05097 24.05097 24.05097 24.05097
24.05097 24.05097 24.05097 24.05097 24.05097
24.05097 24.05097 24.05097 24.05097 24.05097
24.05097 24.05097 24.05097 24.05097 24.05097
24.05097 24.05097 24.05097 24.05097 24.05097
24.05097 24.05097 24.05097 24.05097 24.05097
24.05097 24.05097 24.05097 24.05097 24.05097
24.05097 24.05097 24.05097 24.05097 24.05097
24.05097 24.05097 24.05097 24.05097 24.05097
24.08643 24.08643 24.08643 24.08643 24.08643
24.08643 24.08643 24.08643 24.08643 24.08643
24.08643 24.08643 24.08643 24.08643 24.08643
24.08643 24.08643 24.08643 24.08643 24.08643
24.08643 24.08643 24.08643 24.08643 24.08643
24.08643 24.08643 24.08643 24.08643 24.08643
24.08643 24.08643 24.08643 24.08643 24.08643
24.08643 24.08643 24.08643 24.08643 24.08643
24.08643 24.08643 24.08643 24.08643 24.08643
24.08643 24.08643 24.08643 24.08643 24.08643
24.08643 24.08643 24.08643 24.08643 24.08643
24.08643 24.08643 24.08643 24.08643 24.08643
24.08643 24.08643 24.08643 24.08643 24.08643
24.08643 24.08643 24.08643 24.08643 24.08643
24.08643 24.08643 24.08643 24.08643 24.08643
24.08643 24.08643 24.08643 24.08643 24.08643
24.08643 24.08643 24.08643 24.08643 24.08643
24.08643 24.08643 24.08643 24.08643 24.08643
24.08643 24.08643 24.08643 24.08643 24.08643
24.08643 24.08643 24.08643 24.08643 24.08643
24.1219 24.1219 24.1219 24.1219 24.1219
24.1219 24.1219 24.1219 24.1219 24.1219
24.1219 24.1219 24.1219 24.1219 24.1219
24.1219 24.1219 24.1219 24.1219 24.1219
24.1219 24.1219 24.1219 24.1219 24.1219
24.1219 24.1219 24.1219 24.1219 24.1219
24.1219 24.1219 24.1219 24.1219 24.1219
24.1219 24.1219 24.1219 24.1219 24.1219
24.1219 24.1219 24.1219 24.1219 24.1219
24.1219 24.1219 24.1219 24.1219 24.1219
24.1219 24.1219 24.1219 24.1219 24.1219
24.1219 24.1219 24.1219 24.1219 24.1219
24.1219 24.1219 24.1219 24.1219 24.1219
24.1219 24.1219 24.1219 24.1219 24.1219
24.1219 24.1219 24.1219 24.1219 24.1219
24.1219 24.1219 24.1219 24.1219 24.1219
24.1219 24.1219 24.1219 24.1219 24.1219
24.1219 24.1219 24.1219 24.1219 24.1219
24.1219 24.1219 24.1219 24.1219 24.1219
24.1219 24.1219 24.1219 24.1219 24.1219
24.15736 24.15736 24.15736 24.15736 24.15736
24.15736 24.15736 24.15736 24.15736 24.15736
24.15736 24.15736 24.15736 24.15736 24.15736
24.15736 24.15736 24.15736 24.15736 24.15736
24.15736 24.15736 24.15736 24.15736 24.15736
24.15736 24.15736 24.15736 24.15736 24.15736
24.15736 24.15736 24.15736 24.15736 24.15736
24.15736 24.15736 24.15736 24.15736 24.15736
24.15736 24.15736 24.15736 24.15736 24.15736
24.15736 24.15736 24.15736 24.15736 24.15736
24.15736 24.15736 24.15736 24.15736 24.15736
24.15736 24.15736 24.15736 24.15736 24.15736
24.15736 24.15736 24.15736 24.15736 24.15736
24.15736 24.15736 24.15736 24.15736 24.15736
24.15736 24.15736 24.15736 24.15736 24.15736
24.15736 24.15736 24.15736 24.15736 24.15736
24.15736 24.15736 24.15736 24.15736 24.15736
24.15736 24.15736 24.15736 24.15736 24.15736
24.15736 24.15736 24.15736 24.15736 24.15736
24.15736 24.15736 24.15736 24.15736 24.15736
24.19283 24.19283 24.19283 24.19283 24.19283
24.19283 24.19283 24.19283 24.19283 24.19283
24.19283 24.19283 24.19283 24.19283 24.19283
24.19283 24.19283 24.19283 24.19283 24.19283
24.19283 24.19283 24.19283 24.19283 24.19283
24.19283 24.19283 24.19283 24.19283 24.19283
24.19283 24.19283 24.19283 24.19283 24.19283
24.19283 24.19283 24.19283 24.19283 24.19283
24.19283 24.19283 24.19283 24.19283 24.19283
24.19283 24.19283 24.19283 24.19283 24.19283
24.19283 24.19283 24.19283 24.19283 24.19283
24.19283 24.19283 24.19283 24.19283 24.19283
24.19283 24.19283 24.19283 24.19283 24.19283
24.19283 24.19283 24.19283 24.19283 24.19283
24.19283 24.19283 24.19283 24.19283 24.19283
24.19283 24.19283 24.19283 24.19283 24.19283
24.19283 24.19283 24.19283 24.19283 24.19283
24.19283 24.19283 24.19283 24.19283 24.19283
24.19283 24.19283 24.19283 24.19283 24.19283
24.19283 24.19283 24.19283 24.19283 24.19283
24.22829 24.22829 24.22829 24.22829 24.22829
24.22829 24.22829 24.22829 24.22829 24.22829
24.22829 24.22829 24.22829 24.22829 24.22829
24.22829 24.22829 24.22829 24.22829 24.22829
24.22829 24.22829 24.22829 24.22829 24.22829
24.22829 24.22829 24.22829 24.22829 24.22829
24.22829 24.22829 24.22829 24.22829 24.22829
24.22829 24.22829 24.22829 24.22829 24.22829
24.22829 24.22829 24.22829 24.22829 24.22829
24.22829 24.22829 24.22829 24.22829 24.22829
24.22829 24.22829 24.22829 24.22829 24.22829
24.22829 24.22829 24.22829 24.22829 24.22829
24.22829 24.22829 24.22829 24.22829 24.22829
24.22829 24.22829 24.22829 24.22829 24.22829
24.22829 24.22829 24.22829 24.22829 24.22829
24.22829 24.22829 24.22829 24.22829 24.22829
24.22829 24.22829 24.22829 24.22829 24.22829
24.22829 24.22829 24.22829 24.22829 24.22829
24.22829 24.22829 24.22829 24.22829 24.22829
24.22829 24.22829 24.22829 24.22829 24.22829
24.26376 24.26376 24.26376 24.26376 24.26376
24.26376 24.26376 24.26376 24.26376 24.26376
24.26376 24.26376 24.26376 24.26376 24.26376
24.26376 24.26376 24.26376 24.26376 24.26376
24.26376 24.26376 24.26376 24.26376 24.26376
24.26376 24.26376 24.26376 24.26376 24.26376
24.26376 24.26376 24.26376 24.26376 24.26376
24.26376 24.26376 24.26376 24.26376 24.26376
24.26376 24.26376 24.26376 24.26376 24.26376
24.26376 24.26376 24.26376 24.26376 24.26376
24.26376 24.26376 24.26376 24.26376 24.26376
24.26376 24.26376 24.26376 24.26376 24.26376
24.26376 24.26376 24.26376 24.26376 24.26376
24.26376 24.26376 24.26376 24.26376 24.26376
24.26376 24.26376 24.26376 24.26376 24.26376
24.26376 24.26376 24.26376 24.26376 24.26376
24.26376 24.26376 24.26376 24.26376 24.26376
24.26376 24.26376 24.26376 24.26376 24.26376
24.26376 24.26376 24.26376 24.26376 24.26376
24.26376 24.26376 24.26376 24.26376 24.26376
24.29922 24.29922 24.29922 24.29922 24.29922
24.29922 24.29922 24.29922 24.29922 24.29922
24.29922 24.29922 24.29922 24.29922 24.29922
24.29922 24.29922 24.29922 24.29922 24.29922
24.29922 24.29922 24.29922 24.29922 24.29922
24.29922 24.29922 24.29922 24.29922 24.29922
24.29922 24.29922 24.29922 24.29922 24.29922
24.29922 24.29922 24.29922 24.29922 24.29922
24.29922 24.29922 24.29922 24.29922 24.29922
24.29922 24.29922 24.29922 24.29922 24.29922
24.29922 24.29922 24.29922 24.29922 24.29922
24.29922 24.29922 24.29922 24.29922 24.29922
24.29922 24.29922 24.29922 24.29922 24.29922
24.29922 24.29922 24.29922 24.29922 24.29922
24.29922 24.29922 24.29922 24.29922 24.29922
24.29922 24.29922 24.29922 24.29922 24.29922
24.29922 24.29922 24.29922 24.29922 24.29922
24.29922 24.29922 24.29922 24.29922 24.29922
24.29922 24.29922 24.29922 24.29922 24.29922
24.29922 24.29922 24.29922 24.29922 24.29922
24.33469 24.33469 24.33469 24.33469 24.33469
24.33469 24.33469 24.33469 24.33469 24.33469
24.33469 24.33469 24.33469 24.33469 24.33469
24.33469 24.33469 24.33469 24.33469 24.33469
24.33469 24.33469 24.33469 24.33469 24.33469
24.33469 24.33469 24.33469 24.33469 24.33469
24.33469 24.33469 24.33469 24.33469 24.33469
24.33469 24.33469 24.33469 24.33469 24.33469
24.33469 24.33469 24.33469 24.33469 24.33469
24.33469 24.33469 24.33469 24.33469 24.33469
24.33469 24.33469 24.33469 24.33469 24.33469
24.33469 24.33469 24.33469 24.33469 24.33469
24.33469 24.33469 24.33469 24.33469 24.33469
24.33469 24.33469 24.33469 24.33469 24.33469
24.33469 24.33469 24.33469 24.33469 24.33469
24.33469 24.33469 24.33469 24.33469 24.33469
24.33469 24.33469 24.33469 24.33469 24.33469
24.33469 24.33469 24.33469 24.33469 24.33469
24.33469 24.33469 24.33469 24.33469 24.33469
24.33469 24.33469 24.33469 24.33469 24.33469
24.37015 24.37015 24.37015 24.37015 24.37015
24.37015 24.37015 24.37015 24.37015 24.37015
24.37015 24.37015 24.37015 24.37015 24.37015
24.37015 24.37015 24.37015 24.37015 24.37015
24.37015 24.37015 24.37015 24.37015 24.37015
24.37015 24.37015 24.37015 24.37015 24.37015
24.37015 24.37015 24.37015 24.37015 24.37015
24.37015 24.37015 24.37015 24.37015 24.37015
24.37015 24.37015 24.37015 24.37015 24.37015
24.37015 24.37015 24.37015 24.37015 24.37015
24.37015 24.37015 24.37015 24.37015 24.37015
24.37015 24.37015 24.37015 24.37015 24.37015
24.37015 24.37015 24.37015 24.37015 24.37015
24.37015 24.37015 24.37015 24.37015 24.37015
24.37015 24.37015 24.37015 24.37015 24.37015
24.37015 24.37015 24.37015 24.37015 24.37015
24.37015 24.37015 24.37015 24.37015 24.37015
24.37015 24.37015 24.37015 24.37015 24.37015
24.37015 24.37015 24.37015 24.37015 24.37015
24.37015 24.37015 24.37015 24.37015 24.37015
24.40562 24.40562 24.40562 24.40562 24.40562
24.40562 24.40562 24.40562 24.40562 24.40562
24.40562 24.40562 24.40562 24.40562 24.40562
24.40562 24.40562 24.40562 24.40562 24.40562
24.40562 24.40562 24.40562 24.40562 24.40562
24.40562 24.40562 24.40562 24.40562 24.40562
24.40562 24.40562 24.40562 24.40562 24.40562
24.40562 24.40562 24.40562 24.40562 24.40562
24.40562 24.40562 24.40562 24.40562 24.40562
24.40562 24.40562 24.40562 24.40562 24.40562
24.40562 24.40562 24.40562 24.40562 24.40562
24.40562 24.40562 24.40562 24.40562 24.40562
24.40562 24.40562 24.40562 24.40562 24.40562
24.40562 24.40562 24.40562 24.40562 24.40562
24.40562 24.40562 24.40562 24.40562 24.40562
24.40562 24.40562 24.40562 24.40562 24.40562
24.40562 24.40562 24.40562 24.40562 24.40562
24.40562 24.40562 24.40562 24.40562 24.40562
24.40562 24.40562 24.40562 24.40562 24.40562
24.40562 24.40562 24.40562 24.40562 24.40562
24.44108 24.44108 24.44108 24.44108 24.44108
24.44108 24.44108 24.44108 24.44108 24.44108
24.44108 24.44108 24.44108 24.44108 24.44108
24.44108 24.44108 24.44108 24.44108 24.44108
24.44108 24.44108 24.44108 24.44108 24.44108
24.44108 24.44108 24.44108 24.44108 24.44108
24.44108 24.44108 24.44108 24.44108 24.44108
24.44108 24.44108 24.44108 24.44108 24.44108
24.44108 24.44108 24.44108 24.44108 24.44108
24.44108 24.44108 24.44108 24.44108 24.44108
24.44108 24.44108 24.44108 24.44108 24.44108
24.44108 24.44108 24.44108 24.44108 24.44108
24.44108 24.44108 24.44108 24.44108 24.44108
24.44108 24.44108 24.44108 24.44108 24.44108
24.44108 24.44108 24.44108 24.44108 24.44108
24.44108 24.44108 24.44108 24.44108 24.44108
24.44108 24.44108 24.44108 24.44108 24.44108
24.44108 24.44108 24.44108 24.44108 24.44108
24.44108 24.44108 24.44108 24.44108 24.44108
24.44108 24.44108 24.44108 24.44108 24.44108
24.47655 24.47655 24.47655 24.47655 24.47655
24.47655 24.47655 24.47655 24.47655 24.47655
24.47655 24.47655 24.47655 24.47655 24.47655
24.47655 24.47655 24.47655 24.47655 24.47655
24.47655 24.47655 24.47655 24.47655 24.47655
24.47655 24.47655 24.47655 24.47655 24.47655
24.47655 24.47655 24.47655 24.47655 24.47655
24.47655 24.47655 24.47655 24.47655 24.47655
24.47655 24.47655 24.47655 24.47655 24.47655
24.47655 24.47655 24.47655 24.47655 24.47655
24.47655 24.47655 24.47655 24.47655 24.47655
24.47655 24.47655 24.47655 24.47655 24.47655
24.47655 24.47655 24.47655 24.47655 24.47655
24.47655 24.47655 24.47655 24.47655 24.47655
24.47655 24.47655 24.47655 24.47655 24.47655
24.47655 24.47655 24.47655 24.47655 24.47655
24.47655 24.47655 24.47655 24.47655 24.47655
24.47655 24.47655 24.47655 24.47655 24.47655
24.47655 24.47655 24.47655 24.47655 24.47655
24.47655 24.47655 24.47655 24.47655 24.47655
