25.55912 25.55912 25.55912 25.55912 25.55912
25.55912 25.55912 25.55912 25.55912 25.55912
25.55912 25.55912 25.55912 25.55912 25.55912
25.55912 25.55912 25.55912 25.55912 25.55912
25.55912 25.55912 25.55912 25.55912 25.55912
25.55912 25.55912 25.55912 25.55912 25.55912
25.55912 25.55912 25.55912 25.55912 25.55912
25.55912 25.55912 25.55912 25.55912 25.55912
25.55912 25.55912 25.55912 25.55912 25.55912
25.55912 25.55912 25.55912 25.55912 25.55912
25.55912 25.55912 25.55912 25.55912 25.55912
25.55912 25.55912 25.55912 25.55912 25.55912
25.55912 25.55912 25.55912 25.55912 25.55912
25.55912 25.55912 25.55912 25.55912 25.55912
25.55912 25.55912 25.55912 25.55912 25.55912
25.55912 25.55912 25.55912 25.55912 25.55912
25.55912 25.55912 25.55912 25.55912 25.55912
25.55912 25.55912 25.55912 25.55912 25.55912
25.55912 25.5307 25.417 25.3033 25.1896
25.0759 24.96221 24.84851 24.73481 24.62111
25.49378 25.49378 25.49378 25.49378 25.49378
25.49378 25.49378 25.49378 25.49378 25.49378
25.49378 25.49378 25.49378 25.49378 25.49378
25.49378 25.49378 25.49378 25.49378 25.49378
25.49378 25.49378 25.49378 25.49378 25.49378
25.49378 25.49378 25.49378 25.49378 25.49378
25.49378 25.49378 25.49378 25.49378 25.49378
25.49378 25.49378 25.49378 25.49378 25.49378
25.49378 25.49378 25.49378 25.49378 25.49378
25.49378 25.49378 25.49378 25.49378 25.49378
25.49378 25.49378 25.49378 25.49378 25.49378
25.49378 25.49378 25.49378 25.49378 25.49378
25.49378 25.49378 25.49378 25.49378 25.49378
25.49378 25.49378 25.49378 25.49378 25.49378
25.49378 25.49378 25.49378 25.49378 25.49378
25.49378 25.49378 25.49378 25.49378 25.49378
25.49378 25.49378 25.49378 25.49378 25.49378
25.49378 25.49378 25.49378 25.49378 25.49378
25.49378 25.46536 25.35166 25.23796 25.12426
25.01056 24.89687 24.78317 24.66947 24.55577
25.42844 25.42844 25.42844 25.42844 25.42844
25.42844 25.42844 25.42844 25.42844 25.42844
25.42844 25.42844 25.42844 25.42844 25.42844
25.42844 25.42844 25.42844 25.42844 25.42844
25.42844 25.42844 25.42844 25.42844 25.42844
25.42844 25.42844 25.42844 25.42844 25.42844
25.42844 25.42844 25.42844 25.42844 25.42844
25.42844 25.42844 25.42844 25.42844 25.42844
25.42844 25.42844 25.42844 25.42844 25.42844
25.42844 25.42844 25.42844 25.42844 25.42844
25.42844 25.42844 25.42844 25.42844 25.42844
25.42844 25.42844 25.42844 25.42844 25.42844
25.42844 25.42844 25.42844 25.42844 25.42844
25.42844 25.42844 25.42844 25.42844 25.42844
25.42844 25.42844 25.42844 25.42844 25.42844
25.42844 25.42844 25.42844 25.42844 25.42844
25.42844 25.42844 25.42844 25.42844 25.42844
25.42844 25.42844 25.42844 25.42844 25.42844
25.42844 25.40002 25.28632 25.17262 25.05892
24.94522 24.83153 24.71783 24.60413 24.49043
25.3631 25.3631 25.3631 25.3631 25.3631
25.3631 25.3631 25.3631 25.3631 25.3631
25.3631 25.3631 25.3631 25.3631 25.3631
25.3631 25.3631 25.3631 25.3631 25.3631
25.3631 25.3631 25.3631 25.3631 25.3631
25.3631 25.3631 25.3631 25.3631 25.3631
25.3631 25.3631 25.3631 25.3631 25.3631
25.3631 25.3631 25.3631 25.3631 25.3631
25.3631 25.3631 25.3631 25.3631 25.3631
25.3631 25.3631 25.3631 25.3631 25.3631
25.3631 25.3631 25.3631 25.3631 25.3631
25.3631 25.3631 25.3631 25.3631 25.3631
25.3631 25.3631 25.3631 25.3631 25.3631
25.3631 25.3631 25.3631 25.3631 25.3631
25.3631 25.3631 25.3631 25.3631 25.3631
25.3631 25.3631 25.3631 25.3631 25.3631
25.3631 25.3631 25.3631 25.3631 25.3631
25.3631 25.3631 25.3631 25.3631 25.3631
25.3631 25.33468 25.22098 25.10728 24.99358
24.87988 24.76619 24.65249 24.53879 24.42509
25.29776 25.29776 25.29776 25.29776 25.29776
25.29776 25.29776 25.29776 25.29776 25.29776
25.29776 25.29776 25.29776 25.29776 25.29776
25.29776 25.29776 25.29776 25.29776 25.29776
25.29776 25.29776 25.29776 25.29776 25.29776
25.29776 25.29776 25.29776 25.29776 25.29776
25.29776 25.29776 25.29776 25.29776 25.29776
25.29776 25.29776 25.29776 25.29776 25.29776
25.29776 25.29776 25.29776 25.29776 25.29776
25.29776 25.29776 25.29776 25.29776 25.29776
25.29776 25.29776 25.29776 25.29776 25.29776
25.29776 25.29776 25.29776 25.29776 25.29776
25.29776 25.29776 25.29776 25.29776 25.29776
25.29776 25.29776 25.29776 25.29776 25.29776
25.29776 25.29776 25.29776 25.29776 25.29776
25.29776 25.29776 25.29776 25.29776 25.29776
25.29776 25.29776 25.29776 25.29776 25.29776
25.29776 25.29776 25.29776 25.29776 25.29776
25.29776 25.26934 25.15564 25.04194 24.92824
24.81454 24.70085 24.58715 24.47345 24.35975
25.23242 25.23242 25.23242 25.23242 25.23242
25.23242 25.23242 25.23242 25.23242 25.23242
25.23242 25.23242 25.23242 25.23242 25.23242
25.23242 25.23242 25.23242 25.23242 25.23242
25.23242 25.23242 25.23242 25.23242 25.23242
25.23242 25.23242 25.23242 25.23242 25.23242
25.23242 25.23242 25.23242 25.23242 25.23242
25.23242 25.23242 25.23242 25.23242 25.23242
25.23242 25.23242 25.23242 25.23242 25.23242
25.23242 25.23242 25.23242 25.23242 25.23242
25.23242 25.23242 25.23242 25.23242 25.23242
25.23242 25.23242 25.23242 25.23242 25.23242
25.23242 25.23242 25.23242 25.23242 25.23242
25.23242 25.23242 25.23242 25.23242 25.23242
25.23242 25.23242 25.23242 25.23242 25.23242
25.23242 25.23242 25.23242 25.23242 25.23242
25.23242 25.23242 25.23242 25.23242 25.23242
25.23242 25.23242 25.23242 25.23242 25.23242
25.23242 25.204 25.0903 24.9766 24.8629
24.7492 24.6355 24.52181 24.40811 24.29441
25.16708 25.16708 25.16708 25.16708 25.16708
25.16708 25.16708 25.16708 25.16708 25.16708
25.16708 25.16708 25.16708 25.16708 25.16708
25.16708 25.16708 25.16708 25.16708 25.16708
25.16708 25.16708 25.16708 25.16708 25.16708
25.16708 25.16708 25.16708 25.16708 25.16708
25.16708 25.16708 25.16708 25.16708 25.16708
25.16708 25.16708 25.16708 25.16708 25.16708
25.16708 25.16708 25.16708 25.16708 25.16708
25.16708 25.16708 25.16708 25.16708 25.16708
25.16708 25.16708 25.16708 25.16708 25.16708
25.16708 25.16708 25.16708 25.16708 25.16708
25.16708 25.16708 25.16708 25.16708 25.16708
25.16708 25.16708 25.16708 25.16708 25.16708
25.16708 25.16708 25.16708 25.16708 25.16708
25.16708 25.16708 25.16708 25.16708 25.16708
25.16708 25.16708 25.16708 25.16708 25.16708
25.16708 25.16708 25.16708 25.16708 25.16708
25.16708 25.13866 25.02496 24.91126 24.79756
24.68386 24.57016 24.45647 24.34277 24.22907
25.10174 25.10174 25.10174 25.10174 25.10174
25.10174 25.10174 25.10174 25.10174 25.10174
25.10174 25.10174 25.10174 25.10174 25.10174
25.10174 25.10174 25.10174 25.10174 25.10174
25.10174 25.10174 25.10174 25.10174 25.10174
25.10174 25.10174 25.10174 25.10174 25.10174
25.10174 25.10174 25.10174 25.10174 25.10174
25.10174 25.10174 25.10174 25.10174 25.10174
25.10174 25.10174 25.10174 25.10174 25.10174
25.10174 25.10174 25.10174 25.10174 25.10174
25.10174 25.10174 25.10174 25.10174 25.10174
25.10174 25.10174 25.10174 25.10174 25.10174
25.10174 25.10174 25.10174 25.10174 25.10174
25.10174 25.10174 25.10174 25.10174 25.10174
25.10174 25.10174 25.10174 25.10174 25.10174
25.10174 25.10174 25.10174 25.10174 25.10174
25.10174 25.10174 25.10174 25.10174 25.10174
25.10174 25.10174 25.10174 25.10174 25.10174
25.10174 25.07332 24.95962 24.84592 24.73222
24.61852 24.50482 24.39113 24.27743 24.16373
25.0364 25.0364 25.0364 25.0364 25.0364
25.0364 25.0364 25.0364 25.0364 25.0364
25.0364 25.0364 25.0364 25.0364 25.0364
25.0364 25.0364 25.0364 25.0364 25.0364
25.0364 25.0364 25.0364 25.0364 25.0364
25.0364 25.0364 25.0364 25.0364 25.0364
25.0364 25.0364 25.0364 25.0364 25.0364
25.0364 25.0364 25.0364 25.0364 25.0364
25.0364 25.0364 25.0364 25.0364 25.0364
25.0364 25.0364 25.0364 25.0364 25.0364
25.0364 25.0364 25.0364 25.0364 25.0364
25.0364 25.0364 25.0364 25.0364 25.0364
25.0364 25.0364 25.0364 25.0364 25.0364
25.0364 25.0364 25.0364 25.0364 25.0364
25.0364 25.0364 25.0364 25.0364 25.0364
25.0364 25.0364 25.0364 25.0364 25.0364
25.0364 25.0364 25.0364 25.0364 25.0364
25.0364 25.0364 25.0364 25.0364 25.0364
25.0364 25.00797 24.89428 24.78058 24.66688
24.55318 24.43948 24.32579 24.21209 24.09839
24.97106 24.97106 24.97106 24.97106 24.97106
24.97106 24.97106 24.97106 24.97106 24.97106
24.97106 24.97106 24.97106 24.97106 24.97106
24.97106 24.97106 24.97106 24.97106 24.97106
24.97106 24.97106 24.97106 24.97106 24.97106
24.97106 24.97106 24.97106 24.97106 24.97106
24.97106 24.97106 24.97106 24.97106 24.97106
24.97106 24.97106 24.97106 24.97106 24.97106
24.97106 24.97106 24.97106 24.97106 24.97106
24.97106 24.97106 24.97106 24.97106 24.97106
24.97106 24.97106 24.97106 24.97106 24.97106
24.97106 24.97106 24.97106 24.97106 24.97106
24.97106 24.97106 24.97106 24.97106 24.97106
24.97106 24.97106 24.97106 24.97106 24.97106
24.97106 24.97106 24.97106 24.97106 24.97106
24.97106 24.97106 24.97106 24.97106 24.97106
24.97106 24.97106 24.97106 24.97106 24.97106
24.97106 24.97106 24.97106 24.97106 24.97106
24.97106 24.94263 24.82894 24.71524 24.60154
24.48784 24.37414 24.26045 24.14675 24.03305
24.90572 24.90572 24.90572 24.90572 24.90572
24.90572 24.90572 24.90572 24.90572 24.90572
24.90572 24.90572 24.90572 24.90572 24.90572
24.90572 24.90572 24.90572 24.90572 24.90572
24.90572 24.90572 24.90572 24.90572 24.90572
24.90572 24.90572 24.90572 24.90572 24.90572
24.90572 24.90572 24.90572 24.90572 24.90572
24.90572 24.90572 24.90572 24.90572 24.90572
24.90572 24.90572 24.90572 24.90572 24.90572
24.90572 24.90572 24.90572 24.90572 24.90572
24.90572 24.90572 24.90572 24.90572 24.90572
24.90572 24.90572 24.90572 24.90572 24.90572
24.90572 24.90572 24.90572 24.90572 24.90572
24.90572 24.90572 24.90572 24.90572 24.90572
24.90572 24.90572 24.90572 24.90572 24.90572
24.90572 24.90572 24.90572 24.90572 24.90572
24.90572 24.90572 24.90572 24.90572 24.90572
24.90572 24.90572 24.90572 24.90572 24.90572
24.90572 24.87729 24.7636 24.6499 24.5362
24.4225 24.3088 24.19511 24.08141 23.96771
24.84038 24.84038 24.84038 24.84038 24.84038
24.84038 24.84038 24.84038 24.84038 24.84038
24.84038 24.84038 24.84038 24.84038 24.84038
24.84038 24.84038 24.84038 24.84038 24.84038
24.84038 24.84038 24.84038 24.84038 24.84038
24.84038 24.84038 24.84038 24.84038 24.84038
24.84038 24.84038 24.84038 24.84038 24.84038
24.84038 24.84038 24.84038 24.84038 24.84038
24.84038 24.84038 24.84038 24.84038 24.84038
24.84038 24.84038 24.84038 24.84038 24.84038
24.84038 24.84038 24.84038 24.84038 24.84038
24.84038 24.84038 24.84038 24.84038 24.84038
24.84038 24.84038 24.84038 24.84038 24.84038
24.84038 24.84038 24.84038 24.84038 24.84038
24.84038 24.84038 24.84038 24.84038 24.84038
24.84038 24.84038 24.84038 24.84038 24.84038
24.84038 24.84038 24.84038 24.84038 24.84038
24.84038 24.84038 24.84038 24.84038 24.84038
24.84038 24.81195 24.69826 24.58456 24.47086
24.35716 24.24346 24.12977 24.01607 23.90237
24.77504 24.77504 24.77504 24.77504 24.77504
24.77504 24.77504 24.77504 24.77504 24.77504
24.77504 24.77504 24.77504 24.77504 24.77504
24.77504 24.77504 24.77504 24.77504 24.77504
24.77504 24.77504 24.77504 24.77504 24.77504
24.77504 24.77504 24.77504 24.77504 24.77504
24.77504 24.77504 24.77504 24.77504 24.77504
24.77504 24.77504 24.77504 24.77504 24.77504
24.77504 24.77504 24.77504 24.77504 24.77504
24.77504 24.77504 24.77504 24.77504 24.77504
24.77504 24.77504 24.77504 24.77504 24.77504
24.77504 24.77504 24.77504 24.77504 24.77504
24.77504 24.77504 24.77504 24.77504 24.77504
24.77504 24.77504 24.77504 24.77504 24.77504
24.77504 24.77504 24.77504 24.77504 24.77504
24.77504 24.77504 24.77504 24.77504 24.77504
24.77504 24.77504 24.77504 24.77504 24.77504
24.77504 24.77504 24.77504 24.77504 24.77504
24.77504 24.74661 24.63292 24.51922 24.40552
24.29182 24.17812 24.06443 23.95073 23.83703
24.7097 24.7097 24.7097 24.7097 24.7097
24.7097 24.7097 24.7097 24.7097 24.7097
24.7097 24.7097 24.7097 24.7097 24.7097
24.7097 24.7097 24.7097 24.7097 24.7097
24.7097 24.7097 24.7097 24.7097 24.7097
24.7097 24.7097 24.7097 24.7097 24.7097
24.7097 24.7097 24.7097 24.7097 24.7097
24.7097 24.7097 24.7097 24.7097 24.7097
24.7097 24.7097 24.7097 24.7097 24.7097
24.7097 24.7097 24.7097 24.7097 24.7097
24.7097 24.7097 24.7097 24.7097 24.7097
24.7097 24.7097 24.7097 24.7097 24.7097
24.7097 24.7097 24.7097 24.7097 24.7097
24.7097 24.7097 24.7097 24.7097 24.7097
24.7097 24.7097 24.7097 24.7097 24.7097
24.7097 24.7097 24.7097 24.7097 24.7097
24.7097 24.7097 24.7097 24.7097 24.7097
24.7097 24.7097 24.7097 24.7097 24.7097
24.7097 24.68127 24.56758 24.45388 24.34018
24.22648 24.11278 23.99909 23.88539 23.77169
24.64436 24.64436 24.64436 24.64436 24.64436
24.64436 24.64436 24.64436 24.64436 24.64436
24.64436 24.64436 24.64436 24.64436 24.64436
24.64436 24.64436 24.64436 24.64436 24.64436
24.64436 24.64436 24.64436 24.64436 24.64436
24.64436 24.64436 24.64436 24.64436 24.64436
24.64436 24.64436 24.64436 24.64436 24.64436
24.64436 24.64436 24.64436 24.64436 24.64436
24.64436 24.64436 24.64436 24.64436 24.64436
24.64436 24.64436 24.64436 24.64436 24.64436
24.64436 24.64436 24.64436 24.64436 24.64436
24.64436 24.64436 24.64436 24.64436 24.64436
24.64436 24.64436 24.64436 24.64436 24.64436
24.64436 24.64436 24.64436 24.64436 24.64436
24.64436 24.64436 24.64436 24.64436 24.64436
24.64436 24.64436 24.64436 24.64436 24.64436
24.64436 24.64436 24.64436 24.64436 24.64436
24.64436 24.64436 24.64436 24.64436 24.64436
24.64436 24.61593 24.50224 24.38854 24.27484
24.16114 24.04744 23.93375 23.82005 23.70635
24.58189 24.58189 24.58189 24.58189 24.58189
24.58189 24.58189 24.58189 24.58189 24.58189
24.58189 24.58189 24.58189 24.58189 24.58189
24.58189 24.58189 24.58189 24.58189 24.58189
24.58189 24.58189 24.58189 24.58189 24.58189
24.58189 24.58189 24.58189 24.58189 24.58189
24.58189 24.58189 24.58189 24.58189 24.58189
24.58189 24.58189 24.58189 24.58189 24.58189
24.58189 24.58189 24.58189 24.58189 24.58189
24.58189 24.58189 24.58189 24.58189 24.58189
24.58189 24.58189 24.58189 24.58189 24.58189
24.58189 24.58189 24.58189 24.58189 24.58189
24.58189 24.58189 24.58189 24.58189 24.58189
24.58189 24.58189 24.58189 24.58189 24.58189
24.58189 24.58189 24.58189 24.58189 24.58189
24.58189 24.58189 24.58189 24.58189 24.58189
24.58189 24.58189 24.58189 24.58189 24.58189
24.58189 24.58189 24.58189 24.58189 24.58189
24.58189 24.55346 24.43976 24.32606 24.21237
24.09867 23.98497 23.87127 23.75757 23.64388
24.53566 24.53566 24.53566 24.53566 24.53566
24.53566 24.53566 24.53566 24.53566 24.53566
24.53566 24.53566 24.53566 24.53566 24.53566
24.53566 24.53566 24.53566 24.53566 24.53566
24.53566 24.53566 24.53566 24.53566 24.53566
24.53566 24.53566 24.53566 24.53566 24.53566
24.53566 24.53566 24.53566 24.53566 24.53566
24.53566 24.53566 24.53566 24.53566 24.53566
24.53566 24.53566 24.53566 24.53566 24.53566
24.53566 24.53566 24.53566 24.53566 24.53566
24.53566 24.53566 24.53566 24.53566 24.53566
24.53566 24.53566 24.53566 24.53566 24.53566
24.53566 24.53566 24.53566 24.53566 24.53566
24.53566 24.53566 24.53566 24.53566 24.53566
24.53566 24.53566 24.53566 24.53566 24.53566
24.53566 24.53566 24.53566 24.53566 24.53566
24.53566 24.53566 24.53566 24.53566 24.53566
24.53566 24.53566 24.53566 24.53566 24.53566
24.53566 24.50723 24.39354 24.27984 24.16614
24.05244 23.93874 23.82505 23.71135 23.59765
24.48943 24.48943 24.48943 24.48943 24.48943
24.48943 24.48943 24.48943 24.48943 24.48943
24.48943 24.48943 24.48943 24.48943 24.48943
24.48943 24.48943 24.48943 24.48943 24.48943
24.48943 24.48943 24.48943 24.48943 24.48943
24.48943 24.48943 24.48943 24.48943 24.48943
24.48943 24.48943 24.48943 24.48943 24.48943
24.48943 24.48943 24.48943 24.48943 24.48943
24.48943 24.48943 24.48943 24.48943 24.48943
24.48943 24.48943 24.48943 24.48943 24.48943
24.48943 24.48943 24.48943 24.48943 24.48943
24.48943 24.48943 24.48943 24.48943 24.48943
24.48943 24.48943 24.48943 24.48943 24.48943
24.48943 24.48943 24.48943 24.48943 24.48943
24.48943 24.48943 24.48943 24.48943 24.48943
24.48943 24.48943 24.48943 24.48943 24.48943
24.48943 24.48943 24.48943 24.48943 24.48943
24.48943 24.48943 24.48943 24.48943 24.48943
24.48943 24.46101 24.34731 24.23361 24.11991
24.00622 23.89252 23.77882 23.66512 23.55142
24.44321 24.44321 24.44321 24.44321 24.44321
24.44321 24.44321 24.44321 24.44321 24.44321
24.44321 24.44321 24.44321 24.44321 24.44321
24.44321 24.44321 24.44321 24.44321 24.44321
24.44321 24.44321 24.44321 24.44321 24.44321
24.44321 24.44321 24.44321 24.44321 24.44321
24.44321 24.44321 24.44321 24.44321 24.44321
24.44321 24.44321 24.44321 24.44321 24.44321
24.44321 24.44321 24.44321 24.44321 24.44321
24.44321 24.44321 24.44321 24.44321 24.44321
24.44321 24.44321 24.44321 24.44321 24.44321
24.44321 24.44321 24.44321 24.44321 24.44321
24.44321 24.44321 24.44321 24.44321 24.44321
24.44321 24.44321 24.44321 24.44321 24.44321
24.44321 24.44321 24.44321 24.44321 24.44321
24.44321 24.44321 24.44321 24.44321 24.44321
24.44321 24.44321 24.44321 24.44321 24.44321
24.44321 24.44321 24.44321 24.44321 24.44321
24.44321 24.41478 24.30108 24.18739 24.07369
23.95999 23.84629 23.73259 23.6189 23.5052
24.39698 24.39698 24.39698 24.39698 24.39698
24.39698 24.39698 24.39698 24.39698 24.39698
24.39698 24.39698 24.39698 24.39698 24.39698
24.39698 24.39698 24.39698 24.39698 24.39698
24.39698 24.39698 24.39698 24.39698 24.39698
24.39698 24.39698 24.39698 24.39698 24.39698
24.39698 24.39698 24.39698 24.39698 24.39698
24.39698 24.39698 24.39698 24.39698 24.39698
24.39698 24.39698 24.39698 24.39698 24.39698
24.39698 24.39698 24.39698 24.39698 24.39698
24.39698 24.39698 24.39698 24.39698 24.39698
24.39698 24.39698 24.39698 24.39698 24.39698
24.39698 24.39698 24.39698 24.39698 24.39698
24.39698 24.39698 24.39698 24.39698 24.39698
24.39698 24.39698 24.39698 24.39698 24.39698
24.39698 24.39698 24.39698 24.39698 24.39698
24.39698 24.39698 24.39698 24.39698 24.39698
24.39698 24.39698 24.39698 24.39698 24.39698
24.39698 24.36856 24.25486 24.14116 24.02746
23.91376 23.80007 23.68637 23.57267 23.45897
24.35075 24.35075 24.35075 24.35075 24.35075
24.35075 24.35075 24.35075 24.35075 24.35075
24.35075 24.35075 24.35075 24.35075 24.35075
24.35075 24.35075 24.35075 24.35075 24.35075
24.35075 24.35075 24.35075 24.35075 24.35075
24.35075 24.35075 24.35075 24.35075 24.35075
24.35075 24.35075 24.35075 24.35075 24.35075
24.35075 24.35075 24.35075 24.35075 24.35075
24.35075 24.35075 24.35075 24.35075 24.35075
24.35075 24.35075 24.35075 24.35075 24.35075
24.35075 24.35075 24.35075 24.35075 24.35075
24.35075 24.35075 24.35075 24.35075 24.35075
24.35075 24.35075 24.35075 24.35075 24.35075
24.35075 24.35075 24.35075 24.35075 24.35075
24.35075 24.35075 24.35075 24.35075 24.35075
24.35075 24.35075 24.35075 24.35075 24.35075
24.35075 24.35075 24.35075 24.35075 24.35075
24.35075 24.35075 24.35075 24.35075 24.35075
24.35075 24.32233 24.20863 24.09493 23.98124
23.86754 23.75384 23.64014 23.52644 23.41275
24.30453 24.30453 24.30453 24.30453 24.30453
24.30453 24.30453 24.30453 24.30453 24.30453
24.30453 24.30453 24.30453 24.30453 24.30453
24.30453 24.30453 24.30453 24.30453 24.30453
24.30453 24.30453 24.30453 24.30453 24.30453
24.30453 24.30453 24.30453 24.30453 24.30453
24.30453 24.30453 24.30453 24.30453 24.30453
24.30453 24.30453 24.30453 24.30453 24.30453
24.30453 24.30453 24.30453 24.30453 24.30453
24.30453 24.30453 24.30453 24.30453 24.30453
24.30453 24.30453 24.30453 24.30453 24.30453
24.30453 24.30453 24.30453 24.30453 24.30453
24.30453 24.30453 24.30453 24.30453 24.30453
24.30453 24.30453 24.30453 24.30453 24.30453
24.30453 24.30453 24.30453 24.30453 24.30453
24.30453 24.30453 24.30453 24.30453 24.30453
24.30453 24.30453 24.30453 24.30453 24.30453
24.30453 24.30453 24.30453 24.30453 24.30453
24.30453 24.2761 24.16241 24.04871 23.93501
23.82131 23.70761 23.59392 23.48022 23.36652
24.2583 24.2583 24.2583 24.2583 24.2583
24.2583 24.2583 24.2583 24.2583 24.2583
24.2583 24.2583 24.2583 24.2583 24.2583
24.2583 24.2583 24.2583 24.2583 24.2583
24.2583 24.2583 24.2583 24.2583 24.2583
24.2583 24.2583 24.2583 24.2583 24.2583
24.2583 24.2583 24.2583 24.2583 24.2583
24.2583 24.2583 24.2583 24.2583 24.2583
24.2583 24.2583 24.2583 24.2583 24.2583
24.2583 24.2583 24.2583 24.2583 24.2583
24.2583 24.2583 24.2583 24.2583 24.2583
24.2583 24.2583 24.2583 24.2583 24.2583
24.2583 24.2583 24.2583 24.2583 24.2583
24.2583 24.2583 24.2583 24.2583 24.2583
24.2583 24.2583 24.2583 24.2583 24.2583
24.2583 24.2583 24.2583 24.2583 24.2583
24.2583 24.2583 24.2583 24.2583 24.2583
24.2583 24.2583 24.2583 24.2583 24.2583
24.2583 24.22988 24.11618 24.00248 23.88878
23.77509 23.66139 23.54769 23.43399 23.32029
24.21208 24.21208 24.21208 24.21208 24.21208
24.21208 24.21208 24.21208 24.21208 24.21208
24.21208 24.21208 24.21208 24.21208 24.21208
24.21208 24.21208 24.21208 24.21208 24.21208
24.21208 24.21208 24.21208 24.21208 24.21208
24.21208 24.21208 24.21208 24.21208 24.21208
24.21208 24.21208 24.21208 24.21208 24.21208
24.21208 24.21208 24.21208 24.21208 24.21208
24.21208 24.21208 24.21208 24.21208 24.21208
24.21208 24.21208 24.21208 24.21208 24.21208
24.21208 24.21208 24.21208 24.21208 24.21208
24.21208 24.21208 24.21208 24.21208 24.21208
24.21208 24.21208 24.21208 24.21208 24.21208
24.21208 24.21208 24.21208 24.21208 24.21208
24.21208 24.21208 24.21208 24.21208 24.21208
24.21208 24.21208 24.21208 24.21208 24.21208
24.21208 24.21208 24.21208 24.21208 24.21208
24.21208 24.21208 24.21208 24.21208 24.21208
24.21208 24.18365 24.06995 23.95626 23.84256
23.72886 23.61516 23.50146 23.38777 23.27407
24.16585 24.16585 24.16585 24.16585 24.16585
24.16585 24.16585 24.16585 24.16585 24.16585
24.16585 24.16585 24.16585 24.16585 24.16585
24.16585 24.16585 24.16585 24.16585 24.16585
24.16585 24.16585 24.16585 24.16585 24.16585
24.16585 24.16585 24.16585 24.16585 24.16585
24.16585 24.16585 24.16585 24.16585 24.16585
24.16585 24.16585 24.16585 24.16585 24.16585
24.16585 24.16585 24.16585 24.16585 24.16585
24.16585 24.16585 24.16585 24.16585 24.16585
24.16585 24.16585 24.16585 24.16585 24.16585
24.16585 24.16585 24.16585 24.16585 24.16585
24.16585 24.16585 24.16585 24.16585 24.16585
24.16585 24.16585 24.16585 24.16585 24.16585
24.16585 24.16585 24.16585 24.16585 24.16585
24.16585 24.16585 24.16585 24.16585 24.16585
24.16585 24.16585 24.16585 24.16585 24.16585
24.16585 24.16585 24.16585 24.16585 24.16585
24.16585 24.13743 24.02373 23.91003 23.79633
23.68263 23.56894 23.45524 23.34154 23.22784
24.11962 24.11962 24.11962 24.11962 24.11962
24.11962 24.11962 24.11962 24.11962 24.11962
24.11962 24.11962 24.11962 24.11962 24.11962
24.11962 24.11962 24.11962 24.11962 24.11962
24.11962 24.11962 24.11962 24.11962 24.11962
24.11962 24.11962 24.11962 24.11962 24.11962
24.11962 24.11962 24.11962 24.11962 24.11962
24.11962 24.11962 24.11962 24.11962 24.11962
24.11962 24.11962 24.11962 24.11962 24.11962
24.11962 24.11962 24.11962 24.11962 24.11962
24.11962 24.11962 24.11962 24.11962 24.11962
24.11962 24.11962 24.11962 24.11962 24.11962
24.11962 24.11962 24.11962 24.11962 24.11962
24.11962 24.11962 24.11962 24.11962 24.11962
24.11962 24.11962 24.11962 24.11962 24.11962
24.11962 24.11962 24.11962 24.11962 24.11962
24.11962 24.11962 24.11962 24.11962 24.11962
24.11962 24.11962 24.11962 24.11962 24.11962
24.11962 24.0912 23.9775 23.8638 23.75011
23.63641 23.52271 23.40901 23.29531 23.18162
24.0734 24.0734 24.0734 24.0734 24.0734
24.0734 24.0734 24.0734 24.0734 24.0734
24.0734 24.0734 24.0734 24.0734 24.0734
24.0734 24.0734 24.0734 24.0734 24.0734
24.0734 24.0734 24.0734 24.0734 24.0734
24.0734 24.0734 24.0734 24.0734 24.0734
24.0734 24.0734 24.0734 24.0734 24.0734
24.0734 24.0734 24.0734 24.0734 24.0734
24.0734 24.0734 24.0734 24.0734 24.0734
24.0734 24.0734 24.0734 24.0734 24.0734
24.0734 24.0734 24.0734 24.0734 24.0734
24.0734 24.0734 24.0734 24.0734 24.0734
24.0734 24.0734 24.0734 24.0734 24.0734
24.0734 24.0734 24.0734 24.0734 24.0734
24.0734 24.0734 24.0734 24.0734 24.0734
24.0734 24.0734 24.0734 24.0734 24.0734
24.0734 24.0734 24.0734 24.0734 24.0734
24.0734 24.0734 24.0734 24.0734 24.0734
24.0734 24.04497 23.93128 23.81758 23.70388
23.59018 23.47648 23.36279 23.24909 23.13539
24.02717 24.02717 24.02717 24.02717 24.02717
24.02717 24.02717 24.02717 24.02717 24.02717
24.02717 24.02717 24.02717 24.02717 24.02717
24.02717 24.02717 24.02717 24.02717 24.02717
24.02717 24.02717 24.02717 24.02717 24.02717
24.02717 24.02717 24.02717 24.02717 24.02717
24.02717 24.02717 24.02717 24.02717 24.02717
24.02717 24.02717 24.02717 24.02717 24.02717
24.02717 24.02717 24.02717 24.02717 24.02717
24.02717 24.02717 24.02717 24.02717 24.02717
24.02717 24.02717 24.02717 24.02717 24.02717
24.02717 24.02717 24.02717 24.02717 24.02717
24.02717 24.02717 24.02717 24.02717 24.02717
24.02717 24.02717 24.02717 24.02717 24.02717
24.02717 24.02717 24.02717 24.02717 24.02717
24.02717 24.02717 24.02717 24.02717 24.02717
24.02717 24.02717 24.02717 24.02717 24.02717
24.02717 24.02717 24.02717 24.02717 24.02717
24.02717 23.99875 23.88505 23.77135 23.65765
23.54396 23.43026 23.31656 23.20286 23.08916
23.98095 23.98095 23.98095 23.98095 23.98095
23.98095 23.98095 23.98095 23.98095 23.98095
23.98095 23.98095 23.98095 23.98095 23.98095
23.98095 23.98095 23.98095 23.98095 23.98095
23.98095 23.98095 23.98095 23.98095 23.98095
23.98095 23.98095 23.98095 23.98095 23.98095
23.98095 23.98095 23.98095 23.98095 23.98095
23.98095 23.98095 23.98095 23.98095 23.98095
23.98095 23.98095 23.98095 23.98095 23.98095
23.98095 23.98095 23.98095 23.98095 23.98095
23.98095 23.98095 23.98095 23.98095 23.98095
23.98095 23.98095 23.98095 23.98095 23.98095
23.98095 23.98095 23.98095 23.98095 23.98095
23.98095 23.98095 23.98095 23.98095 23.98095
23.98095 23.98095 23.98095 23.98095 23.98095
23.98095 23.98095 23.98095 23.98095 23.98095
23.98095 23.98095 23.98095 23.98095 23.98095
23.98095 23.98095 23.98095 23.98095 23.98095
23.98095 23.95252 23.83882 23.72513 23.61143
23.49773 23.38403 23.27033 23.15664 23.04294
23.93472 23.93472 23.93472 23.93472 23.93472
23.93472 23.93472 23.93472 23.93472 23.93472
23.93472 23.93472 23.93472 23.93472 23.93472
23.93472 23.93472 23.93472 23.93472 23.93472
23.93472 23.93472 23.93472 23.93472 23.93472
23.93472 23.93472 23.93472 23.93472 23.93472
23.93472 23.93472 23.93472 23.93472 23.93472
23.93472 23.93472 23.93472 23.93472 23.93472
23.93472 23.93472 23.93472 23.93472 23.93472
23.93472 23.93472 23.93472 23.93472 23.93472
23.93472 23.93472 23.93472 23.93472 23.93472
23.93472 23.93472 23.93472 23.93472 23.93472
23.93472 23.93472 23.93472 23.93472 23.93472
23.93472 23.93472 23.93472 23.93472 23.93472
23.93472 23.93472 23.93472 23.93472 23.93472
23.93472 23.93472 23.93472 23.93472 23.93472
23.93472 23.93472 23.93472 23.93472 23.93472
23.93472 23.93472 23.93472 23.93472 23.93472
23.93472 23.9063 23.7926 23.6789 23.5652
23.4515 23.33781 23.22411 23.11041 22.99671
23.88849 23.88849 23.88849 23.88849 23.88849
23.88849 23.88849 23.88849 23.88849 23.88849
23.88849 23.88849 23.88849 23.88849 23.88849
23.88849 23.88849 23.88849 23.88849 23.88849
23.88849 23.88849 23.88849 23.88849 23.88849
23.88849 23.88849 23.88849 23.88849 23.88849
23.88849 23.88849 23.88849 23.88849 23.88849
23.88849 23.88849 23.88849 23.88849 23.88849
23.88849 23.88849 23.88849 23.88849 23.88849
23.88849 23.88849 23.88849 23.88849 23.88849
23.88849 23.88849 23.88849 23.88849 23.88849
23.88849 23.88849 23.88849 23.88849 23.88849
23.88849 23.88849 23.88849 23.88849 23.88849
23.88849 23.88849 23.88849 23.88849 23.88849
23.88849 23.88849 23.88849 23.88849 23.88849
23.88849 23.88849 23.88849 23.88849 23.88849
23.88849 23.88849 23.88849 23.88849 23.88849
23.88849 23.88849 23.88849 23.88849 23.88849
23.88849 23.86007 23.74637 23.63267 23.51898
23.40528 23.29158 23.17788 23.06418 22.95049
23.84227 23.84227 23.84227 23.84227 23.84227
23.84227 23.84227 23.84227 23.84227 23.84227
23.84227 23.84227 23.84227 23.84227 23.84227
23.84227 23.84227 23.84227 23.84227 23.84227
23.84227 23.84227 23.84227 23.84227 23.84227
23.84227 23.84227 23.84227 23.84227 23.84227
23.84227 23.84227 23.84227 23.84227 23.84227
23.84227 23.84227 23.84227 23.84227 23.84227
23.84227 23.84227 23.84227 23.84227 23.84227
23.84227 23.84227 23.84227 23.84227 23.84227
23.84227 23.84227 23.84227 23.84227 23.84227
23.84227 23.84227 23.84227 23.84227 23.84227
23.84227 23.84227 23.84227 23.84227 23.84227
23.84227 23.84227 23.84227 23.84227 23.84227
23.84227 23.84227 23.84227 23.84227 23.84227
23.84227 23.84227 23.84227 23.84227 23.84227
23.84227 23.84227 23.84227 23.84227 23.84227
23.84227 23.84227 23.84227 23.84227 23.84227
23.84227 23.81384 23.70015 23.58645 23.47275
23.35905 23.24535 23.13166 23.01796 22.90426
23.79604 23.79604 23.79604 23.79604 23.79604
23.79604 23.79604 23.79604 23.79604 23.79604
23.79604 23.79604 23.79604 23.79604 23.79604
23.79604 23.79604 23.79604 23.79604 23.79604
23.79604 23.79604 23.79604 23.79604 23.79604
23.79604 23.79604 23.79604 23.79604 23.79604
23.79604 23.79604 23.79604 23.79604 23.79604
23.79604 23.79604 23.79604 23.79604 23.79604
23.79604 23.79604 23.79604 23.79604 23.79604
23.79604 23.79604 23.79604 23.79604 23.79604
23.79604 23.79604 23.79604 23.79604 23.79604
23.79604 23.79604 23.79604 23.79604 23.79604
23.79604 23.79604 23.79604 23.79604 23.79604
23.79604 23.79604 23.79604 23.79604 23.79604
23.79604 23.79604 23.79604 23.79604 23.79604
23.79604 23.79604 23.79604 23.79604 23.79604
23.79604 23.79604 23.79604 23.79604 23.79604
23.79604 23.79604 23.79604 23.79604 23.79604
23.79604 23.76762 23.65392 23.54022 23.42652
23.31283 23.19913 23.08543 22.97173 22.85803
23.74982 23.74982 23.74982 23.74982 23.74982
23.74982 23.74982 23.74982 23.74982 23.74982
23.74982 23.74982 23.74982 23.74982 23.74982
23.74982 23.74982 23.74982 23.74982 23.74982
23.74982 23.74982 23.74982 23.74982 23.74982
23.74982 23.74982 23.74982 23.74982 23.74982
23.74982 23.74982 23.74982 23.74982 23.74982
23.74982 23.74982 23.74982 23.74982 23.74982
23.74982 23.74982 23.74982 23.74982 23.74982
23.74982 23.74982 23.74982 23.74982 23.74982
23.74982 23.74982 23.74982 23.74982 23.74982
23.74982 23.74982 23.74982 23.74982 23.74982
23.74982 23.74982 23.74982 23.74982 23.74982
23.74982 23.74982 23.74982 23.74982 23.74982
23.74982 23.74982 23.74982 23.74982 23.74982
23.74982 23.74982 23.74982 23.74982 23.74982
23.74982 23.74982 23.74982 23.74982 23.74982
23.74982 23.74982 23.74982 23.74982 23.74982
23.74982 23.72139 23.60769 23.494 23.3803
23.2666 23.1529 23.0392 22.9255 22.81181
23.70359 23.70359 23.70359 23.70359 23.70359
23.70359 23.70359 23.70359 23.70359 23.70359
23.70359 23.70359 23.70359 23.70359 23.70359
23.70359 23.70359 23.70359 23.70359 23.70359
23.70359 23.70359 23.70359 23.70359 23.70359
23.70359 23.70359 23.70359 23.70359 23.70359
23.70359 23.70359 23.70359 23.70359 23.70359
23.70359 23.70359 23.70359 23.70359 23.70359
23.70359 23.70359 23.70359 23.70359 23.70359
23.70359 23.70359 23.70359 23.70359 23.70359
23.70359 23.70359 23.70359 23.70359 23.70359
23.70359 23.70359 23.70359 23.70359 23.70359
23.70359 23.70359 23.70359 23.70359 23.70359
23.70359 23.70359 23.70359 23.70359 23.70359
23.70359 23.70359 23.70359 23.70359 23.70359
23.70359 23.70359 23.70359 23.70359 23.70359
23.70359 23.70359 23.70359 23.70359 23.70359
23.70359 23.70359 23.70359 23.70359 23.70359
23.70359 23.67517 23.56147 23.44777 23.33407
23.22037 23.10667 22.99298 22.87928 22.76558
23.65736 23.65736 23.65736 23.65736 23.65736
23.65736 23.65736 23.65736 23.65736 23.65736
23.65736 23.65736 23.65736 23.65736 23.65736
23.65736 23.65736 23.65736 23.65736 23.65736
23.65736 23.65736 23.65736 23.65736 23.65736
23.65736 23.65736 23.65736 23.65736 23.65736
23.65736 23.65736 23.65736 23.65736 23.65736
23.65736 23.65736 23.65736 23.65736 23.65736
23.65736 23.65736 23.65736 23.65736 23.65736
23.65736 23.65736 23.65736 23.65736 23.65736
23.65736 23.65736 23.65736 23.65736 23.65736
23.65736 23.65736 23.65736 23.65736 23.65736
23.65736 23.65736 23.65736 23.65736 23.65736
23.65736 23.65736 23.65736 23.65736 23.65736
23.65736 23.65736 23.65736 23.65736 23.65736
23.65736 23.65736 23.65736 23.65736 23.65736
23.65736 23.65736 23.65736 23.65736 23.65736
23.65736 23.65736 23.65736 23.65736 23.65736
23.65736 23.62894 23.51524 23.40154 23.28784
23.17415 23.06045 22.94675 22.83305 22.71935
23.61114 23.61114 23.61114 23.61114 23.61114
23.61114 23.61114 23.61114 23.61114 23.61114
23.61114 23.61114 23.61114 23.61114 23.61114
23.61114 23.61114 23.61114 23.61114 23.61114
23.61114 23.61114 23.61114 23.61114 23.61114
23.61114 23.61114 23.61114 23.61114 23.61114
23.61114 23.61114 23.61114 23.61114 23.61114
23.61114 23.61114 23.61114 23.61114 23.61114
23.61114 23.61114 23.61114 23.61114 23.61114
23.61114 23.61114 23.61114 23.61114 23.61114
23.61114 23.61114 23.61114 23.61114 23.61114
23.61114 23.61114 23.61114 23.61114 23.61114
23.61114 23.61114 23.61114 23.61114 23.61114
23.61114 23.61114 23.61114 23.61114 23.61114
23.61114 23.61114 23.61114 23.61114 23.61114
23.61114 23.61114 23.61114 23.61114 23.61114
23.61114 23.61114 23.61114 23.61114 23.61114
23.61114 23.61114 23.61114 23.61114 23.61114
23.61114 23.58271 23.46902 23.35532 23.24162
23.12792 23.01422 22.90052 22.78683 22.67313
23.56491 23.56491 23.56491 23.56491 23.56491
23.56491 23.56491 23.56491 23.56491 23.56491
23.56491 23.56491 23.56491 23.56491 23.56491
23.56491 23.56491 23.56491 23.56491 23.56491
23.56491 23.56491 23.56491 23.56491 23.56491
23.56491 23.56491 23.56491 23.56491 23.56491
23.56491 23.56491 23.56491 23.56491 23.56491
23.56491 23.56491 23.56491 23.56491 23.56491
23.56491 23.56491 23.56491 23.56491 23.56491
23.56491 23.56491 23.56491 23.56491 23.56491
23.56491 23.56491 23.56491 23.56491 23.56491
23.56491 23.56491 23.56491 23.56491 23.56491
23.56491 23.56491 23.56491 23.56491 23.56491
23.56491 23.56491 23.56491 23.56491 23.56491
23.56491 23.56491 23.56491 23.56491 23.56491
23.56491 23.56491 23.56491 23.56491 23.56491
23.56491 23.56491 23.56491 23.56491 23.56491
23.56491 23.56491 23.56491 23.56491 23.56491
23.56491 23.53649 23.42279 23.30909 23.19539
23.08169 22.968 22.8543 22.7406 22.6269
23.51869 23.51869 23.51869 23.51869 23.51869
23.51869 23.51869 23.51869 23.51869 23.51869
23.51869 23.51869 23.51869 23.51869 23.51869
23.51869 23.51869 23.51869 23.51869 23.51869
23.51869 23.51869 23.51869 23.51869 23.51869
23.51869 23.51869 23.51869 23.51869 23.51869
23.51869 23.51869 23.51869 23.51869 23.51869
23.51869 23.51869 23.51869 23.51869 23.51869
23.51869 23.51869 23.51869 23.51869 23.51869
23.51869 23.51869 23.51869 23.51869 23.51869
23.51869 23.51869 23.51869 23.51869 23.51869
23.51869 23.51869 23.51869 23.51869 23.51869
23.51869 23.51869 23.51869 23.51869 23.51869
23.51869 23.51869 23.51869 23.51869 23.51869
23.51869 23.51869 23.51869 23.51869 23.51869
23.51869 23.51869 23.51869 23.51869 23.51869
23.51869 23.51869 23.51869 23.51869 23.51869
23.51869 23.51869 23.51869 23.51869 23.51869
23.51869 23.49026 23.37656 23.26286 23.14917
23.03547 22.92177 22.80807 22.69437 22.58068
23.47246 23.47246 23.47246 23.47246 23.47246
23.47246 23.47246 23.47246 23.47246 23.47246
23.47246 23.47246 23.47246 23.47246 23.47246
23.47246 23.47246 23.47246 23.47246 23.47246
23.47246 23.47246 23.47246 23.47246 23.47246
23.47246 23.47246 23.47246 23.47246 23.47246
23.47246 23.47246 23.47246 23.47246 23.47246
23.47246 23.47246 23.47246 23.47246 23.47246
23.47246 23.47246 23.47246 23.47246 23.47246
23.47246 23.47246 23.47246 23.47246 23.47246
23.47246 23.47246 23.47246 23.47246 23.47246
23.47246 23.47246 23.47246 23.47246 23.47246
23.47246 23.47246 23.47246 23.47246 23.47246
23.47246 23.47246 23.47246 23.47246 23.47246
23.47246 23.47246 23.47246 23.47246 23.47246
23.47246 23.47246 23.47246 23.47246 23.47246
23.47246 23.47246 23.47246 23.47246 23.47246
23.47246 23.47246 23.47246 23.47246 23.47246
23.47246 23.44403 23.33034 23.21664 23.10294
22.98924 22.87554 22.76185 22.64815 22.53445
23.42623 23.42623 23.42623 23.42623 23.42623
23.42623 23.42623 23.42623 23.42623 23.42623
23.42623 23.42623 23.42623 23.42623 23.42623
23.42623 23.42623 23.42623 23.42623 23.42623
23.42623 23.42623 23.42623 23.42623 23.42623
23.42623 23.42623 23.42623 23.42623 23.42623
23.42623 23.42623 23.42623 23.42623 23.42623
23.42623 23.42623 23.42623 23.42623 23.42623
23.42623 23.42623 23.42623 23.42623 23.42623
23.42623 23.42623 23.42623 23.42623 23.42623
23.42623 23.42623 23.42623 23.42623 23.42623
23.42623 23.42623 23.42623 23.42623 23.42623
23.42623 23.42623 23.42623 23.42623 23.42623
23.42623 23.42623 23.42623 23.42623 23.42623
23.42623 23.42623 23.42623 23.42623 23.42623
23.42623 23.42623 23.42623 23.42623 23.42623
23.42623 23.42623 23.42623 23.42623 23.42623
23.42623 23.42623 23.42623 23.42623 23.42623
23.42623 23.39781 23.28411 23.17041 23.05671
22.94302 22.82932 22.71562 22.60192 22.48822
23.38001 23.38001 23.38001 23.38001 23.38001
23.38001 23.38001 23.38001 23.38001 23.38001
23.38001 23.38001 23.38001 23.38001 23.38001
23.38001 23.38001 23.38001 23.38001 23.38001
23.38001 23.38001 23.38001 23.38001 23.38001
23.38001 23.38001 23.38001 23.38001 23.38001
23.38001 23.38001 23.38001 23.38001 23.38001
23.38001 23.38001 23.38001 23.38001 23.38001
23.38001 23.38001 23.38001 23.38001 23.38001
23.38001 23.38001 23.38001 23.38001 23.38001
23.38001 23.38001 23.38001 23.38001 23.38001
23.38001 23.38001 23.38001 23.38001 23.38001
23.38001 23.38001 23.38001 23.38001 23.38001
23.38001 23.38001 23.38001 23.38001 23.38001
23.38001 23.38001 23.38001 23.38001 23.38001
23.38001 23.38001 23.38001 23.38001 23.38001
23.38001 23.38001 23.38001 23.38001 23.38001
23.38001 23.38001 23.38001 23.38001 23.38001
23.38001 23.35158 23.23788 23.12419 23.01049
22.89679 22.78309 22.66939 22.5557 22.442
23.33378 23.33378 23.33378 23.33378 23.33378
23.33378 23.33378 23.33378 23.33378 23.33378
23.33378 23.33378 23.33378 23.33378 23.33378
23.33378 23.33378 23.33378 23.33378 23.33378
23.33378 23.33378 23.33378 23.33378 23.33378
23.33378 23.33378 23.33378 23.33378 23.33378
23.33378 23.33378 23.33378 23.33378 23.33378
23.33378 23.33378 23.33378 23.33378 23.33378
23.33378 23.33378 23.33378 23.33378 23.33378
23.33378 23.33378 23.33378 23.33378 23.33378
23.33378 23.33378 23.33378 23.33378 23.33378
23.33378 23.33378 23.33378 23.33378 23.33378
23.33378 23.33378 23.33378 23.33378 23.33378
23.33378 23.33378 23.33378 23.33378 23.33378
23.33378 23.33378 23.33378 23.33378 23.33378
23.33378 23.33378 23.33378 23.33378 23.33378
23.33378 23.33378 23.33378 23.33378 23.33378
23.33378 23.33378 23.33378 23.33378 23.33378
23.33378 23.30536 23.19166 23.07796 22.96426
22.85056 22.73687 22.62317 22.50947 22.39577
23.28756 23.28756 23.28756 23.28756 23.28756
23.28756 23.28756 23.28756 23.28756 23.28756
23.28756 23.28756 23.28756 23.28756 23.28756
23.28756 23.28756 23.28756 23.28756 23.28756
23.28756 23.28756 23.28756 23.28756 23.28756
23.28756 23.28756 23.28756 23.28756 23.28756
23.28756 23.28756 23.28756 23.28756 23.28756
23.28756 23.28756 23.28756 23.28756 23.28756
23.28756 23.28756 23.28756 23.28756 23.28756
23.28756 23.28756 23.28756 23.28756 23.28756
23.28756 23.28756 23.28756 23.28756 23.28756
23.28756 23.28756 23.28756 23.28756 23.28756
23.28756 23.28756 23.28756 23.28756 23.28756
23.28756 23.28756 23.28756 23.28756 23.28756
23.28756 23.28756 23.28756 23.28756 23.28756
23.28756 23.28756 23.28756 23.28756 23.28756
23.28756 23.28756 23.28756 23.28756 23.28756
23.28756 23.28756 23.28756 23.28756 23.28756
23.28756 23.25913 23.14543 23.03173 22.91804
22.80434 22.69064 22.57694 22.46324 22.34955
23.24133 23.24133 23.24133 23.24133 23.24133
23.24133 23.24133 23.24133 23.24133 23.24133
23.24133 23.24133 23.24133 23.24133 23.24133
23.24133 23.24133 23.24133 23.24133 23.24133
23.24133 23.24133 23.24133 23.24133 23.24133
23.24133 23.24133 23.24133 23.24133 23.24133
23.24133 23.24133 23.24133 23.24133 23.24133
23.24133 23.24133 23.24133 23.24133 23.24133
23.24133 23.24133 23.24133 23.24133 23.24133
23.24133 23.24133 23.24133 23.24133 23.24133
23.24133 23.24133 23.24133 23.24133 23.24133
23.24133 23.24133 23.24133 23.24133 23.24133
23.24133 23.24133 23.24133 23.24133 23.24133
23.24133 23.24133 23.24133 23.24133 23.24133
23.24133 23.24133 23.24133 23.24133 23.24133
23.24133 23.24133 23.24133 23.24133 23.24133
23.24133 23.24133 23.24133 23.24133 23.24133
23.24133 23.24133 23.24133 23.24133 23.24133
23.24133 23.2129 23.09921 22.98551 22.87181
22.75811 22.64441 22.53072 22.41702 22.30332
23.1951 23.1951 23.1951 23.1951 23.1951
23.1951 23.1951 23.1951 23.1951 23.1951
23.1951 23.1951 23.1951 23.1951 23.1951
23.1951 23.1951 23.1951 23.1951 23.1951
23.1951 23.1951 23.1951 23.1951 23.1951
23.1951 23.1951 23.1951 23.1951 23.1951
23.1951 23.1951 23.1951 23.1951 23.1951
23.1951 23.1951 23.1951 23.1951 23.1951
23.1951 23.1951 23.1951 23.1951 23.1951
23.1951 23.1951 23.1951 23.1951 23.1951
23.1951 23.1951 23.1951 23.1951 23.1951
23.1951 23.1951 23.1951 23.1951 23.1951
23.1951 23.1951 23.1951 23.1951 23.1951
23.1951 23.1951 23.1951 23.1951 23.1951
23.1951 23.1951 23.1951 23.1951 23.1951
23.1951 23.1951 23.1951 23.1951 23.1951
23.1951 23.1951 23.1951 23.1951 23.1951
23.1951 23.1951 23.1951 23.1951 23.1951
23.1951 23.16668 23.05298 22.93928 22.82558
22.71189 22.59819 22.48449 22.37079 22.25709
23.14888 23.14888 23.14888 23.14888 23.14888
23.14888 23.14888 23.14888 23.14888 23.14888
23.14888 23.14888 23.14888 23.14888 23.14888
23.14888 23.14888 23.14888 23.14888 23.14888
23.14888 23.14888 23.14888 23.14888 23.14888
23.14888 23.14888 23.14888 23.14888 23.14888
23.14888 23.14888 23.14888 23.14888 23.14888
23.14888 23.14888 23.14888 23.14888 23.14888
23.14888 23.14888 23.14888 23.14888 23.14888
23.14888 23.14888 23.14888 23.14888 23.14888
23.14888 23.14888 23.14888 23.14888 23.14888
23.14888 23.14888 23.14888 23.14888 23.14888
23.14888 23.14888 23.14888 23.14888 23.14888
23.14888 23.14888 23.14888 23.14888 23.14888
23.14888 23.14888 23.14888 23.14888 23.14888
23.14888 23.14888 23.14888 23.14888 23.14888
23.14888 23.14888 23.14888 23.14888 23.14888
23.14888 23.14888 23.14888 23.14888 23.14888
23.14888 23.12045 23.00675 22.89306 22.77936
22.66566 22.55196 22.43826 22.32457 22.21087
23.10265 23.10265 23.10265 23.10265 23.10265
23.10265 23.10265 23.10265 23.10265 23.10265
23.10265 23.10265 23.10265 23.10265 23.10265
23.10265 23.10265 23.10265 23.10265 23.10265
23.10265 23.10265 23.10265 23.10265 23.10265
23.10265 23.10265 23.10265 23.10265 23.10265
23.10265 23.10265 23.10265 23.10265 23.10265
23.10265 23.10265 23.10265 23.10265 23.10265
23.10265 23.10265 23.10265 23.10265 23.10265
23.10265 23.10265 23.10265 23.10265 23.10265
23.10265 23.10265 23.10265 23.10265 23.10265
23.10265 23.10265 23.10265 23.10265 23.10265
23.10265 23.10265 23.10265 23.10265 23.10265
23.10265 23.10265 23.10265 23.10265 23.10265
23.10265 23.10265 23.10265 23.10265 23.10265
23.10265 23.10265 23.10265 23.10265 23.10265
23.10265 23.10265 23.10265 23.10265 23.10265
23.10265 23.10265 23.10265 23.10265 23.10265
23.10265 23.07423 22.96053 22.84683 22.73313
22.61943 22.50574 22.39204 22.27834 22.16464
23.05642 23.05642 23.05642 23.05642 23.05642
23.05642 23.05642 23.05642 23.05642 23.05642
23.05642 23.05642 23.05642 23.05642 23.05642
23.05642 23.05642 23.05642 23.05642 23.05642
23.05642 23.05642 23.05642 23.05642 23.05642
23.05642 23.05642 23.05642 23.05642 23.05642
23.05642 23.05642 23.05642 23.05642 23.05642
23.05642 23.05642 23.05642 23.05642 23.05642
23.05642 23.05642 23.05642 23.05642 23.05642
23.05642 23.05642 23.05642 23.05642 23.05642
23.05642 23.05642 23.05642 23.05642 23.05642
23.05642 23.05642 23.05642 23.05642 23.05642
23.05642 23.05642 23.05642 23.05642 23.05642
23.05642 23.05642 23.05642 23.05642 23.05642
23.05642 23.05642 23.05642 23.05642 23.05642
23.05642 23.05642 23.05642 23.05642 23.05642
23.05642 23.05642 23.05642 23.05642 23.05642
23.05642 23.05642 23.05642 23.05642 23.05642
23.05642 23.028 22.9143 22.8006 22.68691
22.57321 22.45951 22.34581 22.23211 22.11842
23.0102 23.0102 23.0102 23.0102 23.0102
23.0102 23.0102 23.0102 23.0102 23.0102
23.0102 23.0102 23.0102 23.0102 23.0102
23.0102 23.0102 23.0102 23.0102 23.0102
23.0102 23.0102 23.0102 23.0102 23.0102
23.0102 23.0102 23.0102 23.0102 23.0102
23.0102 23.0102 23.0102 23.0102 23.0102
23.0102 23.0102 23.0102 23.0102 23.0102
23.0102 23.0102 23.0102 23.0102 23.0102
23.0102 23.0102 23.0102 23.0102 23.0102
23.0102 23.0102 23.0102 23.0102 23.0102
23.0102 23.0102 23.0102 23.0102 23.0102
23.0102 23.0102 23.0102 23.0102 23.0102
23.0102 23.0102 23.0102 23.0102 23.0102
23.0102 23.0102 23.0102 23.0102 23.0102
23.0102 23.0102 23.0102 23.0102 23.0102
23.0102 23.0102 23.0102 23.0102 23.0102
23.0102 23.0102 23.0102 23.0102 23.0102
23.0102 22.98177 22.86808 22.75438 22.64068
22.52698 22.41328 22.29959 22.18589 22.07219
22.96397 22.96397 22.96397 22.96397 22.96397
22.96397 22.96397 22.96397 22.96397 22.96397
22.96397 22.96397 22.96397 22.96397 22.96397
22.96397 22.96397 22.96397 22.96397 22.96397
22.96397 22.96397 22.96397 22.96397 22.96397
22.96397 22.96397 22.96397 22.96397 22.96397
22.96397 22.96397 22.96397 22.96397 22.96397
22.96397 22.96397 22.96397 22.96397 22.96397
22.96397 22.96397 22.96397 22.96397 22.96397
22.96397 22.96397 22.96397 22.96397 22.96397
22.96397 22.96397 22.96397 22.96397 22.96397
22.96397 22.96397 22.96397 22.96397 22.96397
22.96397 22.96397 22.96397 22.96397 22.96397
22.96397 22.96397 22.96397 22.96397 22.96397
22.96397 22.96397 22.96397 22.96397 22.96397
22.96397 22.96397 22.96397 22.96397 22.96397
22.96397 22.96397 22.96397 22.96397 22.96397
22.96397 22.96397 22.96397 22.96397 22.96397
22.96397 22.93555 22.82185 22.70815 22.59445
22.48076 22.36706 22.25336 22.13966 22.02596
22.89397 22.89397 22.89397 22.89397 22.89397
22.89397 22.89397 22.89397 22.89397 22.89397
22.89397 22.89397 22.89397 22.89397 22.89397
22.89397 22.89397 22.89397 22.89397 22.89397
22.89397 22.89397 22.89397 22.89397 22.89397
22.89397 22.89397 22.89397 22.89397 22.89397
22.89397 22.89397 22.89397 22.89397 22.89397
22.89397 22.89397 22.89397 22.89397 22.89397
22.89397 22.89397 22.89397 22.89397 22.89397
22.89397 22.89397 22.89397 22.89397 22.89397
22.89397 22.89397 22.89397 22.89397 22.89397
22.89397 22.89397 22.89397 22.89397 22.89397
22.89397 22.89397 22.89397 22.89397 22.89397
22.89397 22.89397 22.89397 22.89397 22.89397
22.89397 22.89397 22.89397 22.89397 22.89397
22.89397 22.89397 22.89397 22.89397 22.89397
22.89397 22.89397 22.89397 22.89397 22.89397
22.89397 22.89397 22.89397 22.89397 22.89397
22.89397 22.86555 22.75185 22.63815 22.52445
22.41075 22.29706 22.18336 22.06966 21.95596
22.80113 22.80113 22.80113 22.80113 22.80113
22.80113 22.80113 22.80113 22.80113 22.80113
22.80113 22.80113 22.80113 22.80113 22.80113
22.80113 22.80113 22.80113 22.80113 22.80113
22.80113 22.80113 22.80113 22.80113 22.80113
22.80113 22.80113 22.80113 22.80113 22.80113
22.80113 22.80113 22.80113 22.80113 22.80113
22.80113 22.80113 22.80113 22.80113 22.80113
22.80113 22.80113 22.80113 22.80113 22.80113
22.80113 22.80113 22.80113 22.80113 22.80113
22.80113 22.80113 22.80113 22.80113 22.80113
22.80113 22.80113 22.80113 22.80113 22.80113
22.80113 22.80113 22.80113 22.80113 22.80113
22.80113 22.80113 22.80113 22.80113 22.80113
22.80113 22.80113 22.80113 22.80113 22.80113
22.80113 22.80113 22.80113 22.80113 22.80113
22.80113 22.80113 22.80113 22.80113 22.80113
22.80113 22.80113 22.80113 22.80113 22.80113
22.80113 22.7727 22.65901 22.54531 22.43161
22.31791 22.20421 22.09052 21.97682 21.86312
22.70828 22.70828 22.70828 22.70828 22.70828
22.70828 22.70828 22.70828 22.70828 22.70828
22.70828 22.70828 22.70828 22.70828 22.70828
22.70828 22.70828 22.70828 22.70828 22.70828
22.70828 22.70828 22.70828 22.70828 22.70828
22.70828 22.70828 22.70828 22.70828 22.70828
22.70828 22.70828 22.70828 22.70828 22.70828
22.70828 22.70828 22.70828 22.70828 22.70828
22.70828 22.70828 22.70828 22.70828 22.70828
22.70828 22.70828 22.70828 22.70828 22.70828
22.70828 22.70828 22.70828 22.70828 22.70828
22.70828 22.70828 22.70828 22.70828 22.70828
22.70828 22.70828 22.70828 22.70828 22.70828
22.70828 22.70828 22.70828 22.70828 22.70828
22.70828 22.70828 22.70828 22.70828 22.70828
22.70828 22.70828 22.70828 22.70828 22.70828
22.70828 22.70828 22.70828 22.70828 22.70828
22.70828 22.70828 22.70828 22.70828 22.70828
22.70828 22.67986 22.56616 22.45246 22.33877
22.22507 22.11137 21.99767 21.88397 21.77028
22.61544 22.61544 22.61544 22.61544 22.61544
22.61544 22.61544 22.61544 22.61544 22.61544
22.61544 22.61544 22.61544 22.61544 22.61544
22.61544 22.61544 22.61544 22.61544 22.61544
22.61544 22.61544 22.61544 22.61544 22.61544
22.61544 22.61544 22.61544 22.61544 22.61544
22.61544 22.61544 22.61544 22.61544 22.61544
22.61544 22.61544 22.61544 22.61544 22.61544
22.61544 22.61544 22.61544 22.61544 22.61544
22.61544 22.61544 22.61544 22.61544 22.61544
22.61544 22.61544 22.61544 22.61544 22.61544
22.61544 22.61544 22.61544 22.61544 22.61544
22.61544 22.61544 22.61544 22.61544 22.61544
22.61544 22.61544 22.61544 22.61544 22.61544
22.61544 22.61544 22.61544 22.61544 22.61544
22.61544 22.61544 22.61544 22.61544 22.61544
22.61544 22.61544 22.61544 22.61544 22.61544
22.61544 22.61544 22.61544 22.61544 22.61544
22.61544 22.58702 22.47332 22.35962 22.24592
22.13222 22.01853 21.90483 21.79113 21.67743
22.5226 22.5226 22.5226 22.5226 22.5226
22.5226 22.5226 22.5226 22.5226 22.5226
22.5226 22.5226 22.5226 22.5226 22.5226
22.5226 22.5226 22.5226 22.5226 22.5226
22.5226 22.5226 22.5226 22.5226 22.5226
22.5226 22.5226 22.5226 22.5226 22.5226
22.5226 22.5226 22.5226 22.5226 22.5226
22.5226 22.5226 22.5226 22.5226 22.5226
22.5226 22.5226 22.5226 22.5226 22.5226
22.5226 22.5226 22.5226 22.5226 22.5226
22.5226 22.5226 22.5226 22.5226 22.5226
22.5226 22.5226 22.5226 22.5226 22.5226
22.5226 22.5226 22.5226 22.5226 22.5226
22.5226 22.5226 22.5226 22.5226 22.5226
22.5226 22.5226 22.5226 22.5226 22.5226
22.5226 22.5226 22.5226 22.5226 22.5226
22.5226 22.5226 22.5226 22.5226 22.5226
22.5226 22.5226 22.5226 22.5226 22.5226
22.5226 22.49417 22.38048 22.26678 22.15308
22.03938 21.92568 21.81199 21.69829 21.58459
22.42975 22.42975 22.42975 22.42975 22.42975
22.42975 22.42975 22.42975 22.42975 22.42975
22.42975 22.42975 22.42975 22.42975 22.42975
22.42975 22.42975 22.42975 22.42975 22.42975
22.42975 22.42975 22.42975 22.42975 22.42975
22.42975 22.42975 22.42975 22.42975 22.42975
22.42975 22.42975 22.42975 22.42975 22.42975
22.42975 22.42975 22.42975 22.42975 22.42975
22.42975 22.42975 22.42975 22.42975 22.42975
22.42975 22.42975 22.42975 22.42975 22.42975
22.42975 22.42975 22.42975 22.42975 22.42975
22.42975 22.42975 22.42975 22.42975 22.42975
22.42975 22.42975 22.42975 22.42975 22.42975
22.42975 22.42975 22.42975 22.42975 22.42975
22.42975 22.42975 22.42975 22.42975 22.42975
22.42975 22.42975 22.42975 22.42975 22.42975
22.42975 22.42975 22.42975 22.42975 22.42975
22.42975 22.42975 22.42975 22.42975 22.42975
22.42975 22.40133 22.28763 22.17393 22.06024
21.94654 21.83284 21.71914 21.60544 21.49175
22.33691 22.33691 22.33691 22.33691 22.33691
22.33691 22.33691 22.33691 22.33691 22.33691
22.33691 22.33691 22.33691 22.33691 22.33691
22.33691 22.33691 22.33691 22.33691 22.33691
22.33691 22.33691 22.33691 22.33691 22.33691
22.33691 22.33691 22.33691 22.33691 22.33691
22.33691 22.33691 22.33691 22.33691 22.33691
22.33691 22.33691 22.33691 22.33691 22.33691
22.33691 22.33691 22.33691 22.33691 22.33691
22.33691 22.33691 22.33691 22.33691 22.33691
22.33691 22.33691 22.33691 22.33691 22.33691
22.33691 22.33691 22.33691 22.33691 22.33691
22.33691 22.33691 22.33691 22.33691 22.33691
22.33691 22.33691 22.33691 22.33691 22.33691
22.33691 22.33691 22.33691 22.33691 22.33691
22.33691 22.33691 22.33691 22.33691 22.33691
22.33691 22.33691 22.33691 22.33691 22.33691
22.33691 22.33691 22.33691 22.33691 22.33691
22.33691 22.30849 22.19479 22.08109 21.96739
21.85369 21.74 21.6263 21.5126 21.3989
22.24407 22.24407 22.24407 22.24407 22.24407
22.24407 22.24407 22.24407 22.24407 22.24407
22.24407 22.24407 22.24407 22.24407 22.24407
22.24407 22.24407 22.24407 22.24407 22.24407
22.24407 22.24407 22.24407 22.24407 22.24407
22.24407 22.24407 22.24407 22.24407 22.24407
22.24407 22.24407 22.24407 22.24407 22.24407
22.24407 22.24407 22.24407 22.24407 22.24407
22.24407 22.24407 22.24407 22.24407 22.24407
22.24407 22.24407 22.24407 22.24407 22.24407
22.24407 22.24407 22.24407 22.24407 22.24407
22.24407 22.24407 22.24407 22.24407 22.24407
22.24407 22.24407 22.24407 22.24407 22.24407
22.24407 22.24407 22.24407 22.24407 22.24407
22.24407 22.24407 22.24407 22.24407 22.24407
22.24407 22.24407 22.24407 22.24407 22.24407
22.24407 22.24407 22.24407 22.24407 22.24407
22.24407 22.24407 22.24407 22.24407 22.24407
22.24407 22.21564 22.10195 21.98825 21.87455
21.76085 21.64715 21.53345 21.41976 21.30606
22.15122 22.15122 22.15122 22.15122 22.15122
22.15122 22.15122 22.15122 22.15122 22.15122
22.15122 22.15122 22.15122 22.15122 22.15122
22.15122 22.15122 22.15122 22.15122 22.15122
22.15122 22.15122 22.15122 22.15122 22.15122
22.15122 22.15122 22.15122 22.15122 22.15122
22.15122 22.15122 22.15122 22.15122 22.15122
22.15122 22.15122 22.15122 22.15122 22.15122
22.15122 22.15122 22.15122 22.15122 22.15122
22.15122 22.15122 22.15122 22.15122 22.15122
22.15122 22.15122 22.15122 22.15122 22.15122
22.15122 22.15122 22.15122 22.15122 22.15122
22.15122 22.15122 22.15122 22.15122 22.15122
22.15122 22.15122 22.15122 22.15122 22.15122
22.15122 22.15122 22.15122 22.15122 22.15122
22.15122 22.15122 22.15122 22.15122 22.15122
22.15122 22.15122 22.15122 22.15122 22.15122
22.15122 22.15122 22.15122 22.15122 22.15122
22.15122 22.1228 22.0091 21.8954 21.78171
21.66801 21.55431 21.44061 21.32691 21.21322
22.05838 22.05838 22.05838 22.05838 22.05838
22.05838 22.05838 22.05838 22.05838 22.05838
22.05838 22.05838 22.05838 22.05838 22.05838
22.05838 22.05838 22.05838 22.05838 22.05838
22.05838 22.05838 22.05838 22.05838 22.05838
22.05838 22.05838 22.05838 22.05838 22.05838
22.05838 22.05838 22.05838 22.05838 22.05838
22.05838 22.05838 22.05838 22.05838 22.05838
22.05838 22.05838 22.05838 22.05838 22.05838
22.05838 22.05838 22.05838 22.05838 22.05838
22.05838 22.05838 22.05838 22.05838 22.05838
22.05838 22.05838 22.05838 22.05838 22.05838
22.05838 22.05838 22.05838 22.05838 22.05838
22.05838 22.05838 22.05838 22.05838 22.05838
22.05838 22.05838 22.05838 22.05838 22.05838
22.05838 22.05838 22.05838 22.05838 22.05838
22.05838 22.05838 22.05838 22.05838 22.05838
22.05838 22.05838 22.05838 22.05838 22.05838
22.05838 22.02996 21.91626 21.80256 21.68886
21.57516 21.46147 21.34777 21.23407 21.12037
21.96554 21.96554 21.96554 21.96554 21.96554
21.96554 21.96554 21.96554 21.96554 21.96554
21.96554 21.96554 21.96554 21.96554 21.96554
21.96554 21.96554 21.96554 21.96554 21.96554
21.96554 21.96554 21.96554 21.96554 21.96554
21.96554 21.96554 21.96554 21.96554 21.96554
21.96554 21.96554 21.96554 21.96554 21.96554
21.96554 21.96554 21.96554 21.96554 21.96554
21.96554 21.96554 21.96554 21.96554 21.96554
21.96554 21.96554 21.96554 21.96554 21.96554
21.96554 21.96554 21.96554 21.96554 21.96554
21.96554 21.96554 21.96554 21.96554 21.96554
21.96554 21.96554 21.96554 21.96554 21.96554
21.96554 21.96554 21.96554 21.96554 21.96554
21.96554 21.96554 21.96554 21.96554 21.96554
21.96554 21.96554 21.96554 21.96554 21.96554
21.96554 21.96554 21.96554 21.96554 21.96554
21.96554 21.96554 21.96554 21.96554 21.96554
21.96554 21.93711 21.82342 21.70972 21.59602
21.48232 21.36862 21.25492 21.14123 21.02753
21.87269 21.87269 21.87269 21.87269 21.87269
21.87269 21.87269 21.87269 21.87269 21.87269
21.87269 21.87269 21.87269 21.87269 21.87269
21.87269 21.87269 21.87269 21.87269 21.87269
21.87269 21.87269 21.87269 21.87269 21.87269
21.87269 21.87269 21.87269 21.87269 21.87269
21.87269 21.87269 21.87269 21.87269 21.87269
21.87269 21.87269 21.87269 21.87269 21.87269
21.87269 21.87269 21.87269 21.87269 21.87269
21.87269 21.87269 21.87269 21.87269 21.87269
21.87269 21.87269 21.87269 21.87269 21.87269
21.87269 21.87269 21.87269 21.87269 21.87269
21.87269 21.87269 21.87269 21.87269 21.87269
21.87269 21.87269 21.87269 21.87269 21.87269
21.87269 21.87269 21.87269 21.87269 21.87269
21.87269 21.87269 21.87269 21.87269 21.87269
21.87269 21.87269 21.87269 21.87269 21.87269
21.87269 21.87269 21.87269 21.87269 21.87269
21.87269 21.84427 21.73057 21.61687 21.50318
21.38948 21.27578 21.16208 21.04838 20.93469
21.77985 21.77985 21.77985 21.77985 21.77985
21.77985 21.77985 21.77985 21.77985 21.77985
21.77985 21.77985 21.77985 21.77985 21.77985
21.77985 21.77985 21.77985 21.77985 21.77985
21.77985 21.77985 21.77985 21.77985 21.77985
21.77985 21.77985 21.77985 21.77985 21.77985
21.77985 21.77985 21.77985 21.77985 21.77985
21.77985 21.77985 21.77985 21.77985 21.77985
21.77985 21.77985 21.77985 21.77985 21.77985
21.77985 21.77985 21.77985 21.77985 21.77985
21.77985 21.77985 21.77985 21.77985 21.77985
21.77985 21.77985 21.77985 21.77985 21.77985
21.77985 21.77985 21.77985 21.77985 21.77985
21.77985 21.77985 21.77985 21.77985 21.77985
21.77985 21.77985 21.77985 21.77985 21.77985
21.77985 21.77985 21.77985 21.77985 21.77985
21.77985 21.77985 21.77985 21.77985 21.77985
21.77985 21.77985 21.77985 21.77985 21.77985
21.77985 21.75143 21.63773 21.52403 21.41033
21.29663 21.18294 21.06924 20.95554 20.84184
21.68701 21.68701 21.68701 21.68701 21.68701
21.68701 21.68701 21.68701 21.68701 21.68701
21.68701 21.68701 21.68701 21.68701 21.68701
21.68701 21.68701 21.68701 21.68701 21.68701
21.68701 21.68701 21.68701 21.68701 21.68701
21.68701 21.68701 21.68701 21.68701 21.68701
21.68701 21.68701 21.68701 21.68701 21.68701
21.68701 21.68701 21.68701 21.68701 21.68701
21.68701 21.68701 21.68701 21.68701 21.68701
21.68701 21.68701 21.68701 21.68701 21.68701
21.68701 21.68701 21.68701 21.68701 21.68701
21.68701 21.68701 21.68701 21.68701 21.68701
21.68701 21.68701 21.68701 21.68701 21.68701
21.68701 21.68701 21.68701 21.68701 21.68701
21.68701 21.68701 21.68701 21.68701 21.68701
21.68701 21.68701 21.68701 21.68701 21.68701
21.68701 21.68701 21.68701 21.68701 21.68701
21.68701 21.68701 21.68701 21.68701 21.68701
21.68701 21.65858 21.54488 21.43119 21.31749
21.20379 21.09009 20.97639 20.8627 20.749
21.59416 21.59416 21.59416 21.59416 21.59416
21.59416 21.59416 21.59416 21.59416 21.59416
21.59416 21.59416 21.59416 21.59416 21.59416
21.59416 21.59416 21.59416 21.59416 21.59416
21.59416 21.59416 21.59416 21.59416 21.59416
21.59416 21.59416 21.59416 21.59416 21.59416
21.59416 21.59416 21.59416 21.59416 21.59416
21.59416 21.59416 21.59416 21.59416 21.59416
21.59416 21.59416 21.59416 21.59416 21.59416
21.59416 21.59416 21.59416 21.59416 21.59416
21.59416 21.59416 21.59416 21.59416 21.59416
21.59416 21.59416 21.59416 21.59416 21.59416
21.59416 21.59416 21.59416 21.59416 21.59416
21.59416 21.59416 21.59416 21.59416 21.59416
21.59416 21.59416 21.59416 21.59416 21.59416
21.59416 21.59416 21.59416 21.59416 21.59416
21.59416 21.59416 21.59416 21.59416 21.59416
21.59416 21.59416 21.59416 21.59416 21.59416
21.59416 21.56574 21.45204 21.33834 21.22465
21.11095 20.99725 20.88355 20.76985 20.65616
21.50132 21.50132 21.50132 21.50132 21.50132
21.50132 21.50132 21.50132 21.50132 21.50132
21.50132 21.50132 21.50132 21.50132 21.50132
21.50132 21.50132 21.50132 21.50132 21.50132
21.50132 21.50132 21.50132 21.50132 21.50132
21.50132 21.50132 21.50132 21.50132 21.50132
21.50132 21.50132 21.50132 21.50132 21.50132
21.50132 21.50132 21.50132 21.50132 21.50132
21.50132 21.50132 21.50132 21.50132 21.50132
21.50132 21.50132 21.50132 21.50132 21.50132
21.50132 21.50132 21.50132 21.50132 21.50132
21.50132 21.50132 21.50132 21.50132 21.50132
21.50132 21.50132 21.50132 21.50132 21.50132
21.50132 21.50132 21.50132 21.50132 21.50132
21.50132 21.50132 21.50132 21.50132 21.50132
21.50132 21.50132 21.50132 21.50132 21.50132
21.50132 21.50132 21.50132 21.50132 21.50132
21.50132 21.50132 21.50132 21.50132 21.50132
21.50132 21.4729 21.3592 21.2455 21.1318
21.0181 20.90441 20.79071 20.67701 20.56331
21.40848 21.40848 21.40848 21.40848 21.40848
21.40848 21.40848 21.40848 21.40848 21.40848
21.40848 21.40848 21.40848 21.40848 21.40848
21.40848 21.40848 21.40848 21.40848 21.40848
21.40848 21.40848 21.40848 21.40848 21.40848
21.40848 21.40848 21.40848 21.40848 21.40848
21.40848 21.40848 21.40848 21.40848 21.40848
21.40848 21.40848 21.40848 21.40848 21.40848
21.40848 21.40848 21.40848 21.40848 21.40848
21.40848 21.40848 21.40848 21.40848 21.40848
21.40848 21.40848 21.40848 21.40848 21.40848
21.40848 21.40848 21.40848 21.40848 21.40848
21.40848 21.40848 21.40848 21.40848 21.40848
21.40848 21.40848 21.40848 21.40848 21.40848
21.40848 21.40848 21.40848 21.40848 21.40848
21.40848 21.40848 21.40848 21.40848 21.40848
21.40848 21.40848 21.40848 21.40848 21.40848
21.40848 21.40848 21.40848 21.40848 21.40848
21.40848 21.38005 21.26635 21.15266 21.03896
20.92526 20.81156 20.69786 20.58417 20.47047
21.31563 21.31563 21.31563 21.31563 21.31563
21.31563 21.31563 21.31563 21.31563 21.31563
21.31563 21.31563 21.31563 21.31563 21.31563
21.31563 21.31563 21.31563 21.31563 21.31563
21.31563 21.31563 21.31563 21.31563 21.31563
21.31563 21.31563 21.31563 21.31563 21.31563
21.31563 21.31563 21.31563 21.31563 21.31563
21.31563 21.31563 21.31563 21.31563 21.31563
21.31563 21.31563 21.31563 21.31563 21.31563
21.31563 21.31563 21.31563 21.31563 21.31563
21.31563 21.31563 21.31563 21.31563 21.31563
21.31563 21.31563 21.31563 21.31563 21.31563
21.31563 21.31563 21.31563 21.31563 21.31563
21.31563 21.31563 21.31563 21.31563 21.31563
21.31563 21.31563 21.31563 21.31563 21.31563
21.31563 21.31563 21.31563 21.31563 21.31563
21.31563 21.31563 21.31563 21.31563 21.31563
21.31563 21.31563 21.31563 21.31563 21.31563
21.31563 21.28721 21.17351 21.05981 20.94612
20.83242 20.71872 20.60502 20.49132 20.37762
21.29265 21.29265 21.29265 21.29265 21.29265
21.29265 21.29265 21.29265 21.29265 21.29265
21.29265 21.29265 21.29265 21.29265 21.29265
21.29265 21.29265 21.29265 21.29265 21.29265
21.29265 21.29265 21.29265 21.29265 21.29265
21.29265 21.29265 21.29265 21.29265 21.29265
21.29265 21.29265 21.29265 21.29265 21.29265
21.29265 21.29265 21.29265 21.29265 21.29265
21.29265 21.29265 21.29265 21.29265 21.29265
21.29265 21.29265 21.29265 21.29265 21.29265
21.29265 21.29265 21.29265 21.29265 21.29265
21.29265 21.29265 21.29265 21.29265 21.29265
21.29265 21.29265 21.29265 21.29265 21.29265
21.29265 21.29265 21.29265 21.29265 21.29265
21.29265 21.29265 21.29265 21.29265 21.29265
21.29265 21.29265 21.29265 21.29265 21.29265
21.29265 21.29265 21.29265 21.29265 21.29265
21.29265 21.29265 21.29265 21.29265 21.29265
21.29265 21.26423 21.15053 21.03683 20.92313
20.80944 20.69574 20.58204 20.46834 20.35464
21.30106 21.30106 21.30106 21.30106 21.30106
21.30106 21.30106 21.30106 21.30106 21.30106
21.30106 21.30106 21.30106 21.30106 21.30106
21.30106 21.30106 21.30106 21.30106 21.30106
21.30106 21.30106 21.30106 21.30106 21.30106
21.30106 21.30106 21.30106 21.30106 21.30106
21.30106 21.30106 21.30106 21.30106 21.30106
21.30106 21.30106 21.30106 21.30106 21.30106
21.30106 21.30106 21.30106 21.30106 21.30106
21.30106 21.30106 21.30106 21.30106 21.30106
21.30106 21.30106 21.30106 21.30106 21.30106
21.30106 21.30106 21.30106 21.30106 21.30106
21.30106 21.30106 21.30106 21.30106 21.30106
21.30106 21.30106 21.30106 21.30106 21.30106
21.30106 21.30106 21.30106 21.30106 21.30106
21.30106 21.30106 21.30106 21.30106 21.30106
21.30106 21.30106 21.30106 21.30106 21.30106
21.30106 21.30106 21.30106 21.30106 21.30106
21.30106 21.27264 21.15894 21.04524 20.93154
20.81784 20.70415 20.59045 20.47675 20.36305
21.30947 21.30947 21.30947 21.30947 21.30947
21.30947 21.30947 21.30947 21.30947 21.30947
21.30947 21.30947 21.30947 21.30947 21.30947
21.30947 21.30947 21.30947 21.30947 21.30947
21.30947 21.30947 21.30947 21.30947 21.30947
21.30947 21.30947 21.30947 21.30947 21.30947
21.30947 21.30947 21.30947 21.30947 21.30947
21.30947 21.30947 21.30947 21.30947 21.30947
21.30947 21.30947 21.30947 21.30947 21.30947
21.30947 21.30947 21.30947 21.30947 21.30947
21.30947 21.30947 21.30947 21.30947 21.30947
21.30947 21.30947 21.30947 21.30947 21.30947
21.30947 21.30947 21.30947 21.30947 21.30947
21.30947 21.30947 21.30947 21.30947 21.30947
21.30947 21.30947 21.30947 21.30947 21.30947
21.30947 21.30947 21.30947 21.30947 21.30947
21.30947 21.30947 21.30947 21.30947 21.30947
21.30947 21.30947 21.30947 21.30947 21.30947
21.30947 21.28104 21.16735 21.05365 20.93995
20.82625 20.71255 20.59886 20.48516 20.37146
21.31788 21.31788 21.31788 21.31788 21.31788
21.31788 21.31788 21.31788 21.31788 21.31788
21.31788 21.31788 21.31788 21.31788 21.31788
21.31788 21.31788 21.31788 21.31788 21.31788
21.31788 21.31788 21.31788 21.31788 21.31788
21.31788 21.31788 21.31788 21.31788 21.31788
21.31788 21.31788 21.31788 21.31788 21.31788
21.31788 21.31788 21.31788 21.31788 21.31788
21.31788 21.31788 21.31788 21.31788 21.31788
21.31788 21.31788 21.31788 21.31788 21.31788
21.31788 21.31788 21.31788 21.31788 21.31788
21.31788 21.31788 21.31788 21.31788 21.31788
21.31788 21.31788 21.31788 21.31788 21.31788
21.31788 21.31788 21.31788 21.31788 21.31788
21.31788 21.31788 21.31788 21.31788 21.31788
21.31788 21.31788 21.31788 21.31788 21.31788
21.31788 21.31788 21.31788 21.31788 21.31788
21.31788 21.31788 21.31788 21.31788 21.31788
21.31788 21.28945 21.17575 21.06206 20.94836
20.83466 20.72096 20.60726 20.49356 20.37987
21.32628 21.32628 21.32628 21.32628 21.32628
21.32628 21.32628 21.32628 21.32628 21.32628
21.32628 21.32628 21.32628 21.32628 21.32628
21.32628 21.32628 21.32628 21.32628 21.32628
21.32628 21.32628 21.32628 21.32628 21.32628
21.32628 21.32628 21.32628 21.32628 21.32628
21.32628 21.32628 21.32628 21.32628 21.32628
21.32628 21.32628 21.32628 21.32628 21.32628
21.32628 21.32628 21.32628 21.32628 21.32628
21.32628 21.32628 21.32628 21.32628 21.32628
21.32628 21.32628 21.32628 21.32628 21.32628
21.32628 21.32628 21.32628 21.32628 21.32628
21.32628 21.32628 21.32628 21.32628 21.32628
21.32628 21.32628 21.32628 21.32628 21.32628
21.32628 21.32628 21.32628 21.32628 21.32628
21.32628 21.32628 21.32628 21.32628 21.32628
21.32628 21.32628 21.32628 21.32628 21.32628
21.32628 21.32628 21.32628 21.32628 21.32628
21.32628 21.29786 21.18416 21.07046 20.95676
20.84307 20.72937 20.61567 20.50197 20.38827
21.33469 21.33469 21.33469 21.33469 21.33469
21.33469 21.33469 21.33469 21.33469 21.33469
21.33469 21.33469 21.33469 21.33469 21.33469
21.33469 21.33469 21.33469 21.33469 21.33469
21.33469 21.33469 21.33469 21.33469 21.33469
21.33469 21.33469 21.33469 21.33469 21.33469
21.33469 21.33469 21.33469 21.33469 21.33469
21.33469 21.33469 21.33469 21.33469 21.33469
21.33469 21.33469 21.33469 21.33469 21.33469
21.33469 21.33469 21.33469 21.33469 21.33469
21.33469 21.33469 21.33469 21.33469 21.33469
21.33469 21.33469 21.33469 21.33469 21.33469
21.33469 21.33469 21.33469 21.33469 21.33469
21.33469 21.33469 21.33469 21.33469 21.33469
21.33469 21.33469 21.33469 21.33469 21.33469
21.33469 21.33469 21.33469 21.33469 21.33469
21.33469 21.33469 21.33469 21.33469 21.33469
21.33469 21.33469 21.33469 21.33469 21.33469
21.33469 21.30627 21.19257 21.07887 20.96517
20.85147 20.73778 20.62408 20.51038 20.39668
21.3431 21.3431 21.3431 21.3431 21.3431
21.3431 21.3431 21.3431 21.3431 21.3431
21.3431 21.3431 21.3431 21.3431 21.3431
21.3431 21.3431 21.3431 21.3431 21.3431
21.3431 21.3431 21.3431 21.3431 21.3431
21.3431 21.3431 21.3431 21.3431 21.3431
21.3431 21.3431 21.3431 21.3431 21.3431
21.3431 21.3431 21.3431 21.3431 21.3431
21.3431 21.3431 21.3431 21.3431 21.3431
21.3431 21.3431 21.3431 21.3431 21.3431
21.3431 21.3431 21.3431 21.3431 21.3431
21.3431 21.3431 21.3431 21.3431 21.3431
21.3431 21.3431 21.3431 21.3431 21.3431
21.3431 21.3431 21.3431 21.3431 21.3431
21.3431 21.3431 21.3431 21.3431 21.3431
21.3431 21.3431 21.3431 21.3431 21.3431
21.3431 21.3431 21.3431 21.3431 21.3431
21.3431 21.3431 21.3431 21.3431 21.3431
21.3431 21.31467 21.20098 21.08728 20.97358
20.85988 20.74618 20.63248 20.51879 20.40509
21.35151 21.35151 21.35151 21.35151 21.35151
21.35151 21.35151 21.35151 21.35151 21.35151
21.35151 21.35151 21.35151 21.35151 21.35151
21.35151 21.35151 21.35151 21.35151 21.35151
21.35151 21.35151 21.35151 21.35151 21.35151
21.35151 21.35151 21.35151 21.35151 21.35151
21.35151 21.35151 21.35151 21.35151 21.35151
21.35151 21.35151 21.35151 21.35151 21.35151
21.35151 21.35151 21.35151 21.35151 21.35151
21.35151 21.35151 21.35151 21.35151 21.35151
21.35151 21.35151 21.35151 21.35151 21.35151
21.35151 21.35151 21.35151 21.35151 21.35151
21.35151 21.35151 21.35151 21.35151 21.35151
21.35151 21.35151 21.35151 21.35151 21.35151
21.35151 21.35151 21.35151 21.35151 21.35151
21.35151 21.35151 21.35151 21.35151 21.35151
21.35151 21.35151 21.35151 21.35151 21.35151
21.35151 21.35151 21.35151 21.35151 21.35151
21.35151 21.32308 21.20938 21.09568 20.98199
20.86829 20.75459 20.64089 20.52719 20.4135
21.35991 21.35991 21.35991 21.35991 21.35991
21.35991 21.35991 21.35991 21.35991 21.35991
21.35991 21.35991 21.35991 21.35991 21.35991
21.35991 21.35991 21.35991 21.35991 21.35991
21.35991 21.35991 21.35991 21.35991 21.35991
21.35991 21.35991 21.35991 21.35991 21.35991
21.35991 21.35991 21.35991 21.35991 21.35991
21.35991 21.35991 21.35991 21.35991 21.35991
21.35991 21.35991 21.35991 21.35991 21.35991
21.35991 21.35991 21.35991 21.35991 21.35991
21.35991 21.35991 21.35991 21.35991 21.35991
21.35991 21.35991 21.35991 21.35991 21.35991
21.35991 21.35991 21.35991 21.35991 21.35991
21.35991 21.35991 21.35991 21.35991 21.35991
21.35991 21.35991 21.35991 21.35991 21.35991
21.35991 21.35991 21.35991 21.35991 21.35991
21.35991 21.35991 21.35991 21.35991 21.35991
21.35991 21.35991 21.35991 21.35991 21.35991
21.35991 21.33149 21.21779 21.10409 20.99039
20.8767 20.763 20.6493 20.5356 20.4219
21.36832 21.36832 21.36832 21.36832 21.36832
21.36832 21.36832 21.36832 21.36832 21.36832
21.36832 21.36832 21.36832 21.36832 21.36832
21.36832 21.36832 21.36832 21.36832 21.36832
21.36832 21.36832 21.36832 21.36832 21.36832
21.36832 21.36832 21.36832 21.36832 21.36832
21.36832 21.36832 21.36832 21.36832 21.36832
21.36832 21.36832 21.36832 21.36832 21.36832
21.36832 21.36832 21.36832 21.36832 21.36832
21.36832 21.36832 21.36832 21.36832 21.36832
21.36832 21.36832 21.36832 21.36832 21.36832
21.36832 21.36832 21.36832 21.36832 21.36832
21.36832 21.36832 21.36832 21.36832 21.36832
21.36832 21.36832 21.36832 21.36832 21.36832
21.36832 21.36832 21.36832 21.36832 21.36832
21.36832 21.36832 21.36832 21.36832 21.36832
21.36832 21.36832 21.36832 21.36832 21.36832
21.36832 21.36832 21.36832 21.36832 21.36832
21.36832 21.3399 21.2262 21.1125 20.9988
20.8851 20.7714 20.65771 20.54401 20.43031
21.37673 21.37673 21.37673 21.37673 21.37673
21.37673 21.37673 21.37673 21.37673 21.37673
21.37673 21.37673 21.37673 21.37673 21.37673
21.37673 21.37673 21.37673 21.37673 21.37673
21.37673 21.37673 21.37673 21.37673 21.37673
21.37673 21.37673 21.37673 21.37673 21.37673
21.37673 21.37673 21.37673 21.37673 21.37673
21.37673 21.37673 21.37673 21.37673 21.37673
21.37673 21.37673 21.37673 21.37673 21.37673
21.37673 21.37673 21.37673 21.37673 21.37673
21.37673 21.37673 21.37673 21.37673 21.37673
21.37673 21.37673 21.37673 21.37673 21.37673
21.37673 21.37673 21.37673 21.37673 21.37673
21.37673 21.37673 21.37673 21.37673 21.37673
21.37673 21.37673 21.37673 21.37673 21.37673
21.37673 21.37673 21.37673 21.37673 21.37673
21.37673 21.37673 21.37673 21.37673 21.37673
21.37673 21.37673 21.37673 21.37673 21.37673
21.37673 21.3483 21.2346 21.12091 21.00721
20.89351 20.77981 20.66611 20.55242 20.43872
21.38513 21.38513 21.38513 21.38513 21.38513
21.38513 21.38513 21.38513 21.38513 21.38513
21.38513 21.38513 21.38513 21.38513 21.38513
21.38513 21.38513 21.38513 21.38513 21.38513
21.38513 21.38513 21.38513 21.38513 21.38513
21.38513 21.38513 21.38513 21.38513 21.38513
21.38513 21.38513 21.38513 21.38513 21.38513
21.38513 21.38513 21.38513 21.38513 21.38513
21.38513 21.38513 21.38513 21.38513 21.38513
21.38513 21.38513 21.38513 21.38513 21.38513
21.38513 21.38513 21.38513 21.38513 21.38513
21.38513 21.38513 21.38513 21.38513 21.38513
21.38513 21.38513 21.38513 21.38513 21.38513
21.38513 21.38513 21.38513 21.38513 21.38513
21.38513 21.38513 21.38513 21.38513 21.38513
21.38513 21.38513 21.38513 21.38513 21.38513
21.38513 21.38513 21.38513 21.38513 21.38513
21.38513 21.38513 21.38513 21.38513 21.38513
21.38513 21.35671 21.24301 21.12931 21.01562
20.90192 20.78822 20.67452 20.56082 20.44713
21.39354 21.39354 21.39354 21.39354 21.39354
21.39354 21.39354 21.39354 21.39354 21.39354
21.39354 21.39354 21.39354 21.39354 21.39354
21.39354 21.39354 21.39354 21.39354 21.39354
21.39354 21.39354 21.39354 21.39354 21.39354
21.39354 21.39354 21.39354 21.39354 21.39354
21.39354 21.39354 21.39354 21.39354 21.39354
21.39354 21.39354 21.39354 21.39354 21.39354
21.39354 21.39354 21.39354 21.39354 21.39354
21.39354 21.39354 21.39354 21.39354 21.39354
21.39354 21.39354 21.39354 21.39354 21.39354
21.39354 21.39354 21.39354 21.39354 21.39354
21.39354 21.39354 21.39354 21.39354 21.39354
21.39354 21.39354 21.39354 21.39354 21.39354
21.39354 21.39354 21.39354 21.39354 21.39354
21.39354 21.39354 21.39354 21.39354 21.39354
21.39354 21.39354 21.39354 21.39354 21.39354
21.39354 21.39354 21.39354 21.39354 21.39354
21.39354 21.36512 21.25142 21.13772 21.02402
20.91033 20.79663 20.68293 20.56923 20.45553
21.40195 21.40195 21.40195 21.40195 21.40195
21.40195 21.40195 21.40195 21.40195 21.40195
21.40195 21.40195 21.40195 21.40195 21.40195
21.40195 21.40195 21.40195 21.40195 21.40195
21.40195 21.40195 21.40195 21.40195 21.40195
21.40195 21.40195 21.40195 21.40195 21.40195
21.40195 21.40195 21.40195 21.40195 21.40195
21.40195 21.40195 21.40195 21.40195 21.40195
21.40195 21.40195 21.40195 21.40195 21.40195
21.40195 21.40195 21.40195 21.40195 21.40195
21.40195 21.40195 21.40195 21.40195 21.40195
21.40195 21.40195 21.40195 21.40195 21.40195
21.40195 21.40195 21.40195 21.40195 21.40195
21.40195 21.40195 21.40195 21.40195 21.40195
21.40195 21.40195 21.40195 21.40195 21.40195
21.40195 21.40195 21.40195 21.40195 21.40195
21.40195 21.40195 21.40195 21.40195 21.40195
21.40195 21.40195 21.40195 21.40195 21.40195
21.40195 21.37352 21.25983 21.14613 21.03243
20.91873 20.80503 20.69134 20.57764 20.46394
21.41036 21.41036 21.41036 21.41036 21.41036
21.41036 21.41036 21.41036 21.41036 21.41036
21.41036 21.41036 21.41036 21.41036 21.41036
21.41036 21.41036 21.41036 21.41036 21.41036
21.41036 21.41036 21.41036 21.41036 21.41036
21.41036 21.41036 21.41036 21.41036 21.41036
21.41036 21.41036 21.41036 21.41036 21.41036
21.41036 21.41036 21.41036 21.41036 21.41036
21.41036 21.41036 21.41036 21.41036 21.41036
21.41036 21.41036 21.41036 21.41036 21.41036
21.41036 21.41036 21.41036 21.41036 21.41036
21.41036 21.41036 21.41036 21.41036 21.41036
21.41036 21.41036 21.41036 21.41036 21.41036
21.41036 21.41036 21.41036 21.41036 21.41036
21.41036 21.41036 21.41036 21.41036 21.41036
21.41036 21.41036 21.41036 21.41036 21.41036
21.41036 21.41036 21.41036 21.41036 21.41036
21.41036 21.41036 21.41036 21.41036 21.41036
21.41036 21.38193 21.26823 21.15454 21.04084
20.92714 20.81344 20.69974 20.58605 20.47235
21.41876 21.41876 21.41876 21.41876 21.41876
21.41876 21.41876 21.41876 21.41876 21.41876
21.41876 21.41876 21.41876 21.41876 21.41876
21.41876 21.41876 21.41876 21.41876 21.41876
21.41876 21.41876 21.41876 21.41876 21.41876
21.41876 21.41876 21.41876 21.41876 21.41876
21.41876 21.41876 21.41876 21.41876 21.41876
21.41876 21.41876 21.41876 21.41876 21.41876
21.41876 21.41876 21.41876 21.41876 21.41876
21.41876 21.41876 21.41876 21.41876 21.41876
21.41876 21.41876 21.41876 21.41876 21.41876
21.41876 21.41876 21.41876 21.41876 21.41876
21.41876 21.41876 21.41876 21.41876 21.41876
21.41876 21.41876 21.41876 21.41876 21.41876
21.41876 21.41876 21.41876 21.41876 21.41876
21.41876 21.41876 21.41876 21.41876 21.41876
21.41876 21.41876 21.41876 21.41876 21.41876
21.41876 21.41876 21.41876 21.41876 21.41876
21.41876 21.39034 21.27664 21.16294 21.04925
20.93555 20.82185 20.70815 20.59445 20.48075
21.42717 21.42717 21.42717 21.42717 21.42717
21.42717 21.42717 21.42717 21.42717 21.42717
21.42717 21.42717 21.42717 21.42717 21.42717
21.42717 21.42717 21.42717 21.42717 21.42717
21.42717 21.42717 21.42717 21.42717 21.42717
21.42717 21.42717 21.42717 21.42717 21.42717
21.42717 21.42717 21.42717 21.42717 21.42717
21.42717 21.42717 21.42717 21.42717 21.42717
21.42717 21.42717 21.42717 21.42717 21.42717
21.42717 21.42717 21.42717 21.42717 21.42717
21.42717 21.42717 21.42717 21.42717 21.42717
21.42717 21.42717 21.42717 21.42717 21.42717
21.42717 21.42717 21.42717 21.42717 21.42717
21.42717 21.42717 21.42717 21.42717 21.42717
21.42717 21.42717 21.42717 21.42717 21.42717
21.42717 21.42717 21.42717 21.42717 21.42717
21.42717 21.42717 21.42717 21.42717 21.42717
21.42717 21.42717 21.42717 21.42717 21.42717
21.42717 21.39875 21.28505 21.17135 21.05765
20.94395 20.83026 20.71656 20.60286 20.48916
21.43558 21.43558 21.43558 21.43558 21.43558
21.43558 21.43558 21.43558 21.43558 21.43558
21.43558 21.43558 21.43558 21.43558 21.43558
21.43558 21.43558 21.43558 21.43558 21.43558
21.43558 21.43558 21.43558 21.43558 21.43558
21.43558 21.43558 21.43558 21.43558 21.43558
21.43558 21.43558 21.43558 21.43558 21.43558
21.43558 21.43558 21.43558 21.43558 21.43558
21.43558 21.43558 21.43558 21.43558 21.43558
21.43558 21.43558 21.43558 21.43558 21.43558
21.43558 21.43558 21.43558 21.43558 21.43558
21.43558 21.43558 21.43558 21.43558 21.43558
21.43558 21.43558 21.43558 21.43558 21.43558
21.43558 21.43558 21.43558 21.43558 21.43558
21.43558 21.43558 21.43558 21.43558 21.43558
21.43558 21.43558 21.43558 21.43558 21.43558
21.43558 21.43558 21.43558 21.43558 21.43558
21.43558 21.43558 21.43558 21.43558 21.43558
21.43558 21.40715 21.29346 21.17976 21.06606
20.95236 20.83866 20.72497 20.61127 20.49757
21.44399 21.44399 21.44399 21.44399 21.44399
21.44399 21.44399 21.44399 21.44399 21.44399
21.44399 21.44399 21.44399 21.44399 21.44399
21.44399 21.44399 21.44399 21.44399 21.44399
21.44399 21.44399 21.44399 21.44399 21.44399
21.44399 21.44399 21.44399 21.44399 21.44399
21.44399 21.44399 21.44399 21.44399 21.44399
21.44399 21.44399 21.44399 21.44399 21.44399
21.44399 21.44399 21.44399 21.44399 21.44399
21.44399 21.44399 21.44399 21.44399 21.44399
21.44399 21.44399 21.44399 21.44399 21.44399
21.44399 21.44399 21.44399 21.44399 21.44399
21.44399 21.44399 21.44399 21.44399 21.44399
21.44399 21.44399 21.44399 21.44399 21.44399
21.44399 21.44399 21.44399 21.44399 21.44399
21.44399 21.44399 21.44399 21.44399 21.44399
21.44399 21.44399 21.44399 21.44399 21.44399
21.44399 21.44399 21.44399 21.44399 21.44399
21.44399 21.41556 21.30186 21.18817 21.07447
20.96077 20.84707 20.73337 20.61968 20.50598
21.45239 21.45239 21.45239 21.45239 21.45239
21.45239 21.45239 21.45239 21.45239 21.45239
21.45239 21.45239 21.45239 21.45239 21.45239
21.45239 21.45239 21.45239 21.45239 21.45239
21.45239 21.45239 21.45239 21.45239 21.45239
21.45239 21.45239 21.45239 21.45239 21.45239
21.45239 21.45239 21.45239 21.45239 21.45239
21.45239 21.45239 21.45239 21.45239 21.45239
21.45239 21.45239 21.45239 21.45239 21.45239
21.45239 21.45239 21.45239 21.45239 21.45239
21.45239 21.45239 21.45239 21.45239 21.45239
21.45239 21.45239 21.45239 21.45239 21.45239
21.45239 21.45239 21.45239 21.45239 21.45239
21.45239 21.45239 21.45239 21.45239 21.45239
21.45239 21.45239 21.45239 21.45239 21.45239
21.45239 21.45239 21.45239 21.45239 21.45239
21.45239 21.45239 21.45239 21.45239 21.45239
21.45239 21.45239 21.45239 21.45239 21.45239
21.45239 21.42397 21.31027 21.19657 21.08287
20.96918 20.85548 20.74178 20.62808 20.51438
21.4608 21.4608 21.4608 21.4608 21.4608
21.4608 21.4608 21.4608 21.4608 21.4608
21.4608 21.4608 21.4608 21.4608 21.4608
21.4608 21.4608 21.4608 21.4608 21.4608
21.4608 21.4608 21.4608 21.4608 21.4608
21.4608 21.4608 21.4608 21.4608 21.4608
21.4608 21.4608 21.4608 21.4608 21.4608
21.4608 21.4608 21.4608 21.4608 21.4608
21.4608 21.4608 21.4608 21.4608 21.4608
21.4608 21.4608 21.4608 21.4608 21.4608
21.4608 21.4608 21.4608 21.4608 21.4608
21.4608 21.4608 21.4608 21.4608 21.4608
21.4608 21.4608 21.4608 21.4608 21.4608
21.4608 21.4608 21.4608 21.4608 21.4608
21.4608 21.4608 21.4608 21.4608 21.4608
21.4608 21.4608 21.4608 21.4608 21.4608
21.4608 21.4608 21.4608 21.4608 21.4608
21.4608 21.4608 21.4608 21.4608 21.4608
21.4608 21.43238 21.31868 21.20498 21.09128
20.97758 20.86389 20.75019 20.63649 20.52279
21.46921 21.46921 21.46921 21.46921 21.46921
21.46921 21.46921 21.46921 21.46921 21.46921
21.46921 21.46921 21.46921 21.46921 21.46921
21.46921 21.46921 21.46921 21.46921 21.46921
21.46921 21.46921 21.46921 21.46921 21.46921
21.46921 21.46921 21.46921 21.46921 21.46921
21.46921 21.46921 21.46921 21.46921 21.46921
21.46921 21.46921 21.46921 21.46921 21.46921
21.46921 21.46921 21.46921 21.46921 21.46921
21.46921 21.46921 21.46921 21.46921 21.46921
21.46921 21.46921 21.46921 21.46921 21.46921
21.46921 21.46921 21.46921 21.46921 21.46921
21.46921 21.46921 21.46921 21.46921 21.46921
21.46921 21.46921 21.46921 21.46921 21.46921
21.46921 21.46921 21.46921 21.46921 21.46921
21.46921 21.46921 21.46921 21.46921 21.46921
21.46921 21.46921 21.46921 21.46921 21.46921
21.46921 21.46921 21.46921 21.46921 21.46921
21.46921 21.44078 21.32709 21.21339 21.09969
20.98599 20.87229 20.7586 20.6449 20.5312
21.47762 21.47762 21.47762 21.47762 21.47762
21.47762 21.47762 21.47762 21.47762 21.47762
21.47762 21.47762 21.47762 21.47762 21.47762
21.47762 21.47762 21.47762 21.47762 21.47762
21.47762 21.47762 21.47762 21.47762 21.47762
21.47762 21.47762 21.47762 21.47762 21.47762
21.47762 21.47762 21.47762 21.47762 21.47762
21.47762 21.47762 21.47762 21.47762 21.47762
21.47762 21.47762 21.47762 21.47762 21.47762
21.47762 21.47762 21.47762 21.47762 21.47762
21.47762 21.47762 21.47762 21.47762 21.47762
21.47762 21.47762 21.47762 21.47762 21.47762
21.47762 21.47762 21.47762 21.47762 21.47762
21.47762 21.47762 21.47762 21.47762 21.47762
21.47762 21.47762 21.47762 21.47762 21.47762
21.47762 21.47762 21.47762 21.47762 21.47762
21.47762 21.47762 21.47762 21.47762 21.47762
21.47762 21.47762 21.47762 21.47762 21.47762
21.47762 21.44919 21.33549 21.22179 21.1081
20.9944 20.8807 20.767 20.6533 20.53961
21.48602 21.48602 21.48602 21.48602 21.48602
21.48602 21.48602 21.48602 21.48602 21.48602
21.48602 21.48602 21.48602 21.48602 21.48602
21.48602 21.48602 21.48602 21.48602 21.48602
21.48602 21.48602 21.48602 21.48602 21.48602
21.48602 21.48602 21.48602 21.48602 21.48602
21.48602 21.48602 21.48602 21.48602 21.48602
21.48602 21.48602 21.48602 21.48602 21.48602
21.48602 21.48602 21.48602 21.48602 21.48602
21.48602 21.48602 21.48602 21.48602 21.48602
21.48602 21.48602 21.48602 21.48602 21.48602
21.48602 21.48602 21.48602 21.48602 21.48602
21.48602 21.48602 21.48602 21.48602 21.48602
21.48602 21.48602 21.48602 21.48602 21.48602
21.48602 21.48602 21.48602 21.48602 21.48602
21.48602 21.48602 21.48602 21.48602 21.48602
21.48602 21.48602 21.48602 21.48602 21.48602
21.48602 21.48602 21.48602 21.48602 21.48602
21.48602 21.4576 21.3439 21.2302 21.1165
21.00281 20.88911 20.77541 20.66171 20.54801
21.49443 21.49443 21.49443 21.49443 21.49443
21.49443 21.49443 21.49443 21.49443 21.49443
21.49443 21.49443 21.49443 21.49443 21.49443
21.49443 21.49443 21.49443 21.49443 21.49443
21.49443 21.49443 21.49443 21.49443 21.49443
21.49443 21.49443 21.49443 21.49443 21.49443
21.49443 21.49443 21.49443 21.49443 21.49443
21.49443 21.49443 21.49443 21.49443 21.49443
21.49443 21.49443 21.49443 21.49443 21.49443
21.49443 21.49443 21.49443 21.49443 21.49443
21.49443 21.49443 21.49443 21.49443 21.49443
21.49443 21.49443 21.49443 21.49443 21.49443
21.49443 21.49443 21.49443 21.49443 21.49443
21.49443 21.49443 21.49443 21.49443 21.49443
21.49443 21.49443 21.49443 21.49443 21.49443
21.49443 21.49443 21.49443 21.49443 21.49443
21.49443 21.49443 21.49443 21.49443 21.49443
21.49443 21.49443 21.49443 21.49443 21.49443
21.49443 21.46601 21.35231 21.23861 21.12491
21.01121 20.89752 20.78382 20.67012 20.55642
21.50284 21.50284 21.50284 21.50284 21.50284
21.50284 21.50284 21.50284 21.50284 21.50284
21.50284 21.50284 21.50284 21.50284 21.50284
21.50284 21.50284 21.50284 21.50284 21.50284
21.50284 21.50284 21.50284 21.50284 21.50284
21.50284 21.50284 21.50284 21.50284 21.50284
21.50284 21.50284 21.50284 21.50284 21.50284
21.50284 21.50284 21.50284 21.50284 21.50284
21.50284 21.50284 21.50284 21.50284 21.50284
21.50284 21.50284 21.50284 21.50284 21.50284
21.50284 21.50284 21.50284 21.50284 21.50284
21.50284 21.50284 21.50284 21.50284 21.50284
21.50284 21.50284 21.50284 21.50284 21.50284
21.50284 21.50284 21.50284 21.50284 21.50284
21.50284 21.50284 21.50284 21.50284 21.50284
21.50284 21.50284 21.50284 21.50284 21.50284
21.50284 21.50284 21.50284 21.50284 21.50284
21.50284 21.50284 21.50284 21.50284 21.50284
21.50284 21.47441 21.36072 21.24702 21.13332
21.01962 20.90592 20.79222 20.67853 20.56483
21.51124 21.51124 21.51124 21.51124 21.51124
21.51124 21.51124 21.51124 21.51124 21.51124
21.51124 21.51124 21.51124 21.51124 21.51124
21.51124 21.51124 21.51124 21.51124 21.51124
21.51124 21.51124 21.51124 21.51124 21.51124
21.51124 21.51124 21.51124 21.51124 21.51124
21.51124 21.51124 21.51124 21.51124 21.51124
21.51124 21.51124 21.51124 21.51124 21.51124
21.51124 21.51124 21.51124 21.51124 21.51124
21.51124 21.51124 21.51124 21.51124 21.51124
21.51124 21.51124 21.51124 21.51124 21.51124
21.51124 21.51124 21.51124 21.51124 21.51124
21.51124 21.51124 21.51124 21.51124 21.51124
21.51124 21.51124 21.51124 21.51124 21.51124
21.51124 21.51124 21.51124 21.51124 21.51124
21.51124 21.51124 21.51124 21.51124 21.51124
21.51124 21.51124 21.51124 21.51124 21.51124
21.51124 21.51124 21.51124 21.51124 21.51124
21.51124 21.48282 21.36912 21.25542 21.14173
21.02803 20.91433 20.80063 20.68693 20.57324
21.51965 21.51965 21.51965 21.51965 21.51965
21.51965 21.51965 21.51965 21.51965 21.51965
21.51965 21.51965 21.51965 21.51965 21.51965
21.51965 21.51965 21.51965 21.51965 21.51965
21.51965 21.51965 21.51965 21.51965 21.51965
21.51965 21.51965 21.51965 21.51965 21.51965
21.51965 21.51965 21.51965 21.51965 21.51965
21.51965 21.51965 21.51965 21.51965 21.51965
21.51965 21.51965 21.51965 21.51965 21.51965
21.51965 21.51965 21.51965 21.51965 21.51965
21.51965 21.51965 21.51965 21.51965 21.51965
21.51965 21.51965 21.51965 21.51965 21.51965
21.51965 21.51965 21.51965 21.51965 21.51965
21.51965 21.51965 21.51965 21.51965 21.51965
21.51965 21.51965 21.51965 21.51965 21.51965
21.51965 21.51965 21.51965 21.51965 21.51965
21.51965 21.51965 21.51965 21.51965 21.51965
21.51965 21.51965 21.51965 21.51965 21.51965
21.51965 21.49123 21.37753 21.26383 21.15013
21.03644 20.92274 20.80904 20.69534 20.58164
21.52806 21.52806 21.52806 21.52806 21.52806
21.52806 21.52806 21.52806 21.52806 21.52806
21.52806 21.52806 21.52806 21.52806 21.52806
21.52806 21.52806 21.52806 21.52806 21.52806
21.52806 21.52806 21.52806 21.52806 21.52806
21.52806 21.52806 21.52806 21.52806 21.52806
21.52806 21.52806 21.52806 21.52806 21.52806
21.52806 21.52806 21.52806 21.52806 21.52806
21.52806 21.52806 21.52806 21.52806 21.52806
21.52806 21.52806 21.52806 21.52806 21.52806
21.52806 21.52806 21.52806 21.52806 21.52806
21.52806 21.52806 21.52806 21.52806 21.52806
21.52806 21.52806 21.52806 21.52806 21.52806
21.52806 21.52806 21.52806 21.52806 21.52806
21.52806 21.52806 21.52806 21.52806 21.52806
21.52806 21.52806 21.52806 21.52806 21.52806
21.52806 21.52806 21.52806 21.52806 21.52806
21.52806 21.52806 21.52806 21.52806 21.52806
21.52806 21.49964 21.38594 21.27224 21.15854
21.04484 20.93114 20.81745 20.70375 20.59005
21.53647 21.53647 21.53647 21.53647 21.53647
21.53647 21.53647 21.53647 21.53647 21.53647
21.53647 21.53647 21.53647 21.53647 21.53647
21.53647 21.53647 21.53647 21.53647 21.53647
21.53647 21.53647 21.53647 21.53647 21.53647
21.53647 21.53647 21.53647 21.53647 21.53647
21.53647 21.53647 21.53647 21.53647 21.53647
21.53647 21.53647 21.53647 21.53647 21.53647
21.53647 21.53647 21.53647 21.53647 21.53647
21.53647 21.53647 21.53647 21.53647 21.53647
21.53647 21.53647 21.53647 21.53647 21.53647
21.53647 21.53647 21.53647 21.53647 21.53647
21.53647 21.53647 21.53647 21.53647 21.53647
21.53647 21.53647 21.53647 21.53647 21.53647
21.53647 21.53647 21.53647 21.53647 21.53647
21.53647 21.53647 21.53647 21.53647 21.53647
21.53647 21.53647 21.53647 21.53647 21.53647
21.53647 21.53647 21.53647 21.53647 21.53647
21.53647 21.50804 21.39434 21.28065 21.16695
21.05325 20.93955 20.82585 20.71216 20.59846
21.54487 21.54487 21.54487 21.54487 21.54487
21.54487 21.54487 21.54487 21.54487 21.54487
21.54487 21.54487 21.54487 21.54487 21.54487
21.54487 21.54487 21.54487 21.54487 21.54487
21.54487 21.54487 21.54487 21.54487 21.54487
21.54487 21.54487 21.54487 21.54487 21.54487
21.54487 21.54487 21.54487 21.54487 21.54487
21.54487 21.54487 21.54487 21.54487 21.54487
21.54487 21.54487 21.54487 21.54487 21.54487
21.54487 21.54487 21.54487 21.54487 21.54487
21.54487 21.54487 21.54487 21.54487 21.54487
21.54487 21.54487 21.54487 21.54487 21.54487
21.54487 21.54487 21.54487 21.54487 21.54487
21.54487 21.54487 21.54487 21.54487 21.54487
21.54487 21.54487 21.54487 21.54487 21.54487
21.54487 21.54487 21.54487 21.54487 21.54487
21.54487 21.54487 21.54487 21.54487 21.54487
21.54487 21.54487 21.54487 21.54487 21.54487
21.54487 21.51645 21.40275 21.28905 21.17536
21.06166 20.94796 20.83426 20.72056 20.60687
